TABLE NO.  1
 ID          TIME        AMT         DV          MDV         LEFT        CMT         SITE        DRUG        DAY         WEEK        BLQ         TYPE        DOSE        GROUP       ROWC        ROWD        ROWNN       NID         IDD         IPRED       CWRES       IWRES       DV          PRED        RES         WRES
  5.1010E+04  0.0000E+00  6.0000E-01  0.0000E+00  1.0000E+00  0.0000E+00  1.0000E+00  2.0000E+00  2.0000E+00  1.0000E+00  0.0000E+00  5.0000E+00  0.0000E+00  6.0000E-01  1.0000E+01  0.0000E+00  0.0000E+00  0.0000E+00  5.1010E+03  1.0000E+00  4.0000E+05  0.0000E+00 -6.0410E-01  0.0000E+00  4.0000E+05  0.0000E+00  0.0000E+00
  5.1010E+04  3.3600E+02  0.0000E+00  2.7843E+03  0.0000E+00  0.0000E+00  2.0000E+00  1.0000E+00  2.0000E+00  1.5000E+01  2.0000E+00  5.0000E+00  1.0000E+00  6.0000E-01  1.0000E+01  1.2880E+03  0.0000E+00  2.3390E+03  5.1010E+03  1.0000E+00  2.8452E+03 -4.7545E-02 -1.7987E-02  2.7843E+03  2.8452E+03 -6.0815E+01 -4.7545E-02
  5.1010E+04  3.3600E+02  0.0000E+00  8.9013E+04  0.0000E+00  0.0000E+00  1.0000E+00  2.0000E+00  2.0000E+00  1.5000E+01  2.0000E+00  5.0000E+00  1.0000E+00  6.0000E-01  1.0000E+01  1.2890E+03  0.0000E+00  2.3400E+03  5.1010E+03  1.0000E+00  5.4501E+04  1.1731E+00  3.8255E-01  8.9013E+04  5.4501E+04  3.4513E+04  1.1731E+00
  5.1010E+04  3.3600E+02  0.0000E+00  1.0290E+04  0.0000E+00  0.0000E+00  3.0000E+00  4.0000E+00  2.0000E+00  1.5000E+01  2.0000E+00  5.0000E+00  1.0000E+00  6.0000E-01  1.0000E+01  1.2910E+03  0.0000E+00  2.3420E+03  5.1010E+03  1.0000E+00  1.6204E+04 -8.4228E-01 -1.0265E+00  1.0290E+04  1.6204E+04 -5.9135E+03 -8.4228E-01
  5.1010E+04  3.3600E+02  0.0000E+00  1.2943E+03  0.0000E+00  0.0000E+00  5.0000E+00  6.0000E+00  2.0000E+00  1.5000E+01  2.0000E+00  5.0000E+00  1.0000E+00  6.0000E-01  1.0000E+01  1.2930E+03  0.0000E+00  2.3440E+03  5.1010E+03  0.0000E+00  1.1106E+03  3.4317E-01  1.1482E+00  1.2943E+03  1.1106E+03  1.8366E+02  3.4317E-01
  5.1010E+04  3.3600E+02  0.0000E+00  1.4032E+03  0.0000E+00  0.0000E+00  6.0000E+00  3.0000E+00  2.0000E+00  1.5000E+01  2.0000E+00  5.0000E+00  1.0000E+00  6.0000E-01  1.0000E+01  1.2900E+03  0.0000E+00  0.0000E+00  5.1010E+03  0.0000E+00  1.2278E+03  2.9150E-01  2.1253E-01  1.4032E+03  1.2278E+03  1.7539E+02  2.9150E-01
  5.1011E+04  0.0000E+00  6.0000E-01  0.0000E+00  1.0000E+00  1.0000E+00  1.0000E+00  2.0000E+00  2.0000E+00  1.0000E+00  0.0000E+00  5.0000E+00  0.0000E+00  6.0000E-01  1.0000E+01  0.0000E+00  0.0000E+00  0.0000E+00  5.1010E+03  4.0000E+00  4.0000E+05  0.0000E+00 -6.0410E-01  0.0000E+00  4.0000E+05  0.0000E+00  0.0000E+00
  5.1011E+04  3.3600E+02  0.0000E+00  1.3165E+03  0.0000E+00  1.0000E+00  2.0000E+00  1.0000E+00  2.0000E+00  1.5000E+01  2.0000E+00  5.0000E+00  1.0000E+00  6.0000E-01  1.0000E+01  1.2940E+03  0.0000E+00  2.3460E+03  5.1010E+03  4.0000E+00  2.8452E+03 -1.1951E+00 -4.5213E-01  1.3165E+03  2.8452E+03 -1.5287E+03 -1.1951E+00
  5.1011E+04  3.3600E+02  0.0000E+00  4.2240E+04  0.0000E+00  1.0000E+00  1.0000E+00  2.0000E+00  2.0000E+00  1.5000E+01  2.0000E+00  5.0000E+00  1.0000E+00  6.0000E-01  1.0000E+01  1.2950E+03  0.0000E+00  2.3470E+03  5.1010E+03  4.0000E+00  5.4501E+04 -4.1674E-01 -1.3590E-01  4.2240E+04  5.4501E+04 -1.2260E+04 -4.1674E-01
  5.1011E+04  3.3600E+02  0.0000E+00  1.0583E+04  0.0000E+00  1.0000E+00  3.0000E+00  4.0000E+00  2.0000E+00  1.5000E+01  2.0000E+00  5.0000E+00  1.0000E+00  6.0000E-01  1.0000E+01  1.2970E+03  0.0000E+00  2.3490E+03  5.1010E+03  4.0000E+00  1.6204E+04 -8.0063E-01 -9.7573E-01  1.0583E+04  1.6204E+04 -5.6211E+03 -8.0063E-01
  5.1011E+04  3.3600E+02  0.0000E+00  1.3432E+03  0.0000E+00  1.0000E+00  5.0000E+00  6.0000E+00  2.0000E+00  1.5000E+01  2.0000E+00  5.0000E+00  1.0000E+00  6.0000E-01  1.0000E+01  1.2990E+03  0.0000E+00  2.3510E+03  5.1010E+03  0.0000E+00  1.1106E+03  4.3463E-01  1.4543E+00  1.3432E+03  1.1106E+03  2.3261E+02  4.3463E-01
  5.1011E+04  3.3600E+02  0.0000E+00  1.1382E+03  0.0000E+00  1.0000E+00  6.0000E+00  3.0000E+00  2.0000E+00  1.5000E+01  2.0000E+00  5.0000E+00  1.0000E+00  6.0000E-01  1.0000E+01  1.2960E+03  0.0000E+00  0.0000E+00  5.1010E+03  0.0000E+00  1.2278E+03 -1.4890E-01 -1.0856E-01  1.1382E+03  1.2278E+03 -8.9593E+01 -1.4890E-01
  5.1012E+04  0.0000E+00  1.2000E+00  0.0000E+00  1.0000E+00  2.0000E+00  1.0000E+00  2.0000E+00  2.0000E+00  1.0000E+00  0.0000E+00  5.0000E+00  0.0000E+00  6.0000E-01  1.0000E+01  0.0000E+00  0.0000E+00  0.0000E+00  5.1010E+03  1.6000E+01  8.0000E+05  0.0000E+00 -6.0410E-01  0.0000E+00  8.0000E+05  0.0000E+00  0.0000E+00
  5.1012E+04  3.3600E+02  0.0000E+00  4.8530E+01  0.0000E+00  2.0000E+00  4.0000E+00  7.0000E+00  2.0000E+00  1.5000E+01  2.0000E+00  5.0000E+00  1.0000E+00  6.0000E-01  1.0000E+01  1.3000E+03  0.0000E+00  2.3520E+03  5.1010E+03  1.6000E+01  2.1931E+02 -1.9772E+00 -8.5024E-01  4.8530E+01  2.1931E+02 -1.7078E+02 -1.9772E+00
  5.1020E+04  0.0000E+00  6.0000E-01  0.0000E+00  1.0000E+00  0.0000E+00  1.0000E+00  2.0000E+00  2.0000E+00  1.0000E+00  0.0000E+00  5.0000E+00  0.0000E+00  6.0000E-01  1.0000E+01  0.0000E+00  0.0000E+00  0.0000E+00  5.1020E+03  2.0000E+00  4.0000E+05  0.0000E+00 -6.0410E-01  0.0000E+00  4.0000E+05  0.0000E+00  0.0000E+00
  5.1020E+04  3.3600E+02  0.0000E+00  2.7530E+03  0.0000E+00  0.0000E+00  2.0000E+00  1.0000E+00  2.0000E+00  1.5000E+01  2.0000E+00  5.0000E+00  1.0000E+00  6.0000E-01  1.0000E+01  1.3010E+03  0.0000E+00  2.3540E+03  5.1020E+03  2.0000E+00  2.8452E+03 -7.2038E-02 -2.7253E-02  2.7530E+03  2.8452E+03 -9.2142E+01 -7.2038E-02
  5.1020E+04  3.3600E+02  0.0000E+00  5.4967E+04  0.0000E+00  0.0000E+00  1.0000E+00  2.0000E+00  2.0000E+00  1.5000E+01  2.0000E+00  5.0000E+00  1.0000E+00  6.0000E-01  1.0000E+01  1.3020E+03  0.0000E+00  2.3550E+03  5.1020E+03  2.0000E+00  5.4501E+04  1.5839E-02  5.1649E-03  5.4967E+04  5.4501E+04  4.6597E+02  1.5839E-02
  5.1020E+04  3.3600E+02  0.0000E+00  1.1008E+04  0.0000E+00  0.0000E+00  3.0000E+00  4.0000E+00  2.0000E+00  1.5000E+01  2.0000E+00  5.0000E+00  1.0000E+00  6.0000E-01  1.0000E+01  1.3040E+03  0.0000E+00  2.3570E+03  5.1020E+03  2.0000E+00  1.6204E+04 -7.4010E-01 -9.0197E-01  1.1008E+04  1.6204E+04 -5.1962E+03 -7.4010E-01
  5.1020E+04  3.3600E+02  0.0000E+00  1.5070E+03  0.0000E+00  0.0000E+00  5.0000E+00  6.0000E+00  2.0000E+00  1.5000E+01  2.0000E+00  5.0000E+00  1.0000E+00  6.0000E-01  1.0000E+01  1.3060E+03  0.0000E+00  2.3590E+03  5.1020E+03  0.0000E+00  1.1106E+03  7.4065E-01  2.4782E+00  1.5070E+03  1.1106E+03  3.9639E+02  7.4065E-01
  5.1020E+04  3.3600E+02  0.0000E+00  8.2603E+02  0.0000E+00  0.0000E+00  6.0000E+00  3.0000E+00  2.0000E+00  1.5000E+01  2.0000E+00  5.0000E+00  1.0000E+00  6.0000E-01  1.0000E+01  1.3030E+03  0.0000E+00  0.0000E+00  5.1020E+03  0.0000E+00  1.2278E+03 -6.6771E-01 -4.8683E-01  8.2603E+02  1.2278E+03 -4.0175E+02 -6.6771E-01
  5.1021E+04  0.0000E+00  6.0000E-01  0.0000E+00  1.0000E+00  1.0000E+00  1.0000E+00  2.0000E+00  2.0000E+00  1.0000E+00  0.0000E+00  5.0000E+00  0.0000E+00  6.0000E-01  1.0000E+01  0.0000E+00  0.0000E+00  0.0000E+00  5.1020E+03  5.0000E+00  4.0000E+05  0.0000E+00 -6.0410E-01  0.0000E+00  4.0000E+05  0.0000E+00  0.0000E+00
  5.1021E+04  3.3600E+02  0.0000E+00  2.3413E+03  0.0000E+00  1.0000E+00  2.0000E+00  1.0000E+00  2.0000E+00  1.5000E+01  2.0000E+00  5.0000E+00  1.0000E+00  6.0000E-01  1.0000E+01  1.3070E+03  0.0000E+00  2.3610E+03  5.1020E+03  5.0000E+00  2.8452E+03 -3.9389E-01 -1.4901E-01  2.3413E+03  2.8452E+03 -5.0382E+02 -3.9389E-01
  5.1021E+04  3.3600E+02  0.0000E+00  7.5107E+04  0.0000E+00  1.0000E+00  1.0000E+00  2.0000E+00  2.0000E+00  1.5000E+01  2.0000E+00  5.0000E+00  1.0000E+00  6.0000E-01  1.0000E+01  1.3080E+03  0.0000E+00  2.3620E+03  5.1020E+03  5.0000E+00  5.4501E+04  7.0044E-01  2.2841E-01  7.5107E+04  5.4501E+04  2.0606E+04  7.0044E-01
  5.1021E+04  3.3600E+02  0.0000E+00  1.4939E+04  0.0000E+00  1.0000E+00  3.0000E+00  4.0000E+00  2.0000E+00  1.5000E+01  2.0000E+00  5.0000E+00  1.0000E+00  6.0000E-01  1.0000E+01  1.3100E+03  0.0000E+00  2.3640E+03  5.1020E+03  5.0000E+00  1.6204E+04 -1.8008E-01 -2.1946E-01  1.4939E+04  1.6204E+04 -1.2643E+03 -1.8008E-01
  5.1021E+04  3.3600E+02  0.0000E+00  1.1393E+03  0.0000E+00  1.0000E+00  5.0000E+00  6.0000E+00  2.0000E+00  1.5000E+01  2.0000E+00  5.0000E+00  1.0000E+00  6.0000E-01  1.0000E+01  1.3120E+03  0.0000E+00  2.3660E+03  5.1020E+03  0.0000E+00  1.1106E+03  5.3566E-02  1.7923E-01  1.1393E+03  1.1106E+03  2.8668E+01  5.3566E-02
  5.1021E+04  3.3600E+02  0.0000E+00  7.0965E+02  0.0000E+00  1.0000E+00  6.0000E+00  3.0000E+00  2.0000E+00  1.5000E+01  2.0000E+00  5.0000E+00  1.0000E+00  6.0000E-01  1.0000E+01  1.3090E+03  0.0000E+00  0.0000E+00  5.1020E+03  0.0000E+00  1.2278E+03 -8.6113E-01 -6.2785E-01  7.0965E+02  1.2278E+03 -5.1814E+02 -8.6113E-01
  5.1022E+04  0.0000E+00  1.2000E+00  0.0000E+00  1.0000E+00  2.0000E+00  1.0000E+00  2.0000E+00  2.0000E+00  1.0000E+00  0.0000E+00  5.0000E+00  0.0000E+00  6.0000E-01  1.0000E+01  0.0000E+00  0.0000E+00  0.0000E+00  5.1020E+03  1.7000E+01  8.0000E+05  0.0000E+00 -6.0410E-01  0.0000E+00  8.0000E+05  0.0000E+00  0.0000E+00
  5.1022E+04  3.3600E+02  0.0000E+00  2.8583E+02  0.0000E+00  2.0000E+00  4.0000E+00  7.0000E+00  2.0000E+00  1.5000E+01  2.0000E+00  5.0000E+00  1.0000E+00  6.0000E-01  1.0000E+01  1.3130E+03  0.0000E+00  2.3670E+03  5.1020E+03  1.7000E+01  2.1931E+02  7.7016E-01  3.3119E-01  2.8583E+02  2.1931E+02  6.6523E+01  7.7016E-01
  5.1030E+04  0.0000E+00  6.0000E-01  0.0000E+00  1.0000E+00  0.0000E+00  1.0000E+00  2.0000E+00  2.0000E+00  1.0000E+00  0.0000E+00  5.0000E+00  0.0000E+00  6.0000E-01  1.0000E+01  0.0000E+00  0.0000E+00  0.0000E+00  5.1030E+03  1.0000E+00  4.0000E+05  0.0000E+00 -6.0410E-01  0.0000E+00  4.0000E+05  0.0000E+00  0.0000E+00
  5.1030E+04  6.7200E+02  0.0000E+00  3.3365E+02  0.0000E+00  0.0000E+00  2.0000E+00  1.0000E+00  2.0000E+00  2.9000E+01  4.0000E+00  5.0000E+00  1.0000E+00  6.0000E-01  1.0000E+01  1.3140E+03  0.0000E+00  2.3690E+03  5.1030E+03  1.0000E+00  3.9800E+02 -3.5958E-01 -1.3603E-01  3.3365E+02  3.9800E+02 -6.4347E+01 -3.5958E-01
  5.1030E+04  6.7200E+02  0.0000E+00  7.5606E+03  0.0000E+00  0.0000E+00  1.0000E+00  2.0000E+00  2.0000E+00  2.9000E+01  4.0000E+00  5.0000E+00  1.0000E+00  6.0000E-01  1.0000E+01  1.3150E+03  0.0000E+00  2.3700E+03  5.1030E+03  1.0000E+00  7.3213E+03  6.0556E-02  1.9747E-02  7.5606E+03  7.3213E+03  2.3932E+02  6.0556E-02
  5.1030E+04  6.7200E+02  0.0000E+00  1.9865E+03  0.0000E+00  0.0000E+00  3.0000E+00  4.0000E+00  2.0000E+00  2.9000E+01  4.0000E+00  5.0000E+00  1.0000E+00  6.0000E-01  1.0000E+01  1.3170E+03  0.0000E+00  2.3720E+03  5.1030E+03  1.0000E+00  2.1812E+03 -2.0594E-01 -2.5098E-01  1.9865E+03  2.1812E+03 -1.9474E+02 -2.0594E-01
  5.1030E+04  6.7200E+02  0.0000E+00  1.1114E+02  0.0000E+00  0.0000E+00  5.0000E+00  6.0000E+00  2.0000E+00  2.9000E+01  4.0000E+00  5.0000E+00  1.0000E+00  6.0000E-01  1.0000E+01  1.3190E+03  0.0000E+00  2.3740E+03  5.1030E+03  0.0000E+00  1.4925E+02 -2.5835E-01 -8.6443E-01  1.1114E+02  1.4925E+02 -3.8111E+01 -2.5835E-01
  5.1030E+04  6.7200E+02  0.0000E+00  1.1421E+02  0.0000E+00  0.0000E+00  6.0000E+00  3.0000E+00  2.0000E+00  2.9000E+01  4.0000E+00  5.0000E+00  1.0000E+00  6.0000E-01  1.0000E+01  1.3160E+03  0.0000E+00  0.0000E+00  5.1030E+03  0.0000E+00  1.7086E+02 -6.3496E-01 -4.6295E-01  1.1421E+02  1.7086E+02 -5.6647E+01 -6.3496E-01
  5.1031E+04  0.0000E+00  6.0000E-01  0.0000E+00  1.0000E+00  1.0000E+00  1.0000E+00  2.0000E+00  2.0000E+00  1.0000E+00  0.0000E+00  5.0000E+00  0.0000E+00  6.0000E-01  1.0000E+01  0.0000E+00  0.0000E+00  0.0000E+00  5.1030E+03  4.0000E+00  4.0000E+05  0.0000E+00 -6.0410E-01  0.0000E+00  4.0000E+05  0.0000E+00  0.0000E+00
  5.1031E+04  6.7200E+02  0.0000E+00  7.7622E+02  0.0000E+00  1.0000E+00  2.0000E+00  1.0000E+00  2.0000E+00  2.9000E+01  4.0000E+00  5.0000E+00  1.0000E+00  6.0000E-01  1.0000E+01  1.3200E+03  0.0000E+00  2.3760E+03  5.1030E+03  4.0000E+00  3.9800E+02  2.1136E+00  7.9959E-01  7.7622E+02  3.9800E+02  3.7823E+02  2.1136E+00
  5.1031E+04  6.7200E+02  0.0000E+00  1.2155E+04  0.0000E+00  1.0000E+00  1.0000E+00  2.0000E+00  2.0000E+00  2.9000E+01  4.0000E+00  5.0000E+00  1.0000E+00  6.0000E-01  1.0000E+01  1.3210E+03  0.0000E+00  2.3770E+03  5.1030E+03  4.0000E+00  7.3213E+03  1.2230E+00  3.9880E-01  1.2155E+04  7.3213E+03  4.8332E+03  1.2230E+00
  5.1031E+04  6.7200E+02  0.0000E+00  2.7318E+03  0.0000E+00  1.0000E+00  3.0000E+00  4.0000E+00  2.0000E+00  2.9000E+01  4.0000E+00  5.0000E+00  1.0000E+00  6.0000E-01  1.0000E+01  1.3230E+03  0.0000E+00  2.3790E+03  5.1030E+03  4.0000E+00  2.1812E+03  5.8234E-01  7.0970E-01  2.7318E+03  2.1812E+03  5.5065E+02  5.8234E-01
  5.1031E+04  6.7200E+02  0.0000E+00  5.0036E+02  0.0000E+00  1.0000E+00  5.0000E+00  6.0000E+00  2.0000E+00  2.9000E+01  4.0000E+00  5.0000E+00  1.0000E+00  6.0000E-01  1.0000E+01  1.3250E+03  0.0000E+00  2.3810E+03  5.1030E+03  0.0000E+00  1.4925E+02  2.3801E+00  7.9639E+00  5.0036E+02  1.4925E+02  3.5111E+02  2.3801E+00
  5.1031E+04  6.7200E+02  0.0000E+00  2.8884E+02  0.0000E+00  1.0000E+00  6.0000E+00  3.0000E+00  2.0000E+00  2.9000E+01  4.0000E+00  5.0000E+00  1.0000E+00  6.0000E-01  1.0000E+01  1.3220E+03  0.0000E+00  0.0000E+00  5.1030E+03  0.0000E+00  1.7086E+02  1.3224E+00  9.6419E-01  2.8884E+02  1.7086E+02  1.1798E+02  1.3224E+00
  5.1032E+04  0.0000E+00  1.2000E+00  0.0000E+00  1.0000E+00  2.0000E+00  1.0000E+00  2.0000E+00  2.0000E+00  1.0000E+00  0.0000E+00  5.0000E+00  0.0000E+00  6.0000E-01  1.0000E+01  0.0000E+00  0.0000E+00  0.0000E+00  5.1030E+03  1.6000E+01  8.0000E+05  0.0000E+00 -6.0410E-01  0.0000E+00  8.0000E+05  0.0000E+00  0.0000E+00
  5.1032E+04  6.7200E+02  0.0000E+00  6.5656E+01  0.0000E+00  2.0000E+00  4.0000E+00  7.0000E+00  2.0000E+00  2.9000E+01  4.0000E+00  5.0000E+00  1.0000E+00  6.0000E-01  1.0000E+01  1.3260E+03  0.0000E+00  2.3820E+03  5.1030E+03  1.6000E+01  5.2522E+01  6.2786E-01  2.7000E-01  6.5656E+01  5.2522E+01  1.3134E+01  6.2786E-01
  5.1040E+04  0.0000E+00  6.0000E-01  0.0000E+00  1.0000E+00  0.0000E+00  1.0000E+00  2.0000E+00  2.0000E+00  1.0000E+00  0.0000E+00  5.0000E+00  0.0000E+00  6.0000E-01  1.0000E+01  0.0000E+00  0.0000E+00  0.0000E+00  5.1040E+03  2.0000E+00  4.0000E+05  0.0000E+00 -6.0410E-01  0.0000E+00  4.0000E+05  0.0000E+00  0.0000E+00
  5.1040E+04  6.7200E+02  0.0000E+00  3.7741E+02  0.0000E+00  0.0000E+00  2.0000E+00  1.0000E+00  2.0000E+00  2.9000E+01  4.0000E+00  5.0000E+00  1.0000E+00  6.0000E-01  1.0000E+01  1.3270E+03  0.0000E+00  2.3840E+03  5.1040E+03  2.0000E+00  3.9800E+02 -1.1506E-01 -4.3527E-02  3.7741E+02  3.9800E+02 -2.0589E+01 -1.1506E-01
  5.1040E+04  6.7200E+02  0.0000E+00  5.8805E+03  0.0000E+00  0.0000E+00  1.0000E+00  2.0000E+00  2.0000E+00  2.9000E+01  4.0000E+00  5.0000E+00  1.0000E+00  6.0000E-01  1.0000E+01  1.3280E+03  0.0000E+00  2.3850E+03  5.1040E+03  2.0000E+00  7.3213E+03 -3.6457E-01 -1.1888E-01  5.8805E+03  7.3213E+03 -1.4408E+03 -3.6457E-01
  5.1040E+04  6.7200E+02  0.0000E+00  1.2932E+03  0.0000E+00  0.0000E+00  3.0000E+00  4.0000E+00  2.0000E+00  2.9000E+01  4.0000E+00  5.0000E+00  1.0000E+00  6.0000E-01  1.0000E+01  1.3300E+03  0.0000E+00  2.3870E+03  5.1040E+03  2.0000E+00  2.1812E+03 -9.3911E-01 -1.1445E+00  1.2932E+03  2.1812E+03 -8.8801E+02 -9.3911E-01
  5.1040E+04  6.7200E+02  0.0000E+00  0.0000E+00  1.0000E+00  0.0000E+00  5.0000E+00  6.0000E+00  2.0000E+00  2.9000E+01  4.0000E+00  5.0000E+00  1.0000E+00  6.0000E-01  1.0000E+01  1.3320E+03  0.0000E+00  2.3890E+03  5.1040E+03  0.0000E+00  7.3213E+03  0.0000E+00 -7.1526E+00  0.0000E+00  7.3213E+03  0.0000E+00  0.0000E+00
  5.1040E+04  6.7200E+02  0.0000E+00  1.0371E+02  0.0000E+00  0.0000E+00  6.0000E+00  3.0000E+00  2.0000E+00  2.9000E+01  4.0000E+00  5.0000E+00  1.0000E+00  6.0000E-01  1.0000E+01  1.3290E+03  0.0000E+00  0.0000E+00  5.1040E+03  0.0000E+00  1.7086E+02 -7.5275E-01 -5.4883E-01  1.0371E+02  1.7086E+02 -6.7156E+01 -7.5275E-01
  5.1041E+04  0.0000E+00  6.0000E-01  0.0000E+00  1.0000E+00  1.0000E+00  1.0000E+00  2.0000E+00  2.0000E+00  1.0000E+00  0.0000E+00  5.0000E+00  0.0000E+00  6.0000E-01  1.0000E+01  0.0000E+00  0.0000E+00  0.0000E+00  5.1040E+03  5.0000E+00  4.0000E+05  0.0000E+00 -6.0410E-01  0.0000E+00  4.0000E+05  0.0000E+00  0.0000E+00
  5.1041E+04  6.7200E+02  0.0000E+00  6.4204E+02  0.0000E+00  1.0000E+00  2.0000E+00  1.0000E+00  2.0000E+00  2.9000E+01  4.0000E+00  5.0000E+00  1.0000E+00  6.0000E-01  1.0000E+01  1.3330E+03  0.0000E+00  2.3910E+03  5.1040E+03  5.0000E+00  3.9800E+02  1.3637E+00  5.1592E-01  6.4204E+02  3.9800E+02  2.4404E+02  1.3637E+00
  5.1041E+04  6.7200E+02  0.0000E+00  8.7923E+03  0.0000E+00  1.0000E+00  1.0000E+00  2.0000E+00  2.0000E+00  2.9000E+01  4.0000E+00  5.0000E+00  1.0000E+00  6.0000E-01  1.0000E+01  1.3340E+03  0.0000E+00  2.3920E+03  5.1040E+03  5.0000E+00  7.3213E+03  3.7220E-01  1.2137E-01  8.7923E+03  7.3213E+03  1.4710E+03  3.7220E-01
  5.1041E+04  6.7200E+02  0.0000E+00  3.3054E+03  0.0000E+00  1.0000E+00  3.0000E+00  4.0000E+00  2.0000E+00  2.9000E+01  4.0000E+00  5.0000E+00  1.0000E+00  6.0000E-01  1.0000E+01  1.3360E+03  0.0000E+00  2.3940E+03  5.1040E+03  5.0000E+00  2.1812E+03  1.1889E+00  1.4490E+00  3.3054E+03  2.1812E+03  1.1242E+03  1.1889E+00
  5.1041E+04  6.7200E+02  0.0000E+00  1.8865E+02  0.0000E+00  1.0000E+00  5.0000E+00  6.0000E+00  2.0000E+00  2.9000E+01  4.0000E+00  5.0000E+00  1.0000E+00  6.0000E-01  1.0000E+01  1.3380E+03  0.0000E+00  2.3960E+03  5.1040E+03  0.0000E+00  1.4925E+02  2.6710E-01  8.9371E-01  1.8865E+02  1.4925E+02  3.9402E+01  2.6710E-01
  5.1041E+04  6.7200E+02  0.0000E+00  2.4559E+02  0.0000E+00  1.0000E+00  6.0000E+00  3.0000E+00  2.0000E+00  2.9000E+01  4.0000E+00  5.0000E+00  1.0000E+00  6.0000E-01  1.0000E+01  1.3350E+03  0.0000E+00  0.0000E+00  5.1040E+03  0.0000E+00  1.7086E+02  8.3761E-01  6.1070E-01  2.4559E+02  1.7086E+02  7.4726E+01  8.3761E-01
  5.1042E+04  0.0000E+00  1.2000E+00  0.0000E+00  1.0000E+00  2.0000E+00  1.0000E+00  2.0000E+00  2.0000E+00  1.0000E+00  0.0000E+00  5.0000E+00  0.0000E+00  6.0000E-01  1.0000E+01  0.0000E+00  0.0000E+00  0.0000E+00  5.1040E+03  1.7000E+01  8.0000E+05  0.0000E+00 -6.0410E-01  0.0000E+00  8.0000E+05  0.0000E+00  0.0000E+00
  5.1042E+04  6.7200E+02  0.0000E+00  2.9898E+01  0.0000E+00  2.0000E+00  4.0000E+00  7.0000E+00  2.0000E+00  2.9000E+01  4.0000E+00  5.0000E+00  1.0000E+00  6.0000E-01  1.0000E+01  1.3390E+03  0.0000E+00  2.3970E+03  5.1040E+03  1.7000E+01  5.2522E+01 -1.0815E+00 -4.6507E-01  2.9898E+01  5.2522E+01 -2.2624E+01 -1.0815E+00
  5.1050E+04  0.0000E+00  6.0000E-01  0.0000E+00  1.0000E+00  0.0000E+00  1.0000E+00  2.0000E+00  2.0000E+00  1.0000E+00  0.0000E+00  5.0000E+00  0.0000E+00  6.0000E-01  1.0000E+01  0.0000E+00  0.0000E+00  0.0000E+00  5.1050E+03  3.0000E+00  4.0000E+05  0.0000E+00 -6.0410E-01  0.0000E+00  4.0000E+05  0.0000E+00  0.0000E+00
  5.1050E+04  6.7200E+02  0.0000E+00  0.0000E+00  1.0000E+00  0.0000E+00  2.0000E+00  1.0000E+00  2.0000E+00  2.9000E+01  4.0000E+00  5.0000E+00  1.0000E+00  6.0000E-01  1.0000E+01  1.3400E+03  0.0000E+00  2.3990E+03  5.1050E+03  3.0000E+00  7.3213E+03  0.0000E+00 -8.4150E-01  0.0000E+00  7.3213E+03  0.0000E+00  0.0000E+00
  5.1050E+04  6.7200E+02  0.0000E+00  1.6131E+03  0.0000E+00  0.0000E+00  1.0000E+00  2.0000E+00  2.0000E+00  2.9000E+01  4.0000E+00  5.0000E+00  1.0000E+00  6.0000E-01  1.0000E+01  1.3410E+03  0.0000E+00  2.4000E+03  5.1050E+03  3.0000E+00  7.3213E+03 -1.4444E+00 -4.7100E-01  1.6131E+03  7.3213E+03 -5.7082E+03 -1.4444E+00
  5.1050E+04  6.7200E+02  0.0000E+00  6.6984E+01  0.0000E+00  0.0000E+00  3.0000E+00  4.0000E+00  2.0000E+00  2.9000E+01  4.0000E+00  5.0000E+00  1.0000E+00  6.0000E-01  1.0000E+01  1.3430E+03  0.0000E+00  2.4020E+03  5.1050E+03  3.0000E+00  2.1812E+03 -2.2359E+00 -2.7249E+00  6.6984E+01  2.1812E+03 -2.1142E+03 -2.2359E+00
  5.1050E+04  6.7200E+02  0.0000E+00  0.0000E+00  1.0000E+00  0.0000E+00  5.0000E+00  6.0000E+00  2.0000E+00  2.9000E+01  4.0000E+00  5.0000E+00  1.0000E+00  6.0000E-01  1.0000E+01  1.3450E+03  0.0000E+00  2.4040E+03  5.1050E+03  0.0000E+00  7.3213E+03  0.0000E+00 -7.1526E+00  0.0000E+00  7.3213E+03  0.0000E+00  0.0000E+00
  5.1050E+04  6.7200E+02  0.0000E+00  0.0000E+00  1.0000E+00  0.0000E+00  6.0000E+00  3.0000E+00  2.0000E+00  2.9000E+01  4.0000E+00  5.0000E+00  1.0000E+00  6.0000E-01  1.0000E+01  1.3420E+03  0.0000E+00  0.0000E+00  5.1050E+03  0.0000E+00  7.3213E+03  0.0000E+00 -1.4897E+00  0.0000E+00  7.3213E+03  0.0000E+00  0.0000E+00
  5.1051E+04  0.0000E+00  6.0000E-01  0.0000E+00  1.0000E+00  1.0000E+00  1.0000E+00  2.0000E+00  2.0000E+00  1.0000E+00  0.0000E+00  5.0000E+00  0.0000E+00  6.0000E-01  1.0000E+01  0.0000E+00  0.0000E+00  0.0000E+00  5.1050E+03  6.0000E+00  4.0000E+05  0.0000E+00 -6.0410E-01  0.0000E+00  4.0000E+05  0.0000E+00  0.0000E+00
  5.1051E+04  6.7200E+02  0.0000E+00  0.0000E+00  1.0000E+00  1.0000E+00  2.0000E+00  1.0000E+00  2.0000E+00  2.9000E+01  4.0000E+00  5.0000E+00  1.0000E+00  6.0000E-01  1.0000E+01  1.3460E+03  0.0000E+00  2.4060E+03  5.1050E+03  6.0000E+00  7.3213E+03  0.0000E+00 -8.4150E-01  0.0000E+00  7.3213E+03  0.0000E+00  0.0000E+00
  5.1051E+04  6.7200E+02  0.0000E+00  0.0000E+00  1.0000E+00  1.0000E+00  1.0000E+00  2.0000E+00  2.0000E+00  2.9000E+01  4.0000E+00  5.0000E+00  1.0000E+00  6.0000E-01  1.0000E+01  1.3470E+03  0.0000E+00  2.4070E+03  5.1050E+03  6.0000E+00  7.3213E+03  0.0000E+00 -6.0410E-01  0.0000E+00  7.3213E+03  0.0000E+00  0.0000E+00
  5.1051E+04  6.7200E+02  0.0000E+00  0.0000E+00  1.0000E+00  1.0000E+00  3.0000E+00  4.0000E+00  2.0000E+00  2.9000E+01  4.0000E+00  5.0000E+00  1.0000E+00  6.0000E-01  1.0000E+01  1.3490E+03  0.0000E+00  2.4090E+03  5.1050E+03  6.0000E+00  7.3213E+03  0.0000E+00 -2.8126E+00  0.0000E+00  7.3213E+03  0.0000E+00  0.0000E+00
  5.1051E+04  6.7200E+02  0.0000E+00  0.0000E+00  1.0000E+00  1.0000E+00  5.0000E+00  6.0000E+00  2.0000E+00  2.9000E+01  4.0000E+00  5.0000E+00  1.0000E+00  6.0000E-01  1.0000E+01  1.3510E+03  0.0000E+00  2.4110E+03  5.1050E+03  0.0000E+00  7.3213E+03  0.0000E+00 -7.1526E+00  0.0000E+00  7.3213E+03  0.0000E+00  0.0000E+00
  5.1051E+04  6.7200E+02  0.0000E+00  0.0000E+00  1.0000E+00  1.0000E+00  6.0000E+00  3.0000E+00  2.0000E+00  2.9000E+01  4.0000E+00  5.0000E+00  1.0000E+00  6.0000E-01  1.0000E+01  1.3480E+03  0.0000E+00  0.0000E+00  5.1050E+03  0.0000E+00  7.3213E+03  0.0000E+00 -1.4897E+00  0.0000E+00  7.3213E+03  0.0000E+00  0.0000E+00
  5.1052E+04  0.0000E+00  1.2000E+00  0.0000E+00  1.0000E+00  2.0000E+00  1.0000E+00  2.0000E+00  2.0000E+00  1.0000E+00  0.0000E+00  5.0000E+00  0.0000E+00  6.0000E-01  1.0000E+01  0.0000E+00  0.0000E+00  0.0000E+00  5.1050E+03  1.8000E+01  8.0000E+05  0.0000E+00 -6.0410E-01  0.0000E+00  8.0000E+05  0.0000E+00  0.0000E+00
  5.1052E+04  6.7200E+02  0.0000E+00  0.0000E+00  1.0000E+00  2.0000E+00  4.0000E+00  7.0000E+00  2.0000E+00  2.9000E+01  4.0000E+00  5.0000E+00  1.0000E+00  6.0000E-01  1.0000E+01  1.3520E+03  0.0000E+00  2.4120E+03  5.1050E+03  1.8000E+01  1.4583E+04  0.0000E+00 -1.0926E+00  0.0000E+00  1.4583E+04  0.0000E+00  0.0000E+00
  5.1060E+04  0.0000E+00  6.0000E-01  0.0000E+00  1.0000E+00  0.0000E+00  1.0000E+00  2.0000E+00  2.0000E+00  1.0000E+00  0.0000E+00  5.0000E+00  0.0000E+00  6.0000E-01  1.0000E+01  0.0000E+00  0.0000E+00  0.0000E+00  5.1060E+03  1.0000E+00  4.0000E+05  0.0000E+00 -6.0410E-01  0.0000E+00  4.0000E+05  0.0000E+00  0.0000E+00
  5.1060E+04  1.0080E+03  0.0000E+00  1.0095E+02  0.0000E+00  0.0000E+00  2.0000E+00  1.0000E+00  2.0000E+00  4.3000E+01  6.0000E+00  5.0000E+00  1.0000E+00  6.0000E-01  1.0000E+01  1.3530E+03  0.0000E+00  2.4140E+03  5.1060E+03  1.0000E+00  5.4190E+01  1.9044E+00  7.2046E-01  1.0095E+02  5.4190E+01  4.6757E+01  1.9044E+00
  5.1060E+04  1.0080E+03  0.0000E+00  1.8740E+03  0.0000E+00  0.0000E+00  1.0000E+00  2.0000E+00  2.0000E+00  4.3000E+01  6.0000E+00  5.0000E+00  1.0000E+00  6.0000E-01  1.0000E+01  1.3540E+03  0.0000E+00  2.4150E+03  5.1060E+03  1.0000E+00  9.6609E+02  1.7409E+00  5.6770E-01  1.8740E+03  9.6609E+02  9.0788E+02  1.7409E+00
  5.1060E+04  1.0080E+03  0.0000E+00  5.9321E+02  0.0000E+00  0.0000E+00  3.0000E+00  4.0000E+00  2.0000E+00  4.3000E+01  6.0000E+00  5.0000E+00  1.0000E+00  6.0000E-01  1.0000E+01  1.3560E+03  0.0000E+00  2.4170E+03  5.1060E+03  1.0000E+00  2.8826E+02  2.3687E+00  2.8867E+00  5.9321E+02  2.8826E+02  3.0495E+02  2.3687E+00
  5.1060E+04  1.0080E+03  0.0000E+00  0.0000E+00  1.0000E+00  0.0000E+00  5.0000E+00  6.0000E+00  2.0000E+00  4.3000E+01  6.0000E+00  5.0000E+00  1.0000E+00  6.0000E-01  1.0000E+01  1.3580E+03  0.0000E+00  2.4190E+03  5.1060E+03  0.0000E+00  9.6609E+02  0.0000E+00 -6.8785E+00  0.0000E+00  9.6609E+02  0.0000E+00  0.0000E+00
  5.1060E+04  1.0080E+03  0.0000E+00  7.3477E+01  0.0000E+00  0.0000E+00  6.0000E+00  3.0000E+00  2.0000E+00  4.3000E+01  6.0000E+00  5.0000E+00  1.0000E+00  6.0000E-01  1.0000E+01  1.3550E+03  0.0000E+00  0.0000E+00  5.1060E+03  0.0000E+00  2.3179E+01  1.5198E+00  1.1081E+00  7.3477E+01  2.3179E+01  5.0298E+01  1.5198E+00
  5.1061E+04  0.0000E+00  6.0000E-01  0.0000E+00  1.0000E+00  1.0000E+00  1.0000E+00  2.0000E+00  2.0000E+00  1.0000E+00  0.0000E+00  5.0000E+00  0.0000E+00  6.0000E-01  1.0000E+01  0.0000E+00  0.0000E+00  0.0000E+00  5.1060E+03  4.0000E+00  4.0000E+05  0.0000E+00 -6.0410E-01  0.0000E+00  4.0000E+05  0.0000E+00  0.0000E+00
  5.1061E+04  1.0080E+03  0.0000E+00  4.8956E+01  0.0000E+00  1.0000E+00  2.0000E+00  1.0000E+00  2.0000E+00  4.3000E+01  6.0000E+00  5.0000E+00  1.0000E+00  6.0000E-01  1.0000E+01  1.3590E+03  0.0000E+00  2.4210E+03  5.1060E+03  4.0000E+00  5.4190E+01 -2.1314E-01 -8.0634E-02  4.8956E+01  5.4190E+01 -5.2331E+00 -2.1314E-01
  5.1061E+04  1.0080E+03  0.0000E+00  8.5126E+02  0.0000E+00  1.0000E+00  1.0000E+00  2.0000E+00  2.0000E+00  4.3000E+01  6.0000E+00  5.0000E+00  1.0000E+00  6.0000E-01  1.0000E+01  1.3600E+03  0.0000E+00  2.4220E+03  5.1060E+03  4.0000E+00  9.6609E+02 -2.2018E-01 -7.1800E-02  8.5126E+02  9.6609E+02 -1.1482E+02 -2.2018E-01
  5.1061E+04  1.0080E+03  0.0000E+00  3.8468E+02  0.0000E+00  1.0000E+00  3.0000E+00  4.0000E+00  2.0000E+00  4.3000E+01  6.0000E+00  5.0000E+00  1.0000E+00  6.0000E-01  1.0000E+01  1.3620E+03  0.0000E+00  2.4240E+03  5.1060E+03  4.0000E+00  2.8826E+02  7.4893E-01  9.1272E-01  3.8468E+02  2.8826E+02  9.6419E+01  7.4893E-01
  5.1061E+04  1.0080E+03  0.0000E+00  0.0000E+00  1.0000E+00  1.0000E+00  5.0000E+00  6.0000E+00  2.0000E+00  4.3000E+01  6.0000E+00  5.0000E+00  1.0000E+00  6.0000E-01  1.0000E+01  1.3640E+03  0.0000E+00  2.4260E+03  5.1060E+03  0.0000E+00  9.6609E+02  0.0000E+00 -6.8785E+00  0.0000E+00  9.6609E+02  0.0000E+00  0.0000E+00
  5.1061E+04  1.0080E+03  0.0000E+00  4.8656E+01  0.0000E+00  1.0000E+00  6.0000E+00  3.0000E+00  2.0000E+00  4.3000E+01  6.0000E+00  5.0000E+00  1.0000E+00  6.0000E-01  1.0000E+01  1.3610E+03  0.0000E+00  0.0000E+00  5.1060E+03  0.0000E+00  2.3179E+01  7.6980E-01  5.6127E-01  4.8656E+01  2.3179E+01  2.5477E+01  7.6980E-01
  5.1062E+04  0.0000E+00  1.2000E+00  0.0000E+00  1.0000E+00  2.0000E+00  1.0000E+00  2.0000E+00  2.0000E+00  1.0000E+00  0.0000E+00  5.0000E+00  0.0000E+00  6.0000E-01  1.0000E+01  0.0000E+00  0.0000E+00  0.0000E+00  5.1060E+03  1.6000E+01  8.0000E+05  0.0000E+00 -6.0410E-01  0.0000E+00  8.0000E+05  0.0000E+00  0.0000E+00
  5.1062E+04  1.0080E+03  0.0000E+00  1.2821E+01  0.0000E+00  2.0000E+00  4.0000E+00  7.0000E+00  2.0000E+00  4.3000E+01  6.0000E+00  5.0000E+00  1.0000E+00  6.0000E-01  1.0000E+01  1.3650E+03  0.0000E+00  2.4270E+03  5.1060E+03  1.6000E+01  9.3565E+00  7.0913E-01  3.0495E-01  1.2821E+01  9.3565E+00  3.4642E+00  7.0913E-01
  5.1070E+04  0.0000E+00  6.0000E-01  0.0000E+00  1.0000E+00  0.0000E+00  1.0000E+00  2.0000E+00  2.0000E+00  1.0000E+00  0.0000E+00  5.0000E+00  0.0000E+00  6.0000E-01  1.0000E+01  0.0000E+00  0.0000E+00  0.0000E+00  5.1070E+03  2.0000E+00  4.0000E+05  0.0000E+00 -6.0410E-01  0.0000E+00  4.0000E+05  0.0000E+00  0.0000E+00
  5.1070E+04  1.0080E+03  0.0000E+00  5.4858E+01  0.0000E+00  0.0000E+00  2.0000E+00  1.0000E+00  2.0000E+00  4.3000E+01  6.0000E+00  5.0000E+00  1.0000E+00  6.0000E-01  1.0000E+01  1.3660E+03  0.0000E+00  2.4290E+03  5.1070E+03  2.0000E+00  5.4190E+01  2.7210E-02  1.0294E-02  5.4858E+01  5.4190E+01  6.6806E-01  2.7210E-02
  5.1070E+04  1.0080E+03  0.0000E+00  2.0616E+03  0.0000E+00  0.0000E+00  1.0000E+00  2.0000E+00  2.0000E+00  4.3000E+01  6.0000E+00  5.0000E+00  1.0000E+00  6.0000E-01  1.0000E+01  1.3670E+03  0.0000E+00  2.4300E+03  5.1070E+03  2.0000E+00  9.6609E+02  2.1008E+00  6.8505E-01  2.0616E+03  9.6609E+02  1.0956E+03  2.1008E+00
  5.1070E+04  1.0080E+03  0.0000E+00  1.8335E+02  0.0000E+00  0.0000E+00  3.0000E+00  4.0000E+00  2.0000E+00  4.3000E+01  6.0000E+00  5.0000E+00  1.0000E+00  6.0000E-01  1.0000E+01  1.3690E+03  0.0000E+00  2.4320E+03  5.1070E+03  2.0000E+00  2.8826E+02 -8.1491E-01 -9.9314E-01  1.8335E+02  2.8826E+02 -1.0491E+02 -8.1491E-01
  5.1070E+04  1.0080E+03  0.0000E+00  8.1793E+01  0.0000E+00  0.0000E+00  5.0000E+00  6.0000E+00  2.0000E+00  4.3000E+01  6.0000E+00  5.0000E+00  1.0000E+00  6.0000E-01  1.0000E+01  1.3710E+03  0.0000E+00  2.4340E+03  5.1070E+03  0.0000E+00  1.9700E+01  4.7654E-01  1.5945E+00  8.1793E+01  1.9700E+01  6.2093E+01  4.7654E-01
  5.1070E+04  1.0080E+03  0.0000E+00  0.0000E+00  1.0000E+00  0.0000E+00  6.0000E+00  3.0000E+00  2.0000E+00  4.3000E+01  6.0000E+00  5.0000E+00  1.0000E+00  6.0000E-01  1.0000E+01  1.3680E+03  0.0000E+00  0.0000E+00  5.1070E+03  0.0000E+00  9.6609E+02  0.0000E+00 -1.4866E+00  0.0000E+00  9.6609E+02  0.0000E+00  0.0000E+00
  5.1071E+04  0.0000E+00  6.0000E-01  0.0000E+00  1.0000E+00  1.0000E+00  1.0000E+00  2.0000E+00  2.0000E+00  1.0000E+00  0.0000E+00  5.0000E+00  0.0000E+00  6.0000E-01  1.0000E+01  0.0000E+00  0.0000E+00  0.0000E+00  5.1070E+03  5.0000E+00  4.0000E+05  0.0000E+00 -6.0410E-01  0.0000E+00  4.0000E+05  0.0000E+00  0.0000E+00
  5.1071E+04  1.0080E+03  0.0000E+00  5.8206E+01  0.0000E+00  1.0000E+00  2.0000E+00  1.0000E+00  2.0000E+00  4.3000E+01  6.0000E+00  5.0000E+00  1.0000E+00  6.0000E-01  1.0000E+01  1.3720E+03  0.0000E+00  2.4360E+03  5.1070E+03  5.0000E+00  5.4190E+01  1.6359E-01  6.1889E-02  5.8206E+01  5.4190E+01  4.0165E+00  1.6359E-01
  5.1071E+04  1.0080E+03  0.0000E+00  2.7002E+03  0.0000E+00  1.0000E+00  1.0000E+00  2.0000E+00  2.0000E+00  4.3000E+01  6.0000E+00  5.0000E+00  1.0000E+00  6.0000E-01  1.0000E+01  1.3730E+03  0.0000E+00  2.4370E+03  5.1070E+03  5.0000E+00  9.6609E+02  3.3253E+00  1.0844E+00  2.7002E+03  9.6609E+02  1.7341E+03  3.3253E+00
  5.1071E+04  1.0080E+03  0.0000E+00  3.8031E+02  0.0000E+00  1.0000E+00  3.0000E+00  4.0000E+00  2.0000E+00  4.3000E+01  6.0000E+00  5.0000E+00  1.0000E+00  6.0000E-01  1.0000E+01  1.3750E+03  0.0000E+00  2.4390E+03  5.1070E+03  5.0000E+00  2.8826E+02  7.1493E-01  8.7128E-01  3.8031E+02  2.8826E+02  9.2041E+01  7.1493E-01
  5.1071E+04  1.0080E+03  0.0000E+00  0.0000E+00  1.0000E+00  1.0000E+00  5.0000E+00  6.0000E+00  2.0000E+00  4.3000E+01  6.0000E+00  5.0000E+00  1.0000E+00  6.0000E-01  1.0000E+01  1.3770E+03  0.0000E+00  2.4410E+03  5.1070E+03  0.0000E+00  9.6609E+02  0.0000E+00 -6.8785E+00  0.0000E+00  9.6609E+02  0.0000E+00  0.0000E+00
  5.1071E+04  1.0080E+03  0.0000E+00  5.7828E+01  0.0000E+00  1.0000E+00  6.0000E+00  3.0000E+00  2.0000E+00  4.3000E+01  6.0000E+00  5.0000E+00  1.0000E+00  6.0000E-01  1.0000E+01  1.3740E+03  0.0000E+00  0.0000E+00  5.1070E+03  0.0000E+00  2.3179E+01  1.0470E+00  7.6335E-01  5.7828E+01  2.3179E+01  3.4650E+01  1.0470E+00
  5.1072E+04  0.0000E+00  1.2000E+00  0.0000E+00  1.0000E+00  2.0000E+00  1.0000E+00  2.0000E+00  2.0000E+00  1.0000E+00  0.0000E+00  5.0000E+00  0.0000E+00  6.0000E-01  1.0000E+01  0.0000E+00  0.0000E+00  0.0000E+00  5.1070E+03  1.7000E+01  8.0000E+05  0.0000E+00 -6.0410E-01  0.0000E+00  8.0000E+05  0.0000E+00  0.0000E+00
  5.1072E+04  1.0080E+03  0.0000E+00  5.0657E+00  0.0000E+00  2.0000E+00  4.0000E+00  7.0000E+00  2.0000E+00  4.3000E+01  6.0000E+00  5.0000E+00  1.0000E+00  6.0000E-01  1.0000E+01  1.3780E+03  0.0000E+00  2.4420E+03  5.1070E+03  1.7000E+01  9.3565E+00 -8.7834E-01 -3.7771E-01  5.0657E+00  9.3565E+00 -4.2908E+00 -8.7834E-01
  5.1080E+04  0.0000E+00  6.0000E-01  0.0000E+00  1.0000E+00  0.0000E+00  1.0000E+00  2.0000E+00  2.0000E+00  1.0000E+00  0.0000E+00  5.0000E+00  0.0000E+00  6.0000E-01  1.0000E+01  0.0000E+00  0.0000E+00  0.0000E+00  5.1080E+03  1.0000E+00  4.0000E+05  0.0000E+00 -6.0410E-01  0.0000E+00  4.0000E+05  0.0000E+00  0.0000E+00
  5.1080E+04  1.3440E+03  0.0000E+00  9.2840E+00  0.0000E+00  0.0000E+00  2.0000E+00  1.0000E+00  2.0000E+00  5.7000E+01  8.0000E+00  5.0000E+00  1.0000E+00  6.0000E-01  1.0000E+01  1.3790E+03  0.0000E+00  2.4440E+03  5.1080E+03  1.0000E+00  7.2733E+00  4.4967E-01  1.7012E-01  9.2840E+00  7.2733E+00  2.0107E+00  4.4967E-01
  5.1080E+04  1.3440E+03  0.0000E+00  8.9043E+01  0.0000E+00  0.0000E+00  1.0000E+00  2.0000E+00  2.0000E+00  5.7000E+01  8.0000E+00  5.0000E+00  1.0000E+00  6.0000E-01  1.0000E+01  1.3800E+03  0.0000E+00  2.4450E+03  5.1080E+03  1.0000E+00  1.2647E+02 -5.4805E-01 -1.7871E-01  8.9043E+01  1.2647E+02 -3.7428E+01 -5.4805E-01
  5.1080E+04  1.3440E+03  0.0000E+00  0.0000E+00  1.0000E+00  0.0000E+00  3.0000E+00  4.0000E+00  2.0000E+00  5.7000E+01  8.0000E+00  5.0000E+00  1.0000E+00  6.0000E-01  1.0000E+01  1.3820E+03  0.0000E+00  2.4470E+03  5.1080E+03  1.0000E+00  1.2647E+02  0.0000E+00 -2.4439E+00  0.0000E+00  1.2647E+02  0.0000E+00  0.0000E+00
  5.1080E+04  1.3440E+03  0.0000E+00  0.0000E+00  1.0000E+00  0.0000E+00  5.0000E+00  6.0000E+00  2.0000E+00  5.7000E+01  8.0000E+00  5.0000E+00  1.0000E+00  6.0000E-01  1.0000E+01  1.3840E+03  0.0000E+00  2.4490E+03  5.1080E+03  0.0000E+00  1.2647E+02  0.0000E+00 -2.9636E+00  0.0000E+00  1.2647E+02  0.0000E+00  0.0000E+00
  5.1080E+04  1.3440E+03  0.0000E+00  0.0000E+00  1.0000E+00  0.0000E+00  6.0000E+00  3.0000E+00  2.0000E+00  5.7000E+01  8.0000E+00  5.0000E+00  1.0000E+00  6.0000E-01  1.0000E+01  1.3810E+03  0.0000E+00  0.0000E+00  5.1080E+03  0.0000E+00  1.2647E+02  0.0000E+00 -1.3313E+00  0.0000E+00  1.2647E+02  0.0000E+00  0.0000E+00
  5.1081E+04  0.0000E+00  6.0000E-01  0.0000E+00  1.0000E+00  1.0000E+00  1.0000E+00  2.0000E+00  2.0000E+00  1.0000E+00  0.0000E+00  5.0000E+00  0.0000E+00  6.0000E-01  1.0000E+01  0.0000E+00  0.0000E+00  0.0000E+00  5.1080E+03  4.0000E+00  4.0000E+05  0.0000E+00 -6.0410E-01  0.0000E+00  4.0000E+05  0.0000E+00  0.0000E+00
  5.1081E+04  1.3440E+03  0.0000E+00  1.2343E+01  0.0000E+00  1.0000E+00  2.0000E+00  1.0000E+00  2.0000E+00  5.7000E+01  8.0000E+00  5.0000E+00  1.0000E+00  6.0000E-01  1.0000E+01  1.3850E+03  0.0000E+00  2.4510E+03  5.1080E+03  4.0000E+00  7.2733E+00  1.1337E+00  4.2889E-01  1.2343E+01  7.2733E+00  5.0693E+00  1.1337E+00
  5.1081E+04  1.3440E+03  0.0000E+00  1.8114E+01  0.0000E+00  1.0000E+00  1.0000E+00  2.0000E+00  2.0000E+00  5.7000E+01  8.0000E+00  5.0000E+00  1.0000E+00  6.0000E-01  1.0000E+01  1.3860E+03  0.0000E+00  2.4520E+03  5.1080E+03  4.0000E+00  1.2647E+02 -1.5867E+00 -5.1739E-01  1.8114E+01  1.2647E+02 -1.0836E+02 -1.5867E+00
  5.1081E+04  1.3440E+03  0.0000E+00  0.0000E+00  1.0000E+00  1.0000E+00  3.0000E+00  4.0000E+00  2.0000E+00  5.7000E+01  8.0000E+00  5.0000E+00  1.0000E+00  6.0000E-01  1.0000E+01  1.3880E+03  0.0000E+00  2.4540E+03  5.1080E+03  4.0000E+00  1.2647E+02  0.0000E+00 -2.4439E+00  0.0000E+00  1.2647E+02  0.0000E+00  0.0000E+00
  5.1081E+04  1.3440E+03  0.0000E+00  0.0000E+00  1.0000E+00  1.0000E+00  5.0000E+00  6.0000E+00  2.0000E+00  5.7000E+01  8.0000E+00  5.0000E+00  1.0000E+00  6.0000E-01  1.0000E+01  1.3900E+03  0.0000E+00  2.4560E+03  5.1080E+03  0.0000E+00  1.2647E+02  0.0000E+00 -2.9636E+00  0.0000E+00  1.2647E+02  0.0000E+00  0.0000E+00
  5.1081E+04  1.3440E+03  0.0000E+00  0.0000E+00  1.0000E+00  1.0000E+00  6.0000E+00  3.0000E+00  2.0000E+00  5.7000E+01  8.0000E+00  5.0000E+00  1.0000E+00  6.0000E-01  1.0000E+01  1.3870E+03  0.0000E+00  0.0000E+00  5.1080E+03  0.0000E+00  1.2647E+02  0.0000E+00 -1.3313E+00  0.0000E+00  1.2647E+02  0.0000E+00  0.0000E+00
  5.1082E+04  0.0000E+00  1.2000E+00  0.0000E+00  1.0000E+00  2.0000E+00  1.0000E+00  2.0000E+00  2.0000E+00  1.0000E+00  0.0000E+00  5.0000E+00  0.0000E+00  6.0000E-01  1.0000E+01  0.0000E+00  0.0000E+00  0.0000E+00  5.1080E+03  1.6000E+01  8.0000E+05  0.0000E+00 -6.0410E-01  0.0000E+00  8.0000E+05  0.0000E+00  0.0000E+00
  5.1082E+04  1.3440E+03  0.0000E+00  0.0000E+00  1.0000E+00  2.0000E+00  4.0000E+00  7.0000E+00  2.0000E+00  5.7000E+01  8.0000E+00  5.0000E+00  1.0000E+00  6.0000E-01  1.0000E+01  1.3910E+03  0.0000E+00  2.4570E+03  5.1080E+03  1.6000E+01  2.4978E+02  0.0000E+00 -1.0920E+00  0.0000E+00  2.4978E+02  0.0000E+00  0.0000E+00
  5.1090E+04  0.0000E+00  6.0000E-01  0.0000E+00  1.0000E+00  0.0000E+00  1.0000E+00  2.0000E+00  2.0000E+00  1.0000E+00  0.0000E+00  5.0000E+00  0.0000E+00  6.0000E-01  1.0000E+01  0.0000E+00  0.0000E+00  0.0000E+00  5.1090E+03  2.0000E+00  4.0000E+05  0.0000E+00 -6.0410E-01  0.0000E+00  4.0000E+05  0.0000E+00  0.0000E+00
  5.1090E+04  1.3440E+03  0.0000E+00  9.3212E+00  0.0000E+00  0.0000E+00  2.0000E+00  1.0000E+00  2.0000E+00  5.7000E+01  8.0000E+00  5.0000E+00  1.0000E+00  6.0000E-01  1.0000E+01  1.3920E+03  0.0000E+00  2.4590E+03  5.1090E+03  2.0000E+00  7.2733E+00  4.5801E-01  1.7327E-01  9.3212E+00  7.2733E+00  2.0480E+00  4.5801E-01
  5.1090E+04  1.3440E+03  0.0000E+00  9.1735E+01  0.0000E+00  0.0000E+00  1.0000E+00  2.0000E+00  2.0000E+00  5.7000E+01  8.0000E+00  5.0000E+00  1.0000E+00  6.0000E-01  1.0000E+01  1.3930E+03  0.0000E+00  2.4600E+03  5.1090E+03  2.0000E+00  1.2647E+02 -5.0863E-01 -1.6586E-01  9.1735E+01  1.2647E+02 -3.4736E+01 -5.0863E-01
  5.1090E+04  1.3440E+03  0.0000E+00  0.0000E+00  1.0000E+00  0.0000E+00  3.0000E+00  4.0000E+00  2.0000E+00  5.7000E+01  8.0000E+00  5.0000E+00  1.0000E+00  6.0000E-01  1.0000E+01  1.3950E+03  0.0000E+00  2.4620E+03  5.1090E+03  2.0000E+00  1.2647E+02  0.0000E+00 -2.4439E+00  0.0000E+00  1.2647E+02  0.0000E+00  0.0000E+00
  5.1090E+04  1.3440E+03  0.0000E+00  0.0000E+00  1.0000E+00  0.0000E+00  5.0000E+00  6.0000E+00  2.0000E+00  5.7000E+01  8.0000E+00  5.0000E+00  1.0000E+00  6.0000E-01  1.0000E+01  1.3970E+03  0.0000E+00  2.4640E+03  5.1090E+03  0.0000E+00  1.2647E+02  0.0000E+00 -2.9636E+00  0.0000E+00  1.2647E+02  0.0000E+00  0.0000E+00
  5.1090E+04  1.3440E+03  0.0000E+00  0.0000E+00  1.0000E+00  0.0000E+00  6.0000E+00  3.0000E+00  2.0000E+00  5.7000E+01  8.0000E+00  5.0000E+00  1.0000E+00  6.0000E-01  1.0000E+01  1.3940E+03  0.0000E+00  0.0000E+00  5.1090E+03  0.0000E+00  1.2647E+02  0.0000E+00 -1.3313E+00  0.0000E+00  1.2647E+02  0.0000E+00  0.0000E+00
  5.1091E+04  0.0000E+00  6.0000E-01  0.0000E+00  1.0000E+00  1.0000E+00  1.0000E+00  2.0000E+00  2.0000E+00  1.0000E+00  0.0000E+00  5.0000E+00  0.0000E+00  6.0000E-01  1.0000E+01  0.0000E+00  0.0000E+00  0.0000E+00  5.1090E+03  5.0000E+00  4.0000E+05  0.0000E+00 -6.0410E-01  0.0000E+00  4.0000E+05  0.0000E+00  0.0000E+00
  5.1091E+04  1.3440E+03  0.0000E+00  1.0106E+01  0.0000E+00  1.0000E+00  2.0000E+00  1.0000E+00  2.0000E+00  5.7000E+01  8.0000E+00  5.0000E+00  1.0000E+00  6.0000E-01  1.0000E+01  1.3980E+03  0.0000E+00  2.4660E+03  5.1090E+03  5.0000E+00  7.2733E+00  6.3362E-01  2.3970E-01  1.0106E+01  7.2733E+00  2.8332E+00  6.3362E-01
  5.1091E+04  1.3440E+03  0.0000E+00  8.3834E+01  0.0000E+00  1.0000E+00  1.0000E+00  2.0000E+00  2.0000E+00  5.7000E+01  8.0000E+00  5.0000E+00  1.0000E+00  6.0000E-01  1.0000E+01  1.3990E+03  0.0000E+00  2.4670E+03  5.1090E+03  5.0000E+00  1.2647E+02 -6.2432E-01 -2.0359E-01  8.3834E+01  1.2647E+02 -4.2637E+01 -6.2432E-01
  5.1091E+04  1.3440E+03  0.0000E+00  0.0000E+00  1.0000E+00  1.0000E+00  3.0000E+00  4.0000E+00  2.0000E+00  5.7000E+01  8.0000E+00  5.0000E+00  1.0000E+00  6.0000E-01  1.0000E+01  1.4010E+03  0.0000E+00  2.4690E+03  5.1090E+03  5.0000E+00  1.2647E+02  0.0000E+00 -2.4439E+00  0.0000E+00  1.2647E+02  0.0000E+00  0.0000E+00
  5.1091E+04  1.3440E+03  0.0000E+00  0.0000E+00  1.0000E+00  1.0000E+00  5.0000E+00  6.0000E+00  2.0000E+00  5.7000E+01  8.0000E+00  5.0000E+00  1.0000E+00  6.0000E-01  1.0000E+01  1.4030E+03  0.0000E+00  2.4710E+03  5.1090E+03  0.0000E+00  1.2647E+02  0.0000E+00 -2.9636E+00  0.0000E+00  1.2647E+02  0.0000E+00  0.0000E+00
  5.1091E+04  1.3440E+03  0.0000E+00  0.0000E+00  1.0000E+00  1.0000E+00  6.0000E+00  3.0000E+00  2.0000E+00  5.7000E+01  8.0000E+00  5.0000E+00  1.0000E+00  6.0000E-01  1.0000E+01  1.4000E+03  0.0000E+00  0.0000E+00  5.1090E+03  0.0000E+00  1.2647E+02  0.0000E+00 -1.3313E+00  0.0000E+00  1.2647E+02  0.0000E+00  0.0000E+00
  5.1092E+04  0.0000E+00  1.2000E+00  0.0000E+00  1.0000E+00  2.0000E+00  1.0000E+00  2.0000E+00  2.0000E+00  1.0000E+00  0.0000E+00  5.0000E+00  0.0000E+00  6.0000E-01  1.0000E+01  0.0000E+00  0.0000E+00  0.0000E+00  5.1090E+03  1.7000E+01  8.0000E+05  0.0000E+00 -6.0410E-01  0.0000E+00  8.0000E+05  0.0000E+00  0.0000E+00
  5.1092E+04  1.3440E+03  0.0000E+00  0.0000E+00  1.0000E+00  2.0000E+00  4.0000E+00  7.0000E+00  2.0000E+00  5.7000E+01  8.0000E+00  5.0000E+00  1.0000E+00  6.0000E-01  1.0000E+01  1.4040E+03  0.0000E+00  2.4720E+03  5.1090E+03  1.7000E+01  2.4978E+02  0.0000E+00 -1.0920E+00  0.0000E+00  2.4978E+02  0.0000E+00  0.0000E+00
  5.1100E+04  0.0000E+00  6.0000E-01  0.0000E+00  1.0000E+00  0.0000E+00  1.0000E+00  2.0000E+00  2.0000E+00  1.0000E+00  0.0000E+00  5.0000E+00  0.0000E+00  6.0000E-01  1.0000E+01  0.0000E+00  0.0000E+00  0.0000E+00  5.1100E+03  3.0000E+00  4.0000E+05  0.0000E+00 -6.0410E-01  0.0000E+00  4.0000E+05  0.0000E+00  0.0000E+00
  5.1100E+04  1.3440E+03  0.0000E+00  1.2715E+01  0.0000E+00  0.0000E+00  2.0000E+00  1.0000E+00  2.0000E+00  5.7000E+01  8.0000E+00  5.0000E+00  1.0000E+00  6.0000E-01  1.0000E+01  1.4050E+03  0.0000E+00  2.4740E+03  5.1100E+03  3.0000E+00  7.2733E+00  1.2169E+00  4.6036E-01  1.2715E+01  7.2733E+00  5.4413E+00  1.2169E+00
  5.1100E+04  1.3440E+03  0.0000E+00  1.4429E+02  0.0000E+00  0.0000E+00  1.0000E+00  2.0000E+00  2.0000E+00  5.7000E+01  8.0000E+00  5.0000E+00  1.0000E+00  6.0000E-01  1.0000E+01  1.4060E+03  0.0000E+00  2.4750E+03  5.1100E+03  3.0000E+00  1.2647E+02  2.6087E-01  8.5069E-02  1.4429E+02  1.2647E+02  1.7816E+01  2.6087E-01
  5.1100E+04  1.3440E+03  0.0000E+00  6.9201E+01  0.0000E+00  0.0000E+00  3.0000E+00  4.0000E+00  2.0000E+00  5.7000E+01  8.0000E+00  5.0000E+00  1.0000E+00  6.0000E-01  1.0000E+01  1.4080E+03  0.0000E+00  2.4770E+03  5.1100E+03  3.0000E+00  3.7784E+01  8.9118E-01  1.0861E+00  6.9201E+01  3.7784E+01  3.1417E+01  8.9118E-01
  5.1100E+04  1.3440E+03  0.0000E+00  0.0000E+00  1.0000E+00  0.0000E+00  5.0000E+00  6.0000E+00  2.0000E+00  5.7000E+01  8.0000E+00  5.0000E+00  1.0000E+00  6.0000E-01  1.0000E+01  1.4100E+03  0.0000E+00  2.4790E+03  5.1100E+03  0.0000E+00  1.2647E+02  0.0000E+00 -2.9636E+00  0.0000E+00  1.2647E+02  0.0000E+00  0.0000E+00
  5.1100E+04  1.3440E+03  0.0000E+00  0.0000E+00  1.0000E+00  0.0000E+00  6.0000E+00  3.0000E+00  2.0000E+00  5.7000E+01  8.0000E+00  5.0000E+00  1.0000E+00  6.0000E-01  1.0000E+01  1.4070E+03  0.0000E+00  0.0000E+00  5.1100E+03  0.0000E+00  1.2647E+02  0.0000E+00 -1.3313E+00  0.0000E+00  1.2647E+02  0.0000E+00  0.0000E+00
  5.1101E+04  0.0000E+00  6.0000E-01  0.0000E+00  1.0000E+00  1.0000E+00  1.0000E+00  2.0000E+00  2.0000E+00  1.0000E+00  0.0000E+00  5.0000E+00  0.0000E+00  6.0000E-01  1.0000E+01  0.0000E+00  0.0000E+00  0.0000E+00  5.1100E+03  6.0000E+00  4.0000E+05  0.0000E+00 -6.0410E-01  0.0000E+00  4.0000E+05  0.0000E+00  0.0000E+00
  5.1101E+04  1.3440E+03  0.0000E+00  1.5274E+01  0.0000E+00  1.0000E+00  2.0000E+00  1.0000E+00  2.0000E+00  5.7000E+01  8.0000E+00  5.0000E+00  1.0000E+00  6.0000E-01  1.0000E+01  1.4110E+03  0.0000E+00  2.4810E+03  5.1100E+03  6.0000E+00  7.2733E+00  1.7893E+00  6.7692E-01  1.5274E+01  7.2733E+00  8.0009E+00  1.7893E+00
  5.1101E+04  1.3440E+03  0.0000E+00  1.3938E+02  0.0000E+00  1.0000E+00  1.0000E+00  2.0000E+00  2.0000E+00  5.7000E+01  8.0000E+00  5.0000E+00  1.0000E+00  6.0000E-01  1.0000E+01  1.4120E+03  0.0000E+00  2.4820E+03  5.1100E+03  6.0000E+00  1.2647E+02  1.8896E-01  6.1618E-02  1.3938E+02  1.2647E+02  1.2905E+01  1.8896E-01
  5.1101E+04  1.3440E+03  0.0000E+00  9.2805E+01  0.0000E+00  1.0000E+00  3.0000E+00  4.0000E+00  2.0000E+00  5.7000E+01  8.0000E+00  5.0000E+00  1.0000E+00  6.0000E-01  1.0000E+01  1.4140E+03  0.0000E+00  2.4840E+03  5.1100E+03  6.0000E+00  3.7784E+01  1.5607E+00  1.9021E+00  9.2805E+01  3.7784E+01  5.5021E+01  1.5607E+00
  5.1101E+04  1.3440E+03  0.0000E+00  0.0000E+00  1.0000E+00  1.0000E+00  5.0000E+00  6.0000E+00  2.0000E+00  5.7000E+01  8.0000E+00  5.0000E+00  1.0000E+00  6.0000E-01  1.0000E+01  1.4160E+03  0.0000E+00  2.4860E+03  5.1100E+03  0.0000E+00  1.2647E+02  0.0000E+00 -2.9636E+00  0.0000E+00  1.2647E+02  0.0000E+00  0.0000E+00
  5.1101E+04  1.3440E+03  0.0000E+00  0.0000E+00  1.0000E+00  1.0000E+00  6.0000E+00  3.0000E+00  2.0000E+00  5.7000E+01  8.0000E+00  5.0000E+00  1.0000E+00  6.0000E-01  1.0000E+01  1.4130E+03  0.0000E+00  0.0000E+00  5.1100E+03  0.0000E+00  1.2647E+02  0.0000E+00 -1.3313E+00  0.0000E+00  1.2647E+02  0.0000E+00  0.0000E+00
  5.1102E+04  0.0000E+00  1.2000E+00  0.0000E+00  1.0000E+00  2.0000E+00  1.0000E+00  2.0000E+00  2.0000E+00  1.0000E+00  0.0000E+00  5.0000E+00  0.0000E+00  6.0000E-01  1.0000E+01  0.0000E+00  0.0000E+00  0.0000E+00  5.1100E+03  1.8000E+01  8.0000E+05  0.0000E+00 -6.0410E-01  0.0000E+00  8.0000E+05  0.0000E+00  0.0000E+00
  5.1102E+04  1.3440E+03  0.0000E+00  0.0000E+00  1.0000E+00  2.0000E+00  4.0000E+00  7.0000E+00  2.0000E+00  5.7000E+01  8.0000E+00  5.0000E+00  1.0000E+00  6.0000E-01  1.0000E+01  1.4170E+03  0.0000E+00  2.4870E+03  5.1100E+03  1.8000E+01  2.4978E+02  0.0000E+00 -1.0920E+00  0.0000E+00  2.4978E+02  0.0000E+00  0.0000E+00
  5.2010E+04  0.0000E+00  1.2000E+00  0.0000E+00  1.0000E+00  0.0000E+00  1.0000E+00  2.0000E+00  2.0000E+00  1.0000E+00  0.0000E+00  5.0000E+00  0.0000E+00  1.2000E+00  1.1000E+01  0.0000E+00  0.0000E+00  0.0000E+00  5.2010E+03  1.0000E+01  8.0000E+05  0.0000E+00 -6.0410E-01  0.0000E+00  8.0000E+05  0.0000E+00  0.0000E+00
  5.2010E+04  3.3600E+02  0.0000E+00  1.8397E+02  0.0000E+00  0.0000E+00  2.0000E+00  1.0000E+00  2.0000E+00  1.5000E+01  2.0000E+00  5.0000E+00  1.0000E+00  1.2000E+00  1.1000E+01  1.4180E+03  0.0000E+00  2.4890E+03  5.2010E+03  1.0000E+01  5.6930E+03 -2.1525E+00 -8.1431E-01  1.8397E+02  5.6930E+03 -5.5090E+03 -2.1525E+00
  5.2010E+04  3.3600E+02  0.0000E+00  1.6647E+05  0.0000E+00  0.0000E+00  1.0000E+00  2.0000E+00  2.0000E+00  1.5000E+01  2.0000E+00  5.0000E+00  1.0000E+00  1.2000E+00  1.1000E+01  1.4190E+03  0.0000E+00  2.4900E+03  5.2010E+03  1.0000E+01  1.0903E+05  9.7607E-01  3.1829E-01  1.6647E+05  1.0903E+05  5.7443E+04  9.7607E-01
  5.2010E+04  3.3600E+02  0.0000E+00  3.9089E+04  0.0000E+00  0.0000E+00  3.0000E+00  4.0000E+00  2.0000E+00  1.5000E+01  2.0000E+00  5.0000E+00  1.0000E+00  1.2000E+00  1.1000E+01  1.4210E+03  0.0000E+00  2.4920E+03  5.2010E+03  1.0000E+01  3.2414E+04  4.7523E-01  5.7917E-01  3.9089E+04  3.2414E+04  6.6744E+03  4.7523E-01
  5.2010E+04  3.3600E+02  0.0000E+00  3.1231E+02  0.0000E+00  0.0000E+00  5.0000E+00  6.0000E+00  2.0000E+00  1.5000E+01  2.0000E+00  5.0000E+00  1.0000E+00  1.2000E+00  1.1000E+01  1.4230E+03  0.0000E+00  2.4940E+03  5.2010E+03  0.0000E+00  2.2217E+03 -1.8243E+00 -6.1039E+00  3.1231E+02  2.2217E+03 -1.9094E+03 -1.8243E+00
  5.2010E+04  3.3600E+02  0.0000E+00  3.6446E+02  0.0000E+00  0.0000E+00  6.0000E+00  3.0000E+00  2.0000E+00  1.5000E+01  2.0000E+00  5.0000E+00  1.0000E+00  1.2000E+00  1.1000E+01  1.4200E+03  0.0000E+00  0.0000E+00  5.2010E+03  0.0000E+00  2.4559E+03 -1.7395E+00 -1.2683E+00  3.6446E+02  2.4559E+03 -2.0915E+03 -1.7395E+00
  5.2011E+04  0.0000E+00  1.2000E+00  0.0000E+00  1.0000E+00  1.0000E+00  1.0000E+00  2.0000E+00  2.0000E+00  1.0000E+00  0.0000E+00  5.0000E+00  0.0000E+00  1.2000E+00  1.1000E+01  0.0000E+00  0.0000E+00  0.0000E+00  5.2010E+03  1.3000E+01  8.0000E+05  0.0000E+00 -6.0410E-01  0.0000E+00  8.0000E+05  0.0000E+00  0.0000E+00
  5.2011E+04  3.3600E+02  0.0000E+00  6.6540E+02  0.0000E+00  1.0000E+00  2.0000E+00  1.0000E+00  2.0000E+00  1.5000E+01  2.0000E+00  5.0000E+00  1.0000E+00  1.2000E+00  1.1000E+01  1.4240E+03  0.0000E+00  2.4960E+03  5.2010E+03  1.3000E+01  5.6930E+03 -1.9644E+00 -7.4315E-01  6.6540E+02  5.6930E+03 -5.0276E+03 -1.9644E+00
  5.2011E+04  3.3600E+02  0.0000E+00  1.3594E+05  0.0000E+00  1.0000E+00  1.0000E+00  2.0000E+00  2.0000E+00  1.5000E+01  2.0000E+00  5.0000E+00  1.0000E+00  1.2000E+00  1.1000E+01  1.4250E+03  0.0000E+00  2.4970E+03  5.2010E+03  1.3000E+01  1.0903E+05  4.5737E-01  1.4914E-01  1.3594E+05  1.0903E+05  2.6917E+04  4.5737E-01
  5.2011E+04  3.3600E+02  0.0000E+00  4.6824E+04  0.0000E+00  1.0000E+00  3.0000E+00  4.0000E+00  2.0000E+00  1.5000E+01  2.0000E+00  5.0000E+00  1.0000E+00  1.2000E+00  1.1000E+01  1.4270E+03  0.0000E+00  2.4990E+03  5.2010E+03  1.3000E+01  3.2414E+04  1.0260E+00  1.2504E+00  4.6824E+04  3.2414E+04  1.4410E+04  1.0260E+00
  5.2011E+04  3.3600E+02  0.0000E+00  1.7794E+03  0.0000E+00  1.0000E+00  5.0000E+00  6.0000E+00  2.0000E+00  1.5000E+01  2.0000E+00  5.0000E+00  1.0000E+00  1.2000E+00  1.1000E+01  1.4290E+03  0.0000E+00  2.5010E+03  5.2010E+03  0.0000E+00  2.2217E+03 -4.2262E-01 -1.4141E+00  1.7794E+03  2.2217E+03 -4.4234E+02 -4.2262E-01
  5.2011E+04  3.3600E+02  0.0000E+00  2.8067E+02  0.0000E+00  1.0000E+00  6.0000E+00  3.0000E+00  2.0000E+00  1.5000E+01  2.0000E+00  5.0000E+00  1.0000E+00  1.2000E+00  1.1000E+01  1.4260E+03  0.0000E+00  0.0000E+00  5.2010E+03  0.0000E+00  2.4559E+03 -1.8092E+00 -1.3191E+00  2.8067E+02  2.4559E+03 -2.1753E+03 -1.8092E+00
  5.2012E+04  0.0000E+00  2.4000E+00  0.0000E+00  1.0000E+00  2.0000E+00  1.0000E+00  2.0000E+00  2.0000E+00  1.0000E+00  0.0000E+00  5.0000E+00  0.0000E+00  1.2000E+00  1.1000E+01  0.0000E+00  0.0000E+00  0.0000E+00  5.2010E+03  1.9000E+01  1.6000E+06  0.0000E+00 -6.0410E-01  0.0000E+00  1.6000E+06  0.0000E+00  0.0000E+00
  5.2012E+04  3.3600E+02  0.0000E+00  0.0000E+00  1.0000E+00  2.0000E+00  4.0000E+00  7.0000E+00  2.0000E+00  1.5000E+01  2.0000E+00  5.0000E+00  1.0000E+00  1.2000E+00  1.1000E+01  1.4300E+03  0.0000E+00  2.5020E+03  5.2010E+03  1.9000E+01  2.1806E+05  0.0000E+00 -1.0926E+00  0.0000E+00  2.1806E+05  0.0000E+00  0.0000E+00
  5.2020E+04  0.0000E+00  1.2000E+00  0.0000E+00  1.0000E+00  0.0000E+00  1.0000E+00  2.0000E+00  2.0000E+00  1.0000E+00  0.0000E+00  5.0000E+00  0.0000E+00  1.2000E+00  1.1000E+01  0.0000E+00  0.0000E+00  0.0000E+00  5.2020E+03  1.1000E+01  8.0000E+05  0.0000E+00 -6.0410E-01  0.0000E+00  8.0000E+05  0.0000E+00  0.0000E+00
  5.2020E+04  3.3600E+02  0.0000E+00  6.4709E+03  0.0000E+00  0.0000E+00  2.0000E+00  1.0000E+00  2.0000E+00  1.5000E+01  2.0000E+00  5.0000E+00  1.0000E+00  1.2000E+00  1.1000E+01  1.4310E+03  0.0000E+00  2.5040E+03  5.2020E+03  1.1000E+01  5.6930E+03  3.0396E-01  1.1499E-01  6.4709E+03  5.6930E+03  7.7794E+02  3.0396E-01
  5.2020E+04  3.3600E+02  0.0000E+00  1.8462E+05  0.0000E+00  0.0000E+00  1.0000E+00  2.0000E+00  2.0000E+00  1.5000E+01  2.0000E+00  5.0000E+00  1.0000E+00  1.2000E+00  1.1000E+01  1.4320E+03  0.0000E+00  2.5050E+03  5.2020E+03  1.1000E+01  1.0903E+05  1.2845E+00  4.1885E-01  1.8462E+05  1.0903E+05  7.5593E+04  1.2845E+00
  5.2020E+04  3.3600E+02  0.0000E+00  2.0525E+04  0.0000E+00  0.0000E+00  3.0000E+00  4.0000E+00  2.0000E+00  1.5000E+01  2.0000E+00  5.0000E+00  1.0000E+00  1.2000E+00  1.1000E+01  1.4340E+03  0.0000E+00  2.5070E+03  5.2020E+03  1.1000E+01  3.2414E+04 -8.4656E-01 -1.0317E+00  2.0525E+04  3.2414E+04 -1.1890E+04 -8.4656E-01
  5.2020E+04  3.3600E+02  0.0000E+00  8.1955E+02  0.0000E+00  0.0000E+00  5.0000E+00  6.0000E+00  2.0000E+00  1.5000E+01  2.0000E+00  5.0000E+00  1.0000E+00  1.2000E+00  1.1000E+01  1.4360E+03  0.0000E+00  2.5090E+03  5.2020E+03  0.0000E+00  2.2217E+03 -1.3396E+00 -4.4824E+00  8.1955E+02  2.2217E+03 -1.4022E+03 -1.3396E+00
  5.2020E+04  3.3600E+02  0.0000E+00  3.5245E+03  0.0000E+00  0.0000E+00  6.0000E+00  3.0000E+00  2.0000E+00  1.5000E+01  2.0000E+00  5.0000E+00  1.0000E+00  1.2000E+00  1.1000E+01  1.4330E+03  0.0000E+00  0.0000E+00  5.2020E+03  0.0000E+00  2.4559E+03  8.8877E-01  6.4801E-01  3.5245E+03  2.4559E+03  1.0686E+03  8.8877E-01
  5.2021E+04  0.0000E+00  1.2000E+00  0.0000E+00  1.0000E+00  1.0000E+00  1.0000E+00  2.0000E+00  2.0000E+00  1.0000E+00  0.0000E+00  5.0000E+00  0.0000E+00  1.2000E+00  1.1000E+01  0.0000E+00  0.0000E+00  0.0000E+00  5.2020E+03  1.4000E+01  8.0000E+05  0.0000E+00 -6.0410E-01  0.0000E+00  8.0000E+05  0.0000E+00  0.0000E+00
  5.2021E+04  3.3600E+02  0.0000E+00  7.2565E+03  0.0000E+00  1.0000E+00  2.0000E+00  1.0000E+00  2.0000E+00  1.5000E+01  2.0000E+00  5.0000E+00  1.0000E+00  1.2000E+00  1.1000E+01  1.4370E+03  0.0000E+00  2.5110E+03  5.2020E+03  1.4000E+01  5.6930E+03  6.1089E-01  2.3111E-01  7.2565E+03  5.6930E+03  1.5635E+03  6.1089E-01
  5.2021E+04  3.3600E+02  0.0000E+00  1.0246E+05  0.0000E+00  1.0000E+00  1.0000E+00  2.0000E+00  2.0000E+00  1.5000E+01  2.0000E+00  5.0000E+00  1.0000E+00  1.2000E+00  1.1000E+01  1.4380E+03  0.0000E+00  2.5120E+03  5.2020E+03  1.4000E+01  1.0903E+05 -1.1151E-01 -3.6361E-02  1.0246E+05  1.0903E+05 -6.5624E+03 -1.1151E-01
  5.2021E+04  3.3600E+02  0.0000E+00  4.2279E+04  0.0000E+00  1.0000E+00  3.0000E+00  4.0000E+00  2.0000E+00  1.5000E+01  2.0000E+00  5.0000E+00  1.0000E+00  1.2000E+00  1.1000E+01  1.4400E+03  0.0000E+00  2.5140E+03  5.2020E+03  1.4000E+01  3.2414E+04  7.0240E-01  8.5602E-01  4.2279E+04  3.2414E+04  9.8648E+03  7.0240E-01
  5.2021E+04  3.3600E+02  0.0000E+00  3.7196E+03  0.0000E+00  1.0000E+00  5.0000E+00  6.0000E+00  2.0000E+00  1.5000E+01  2.0000E+00  5.0000E+00  1.0000E+00  1.2000E+00  1.1000E+01  1.4420E+03  0.0000E+00  2.5160E+03  5.2020E+03  0.0000E+00  2.2217E+03  1.4311E+00  4.7884E+00  3.7196E+03  2.2217E+03  1.4979E+03  1.4311E+00
  5.2021E+04  3.3600E+02  0.0000E+00  3.2166E+03  0.0000E+00  1.0000E+00  6.0000E+00  3.0000E+00  2.0000E+00  1.5000E+01  2.0000E+00  5.0000E+00  1.0000E+00  1.2000E+00  1.1000E+01  1.4390E+03  0.0000E+00  0.0000E+00  5.2020E+03  0.0000E+00  2.4559E+03  6.3264E-01  4.6126E-01  3.2166E+03  2.4559E+03  7.6066E+02  6.3264E-01
  5.2022E+04  0.0000E+00  2.4000E+00  0.0000E+00  1.0000E+00  2.0000E+00  1.0000E+00  2.0000E+00  2.0000E+00  1.0000E+00  0.0000E+00  5.0000E+00  0.0000E+00  1.2000E+00  1.1000E+01  0.0000E+00  0.0000E+00  0.0000E+00  5.2020E+03  2.0000E+01  1.6000E+06  0.0000E+00 -6.0410E-01  0.0000E+00  1.6000E+06  0.0000E+00  0.0000E+00
  5.2022E+04  3.3600E+02  0.0000E+00  3.3941E+02  0.0000E+00  2.0000E+00  4.0000E+00  7.0000E+00  2.0000E+00  1.5000E+01  2.0000E+00  5.0000E+00  1.0000E+00  1.2000E+00  1.1000E+01  1.4430E+03  0.0000E+00  2.5170E+03  5.2020E+03  2.0000E+01  4.3858E+02 -5.7437E-01 -2.4700E-01  3.3941E+02  4.3858E+02 -9.9162E+01 -5.7437E-01
  5.2030E+04  0.0000E+00  1.2000E+00  0.0000E+00  1.0000E+00  0.0000E+00  1.0000E+00  2.0000E+00  2.0000E+00  1.0000E+00  0.0000E+00  5.0000E+00  0.0000E+00  1.2000E+00  1.1000E+01  0.0000E+00  0.0000E+00  0.0000E+00  5.2030E+03  1.0000E+01  8.0000E+05  0.0000E+00 -6.0410E-01  0.0000E+00  8.0000E+05  0.0000E+00  0.0000E+00
  5.2030E+04  6.7200E+02  0.0000E+00  3.8098E+02  0.0000E+00  0.0000E+00  2.0000E+00  1.0000E+00  2.0000E+00  2.9000E+01  4.0000E+00  5.0000E+00  1.0000E+00  1.2000E+00  1.1000E+01  1.4440E+03  0.0000E+00  2.5190E+03  5.2030E+03  1.0000E+01  7.9307E+02 -1.1558E+00 -4.3725E-01  3.8098E+02  7.9307E+02 -4.1210E+02 -1.1558E+00
  5.2030E+04  6.7200E+02  0.0000E+00  8.8602E+03  0.0000E+00  0.0000E+00  1.0000E+00  2.0000E+00  2.0000E+00  2.9000E+01  4.0000E+00  5.0000E+00  1.0000E+00  1.2000E+00  1.1000E+01  1.4450E+03  0.0000E+00  2.5200E+03  5.2030E+03  1.0000E+01  1.4583E+04 -7.2697E-01 -2.3706E-01  8.8602E+03  1.4583E+04 -5.7224E+03 -7.2697E-01
  5.2030E+04  6.7200E+02  0.0000E+00  2.9857E+03  0.0000E+00  0.0000E+00  3.0000E+00  4.0000E+00  2.0000E+00  2.9000E+01  4.0000E+00  5.0000E+00  1.0000E+00  1.2000E+00  1.1000E+01  1.4470E+03  0.0000E+00  2.5220E+03  5.2030E+03  1.0000E+01  4.3447E+03 -7.2179E-01 -8.7964E-01  2.9857E+03  4.3447E+03 -1.3589E+03 -7.2179E-01
  5.2030E+04  6.7200E+02  0.0000E+00  0.0000E+00  1.0000E+00  0.0000E+00  5.0000E+00  6.0000E+00  2.0000E+00  2.9000E+01  4.0000E+00  5.0000E+00  1.0000E+00  1.2000E+00  1.1000E+01  1.4490E+03  0.0000E+00  2.5240E+03  5.2030E+03  0.0000E+00  1.4583E+04  0.0000E+00 -7.1564E+00  0.0000E+00  1.4583E+04  0.0000E+00  0.0000E+00
  5.2030E+04  6.7200E+02  0.0000E+00  0.0000E+00  1.0000E+00  0.0000E+00  6.0000E+00  3.0000E+00  2.0000E+00  2.9000E+01  4.0000E+00  5.0000E+00  1.0000E+00  1.2000E+00  1.1000E+01  1.4460E+03  0.0000E+00  0.0000E+00  5.2030E+03  0.0000E+00  1.4583E+04  0.0000E+00 -1.4898E+00  0.0000E+00  1.4583E+04  0.0000E+00  0.0000E+00
  5.2031E+04  0.0000E+00  1.2000E+00  0.0000E+00  1.0000E+00  1.0000E+00  1.0000E+00  2.0000E+00  2.0000E+00  1.0000E+00  0.0000E+00  5.0000E+00  0.0000E+00  1.2000E+00  1.1000E+01  0.0000E+00  0.0000E+00  0.0000E+00  5.2030E+03  1.3000E+01  8.0000E+05  0.0000E+00 -6.0410E-01  0.0000E+00  8.0000E+05  0.0000E+00  0.0000E+00
  5.2031E+04  6.7200E+02  0.0000E+00  4.9328E+02  0.0000E+00  1.0000E+00  2.0000E+00  1.0000E+00  2.0000E+00  2.9000E+01  4.0000E+00  5.0000E+00  1.0000E+00  1.2000E+00  1.1000E+01  1.4500E+03  0.0000E+00  2.5260E+03  5.2030E+03  1.3000E+01  7.9307E+02 -8.4082E-01 -3.1809E-01  4.9328E+02  7.9307E+02 -2.9979E+02 -8.4082E-01
  5.2031E+04  6.7200E+02  0.0000E+00  1.4701E+04  0.0000E+00  1.0000E+00  1.0000E+00  2.0000E+00  2.0000E+00  2.9000E+01  4.0000E+00  5.0000E+00  1.0000E+00  1.2000E+00  1.1000E+01  1.4510E+03  0.0000E+00  2.5270E+03  5.2030E+03  1.3000E+01  1.4583E+04  1.4994E-02  4.8895E-03  1.4701E+04  1.4583E+04  1.1803E+02  1.4994E-02
  5.2031E+04  6.7200E+02  0.0000E+00  3.4863E+03  0.0000E+00  1.0000E+00  3.0000E+00  4.0000E+00  2.0000E+00  2.9000E+01  4.0000E+00  5.0000E+00  1.0000E+00  1.2000E+00  1.1000E+01  1.4530E+03  0.0000E+00  2.5290E+03  5.2030E+03  1.3000E+01  4.3447E+03 -4.5592E-01 -5.5563E-01  3.4863E+03  4.3447E+03 -8.5838E+02 -4.5592E-01
  5.2031E+04  6.7200E+02  0.0000E+00  3.9144E+02  0.0000E+00  1.0000E+00  5.0000E+00  6.0000E+00  2.0000E+00  2.9000E+01  4.0000E+00  5.0000E+00  1.0000E+00  1.2000E+00  1.1000E+01  1.4550E+03  0.0000E+00  2.5310E+03  5.2030E+03  0.0000E+00  2.9728E+02  4.9491E-01  1.6559E+00  3.9144E+02  2.9728E+02  9.4169E+01  4.9491E-01
  5.2031E+04  6.7200E+02  0.0000E+00  2.9782E+01  0.0000E+00  1.0000E+00  6.0000E+00  3.0000E+00  2.0000E+00  2.9000E+01  4.0000E+00  5.0000E+00  1.0000E+00  1.2000E+00  1.1000E+01  1.4520E+03  0.0000E+00  0.0000E+00  5.2030E+03  0.0000E+00  3.4045E+02 -1.8329E+00 -1.3364E+00  2.9782E+01  3.4045E+02 -3.1067E+02 -1.8329E+00
  5.2032E+04  0.0000E+00  2.4000E+00  0.0000E+00  1.0000E+00  2.0000E+00  1.0000E+00  2.0000E+00  2.0000E+00  1.0000E+00  0.0000E+00  5.0000E+00  0.0000E+00  1.2000E+00  1.1000E+01  0.0000E+00  0.0000E+00  0.0000E+00  5.2030E+03  1.9000E+01  1.6000E+06  0.0000E+00 -6.0410E-01  0.0000E+00  1.6000E+06  0.0000E+00  0.0000E+00
  5.2032E+04  6.7200E+02  0.0000E+00  0.0000E+00  1.0000E+00  2.0000E+00  4.0000E+00  7.0000E+00  2.0000E+00  2.9000E+01  4.0000E+00  5.0000E+00  1.0000E+00  1.2000E+00  1.1000E+01  1.4560E+03  0.0000E+00  2.5320E+03  5.2030E+03  1.9000E+01  2.9155E+04  0.0000E+00 -1.0926E+00  0.0000E+00  2.9155E+04  0.0000E+00  0.0000E+00
  5.2040E+04  0.0000E+00  1.2000E+00  0.0000E+00  1.0000E+00  0.0000E+00  1.0000E+00  2.0000E+00  2.0000E+00  1.0000E+00  0.0000E+00  5.0000E+00  0.0000E+00  1.2000E+00  1.1000E+01  0.0000E+00  0.0000E+00  0.0000E+00  5.2040E+03  1.1000E+01  8.0000E+05  0.0000E+00 -6.0410E-01  0.0000E+00  8.0000E+05  0.0000E+00  0.0000E+00
  5.2040E+04  6.7200E+02  0.0000E+00  1.4873E+03  0.0000E+00  0.0000E+00  2.0000E+00  1.0000E+00  2.0000E+00  2.9000E+01  4.0000E+00  5.0000E+00  1.0000E+00  1.2000E+00  1.1000E+01  1.4570E+03  0.0000E+00  2.5340E+03  5.2040E+03  1.1000E+01  7.9307E+02  1.9470E+00  7.3657E-01  1.4873E+03  7.9307E+02  6.9421E+02  1.9470E+00
  5.2040E+04  6.7200E+02  0.0000E+00  1.8939E+04  0.0000E+00  0.0000E+00  1.0000E+00  2.0000E+00  2.0000E+00  2.9000E+01  4.0000E+00  5.0000E+00  1.0000E+00  1.2000E+00  1.1000E+01  1.4580E+03  0.0000E+00  2.5350E+03  5.2040E+03  1.1000E+01  1.4583E+04  5.5348E-01  1.8049E-01  1.8939E+04  1.4583E+04  4.3568E+03  5.5348E-01
  5.2040E+04  6.7200E+02  0.0000E+00  5.9885E+03  0.0000E+00  0.0000E+00  3.0000E+00  4.0000E+00  2.0000E+00  2.9000E+01  4.0000E+00  5.0000E+00  1.0000E+00  1.2000E+00  1.1000E+01  1.4600E+03  0.0000E+00  2.5370E+03  5.2040E+03  1.1000E+01  4.3447E+03  8.7314E-01  1.0641E+00  5.9885E+03  4.3447E+03  1.6439E+03  8.7314E-01
  5.2040E+04  6.7200E+02  0.0000E+00  2.1402E+02  0.0000E+00  0.0000E+00  5.0000E+00  6.0000E+00  2.0000E+00  2.9000E+01  4.0000E+00  5.0000E+00  1.0000E+00  1.2000E+00  1.1000E+01  1.4620E+03  0.0000E+00  2.5390E+03  5.2040E+03  0.0000E+00  2.9728E+02 -4.3758E-01 -1.4641E+00  2.1402E+02  2.9728E+02 -8.3260E+01 -4.3758E-01
  5.2040E+04  6.7200E+02  0.0000E+00  4.0652E+02  0.0000E+00  0.0000E+00  6.0000E+00  3.0000E+00  2.0000E+00  2.9000E+01  4.0000E+00  5.0000E+00  1.0000E+00  1.2000E+00  1.1000E+01  1.4590E+03  0.0000E+00  0.0000E+00  5.2040E+03  0.0000E+00  3.4045E+02  3.8980E-01  2.8421E-01  4.0652E+02  3.4045E+02  6.6071E+01  3.8980E-01
  5.2041E+04  0.0000E+00  1.2000E+00  0.0000E+00  1.0000E+00  1.0000E+00  1.0000E+00  2.0000E+00  2.0000E+00  1.0000E+00  0.0000E+00  5.0000E+00  0.0000E+00  1.2000E+00  1.1000E+01  0.0000E+00  0.0000E+00  0.0000E+00  5.2040E+03  1.4000E+01  8.0000E+05  0.0000E+00 -6.0410E-01  0.0000E+00  8.0000E+05  0.0000E+00  0.0000E+00
  5.2041E+04  6.7200E+02  0.0000E+00  9.4698E+02  0.0000E+00  1.0000E+00  2.0000E+00  1.0000E+00  2.0000E+00  2.9000E+01  4.0000E+00  5.0000E+00  1.0000E+00  1.2000E+00  1.1000E+01  1.4630E+03  0.0000E+00  2.5410E+03  5.2040E+03  1.4000E+01  7.9307E+02  4.3166E-01  1.6330E-01  9.4698E+02  7.9307E+02  1.5391E+02  4.3166E-01
  5.2041E+04  6.7200E+02  0.0000E+00  1.6894E+04  0.0000E+00  1.0000E+00  1.0000E+00  2.0000E+00  2.0000E+00  2.9000E+01  4.0000E+00  5.0000E+00  1.0000E+00  1.2000E+00  1.1000E+01  1.4640E+03  0.0000E+00  2.5420E+03  5.2040E+03  1.4000E+01  1.4583E+04  2.9363E-01  9.5750E-02  1.6894E+04  1.4583E+04  2.3114E+03  2.9363E-01
  5.2041E+04  6.7200E+02  0.0000E+00  4.6759E+03  0.0000E+00  1.0000E+00  3.0000E+00  4.0000E+00  2.0000E+00  2.9000E+01  4.0000E+00  5.0000E+00  1.0000E+00  1.2000E+00  1.1000E+01  1.4660E+03  0.0000E+00  2.5440E+03  5.2040E+03  1.4000E+01  4.3447E+03  1.7591E-01  2.1439E-01  4.6759E+03  4.3447E+03  3.3120E+02  1.7591E-01
  5.2041E+04  6.7200E+02  0.0000E+00  3.0812E+02  0.0000E+00  1.0000E+00  5.0000E+00  6.0000E+00  2.0000E+00  2.9000E+01  4.0000E+00  5.0000E+00  1.0000E+00  1.2000E+00  1.1000E+01  1.4680E+03  0.0000E+00  2.5460E+03  5.2040E+03  0.0000E+00  2.9728E+02  5.6985E-02  1.9067E-01  3.0812E+02  2.9728E+02  1.0843E+01  5.6985E-02
  5.2041E+04  6.7200E+02  0.0000E+00  2.6210E+02  0.0000E+00  1.0000E+00  6.0000E+00  3.0000E+00  2.0000E+00  2.9000E+01  4.0000E+00  5.0000E+00  1.0000E+00  1.2000E+00  1.1000E+01  1.4650E+03  0.0000E+00  0.0000E+00  5.2040E+03  0.0000E+00  3.4045E+02 -4.6227E-01 -3.3704E-01  2.6210E+02  3.4045E+02 -7.8353E+01 -4.6227E-01
  5.2042E+04  0.0000E+00  2.4000E+00  0.0000E+00  1.0000E+00  2.0000E+00  1.0000E+00  2.0000E+00  2.0000E+00  1.0000E+00  0.0000E+00  5.0000E+00  0.0000E+00  1.2000E+00  1.1000E+01  0.0000E+00  0.0000E+00  0.0000E+00  5.2040E+03  2.0000E+01  1.6000E+06  0.0000E+00 -6.0410E-01  0.0000E+00  1.6000E+06  0.0000E+00  0.0000E+00
  5.2042E+04  6.7200E+02  0.0000E+00  1.5837E+02  0.0000E+00  2.0000E+00  4.0000E+00  7.0000E+00  2.0000E+00  2.9000E+01  4.0000E+00  5.0000E+00  1.0000E+00  1.2000E+00  1.1000E+01  1.4690E+03  0.0000E+00  2.5470E+03  5.2040E+03  2.0000E+01  1.0505E+02  1.2857E+00  5.5288E-01  1.5837E+02  1.0505E+02  5.3320E+01  1.2857E+00
  5.2050E+04  0.0000E+00  1.2000E+00  0.0000E+00  1.0000E+00  0.0000E+00  1.0000E+00  2.0000E+00  2.0000E+00  1.0000E+00  0.0000E+00  5.0000E+00  0.0000E+00  1.2000E+00  1.1000E+01  0.0000E+00  0.0000E+00  0.0000E+00  5.2050E+03  1.2000E+01  8.0000E+05  0.0000E+00 -6.0410E-01  0.0000E+00  8.0000E+05  0.0000E+00  0.0000E+00
  5.2050E+04  6.7200E+02  0.0000E+00  1.0185E+03  0.0000E+00  0.0000E+00  2.0000E+00  1.0000E+00  2.0000E+00  2.9000E+01  4.0000E+00  5.0000E+00  1.0000E+00  1.2000E+00  1.1000E+01  1.4700E+03  0.0000E+00  2.5490E+03  5.2050E+03  1.2000E+01  7.9307E+02  6.3222E-01  2.3918E-01  1.0185E+03  7.9307E+02  2.2542E+02  6.3222E-01
  5.2050E+04  6.7200E+02  0.0000E+00  1.2609E+04  0.0000E+00  0.0000E+00  1.0000E+00  2.0000E+00  2.0000E+00  2.9000E+01  4.0000E+00  5.0000E+00  1.0000E+00  1.2000E+00  1.1000E+01  1.4710E+03  0.0000E+00  2.5500E+03  5.2050E+03  1.2000E+01  1.4583E+04 -2.5069E-01 -8.1749E-02  1.2609E+04  1.4583E+04 -1.9734E+03 -2.5069E-01
  5.2050E+04  6.7200E+02  0.0000E+00  7.1199E+03  0.0000E+00  0.0000E+00  3.0000E+00  4.0000E+00  2.0000E+00  2.9000E+01  4.0000E+00  5.0000E+00  1.0000E+00  1.2000E+00  1.1000E+01  1.4730E+03  0.0000E+00  2.5520E+03  5.2050E+03  1.2000E+01  4.3447E+03  1.4741E+00  1.7964E+00  7.1199E+03  4.3447E+03  2.7752E+03  1.4741E+00
  5.2050E+04  6.7200E+02  0.0000E+00  2.9406E+02  0.0000E+00  0.0000E+00  5.0000E+00  6.0000E+00  2.0000E+00  2.9000E+01  4.0000E+00  5.0000E+00  1.0000E+00  1.2000E+00  1.1000E+01  1.4750E+03  0.0000E+00  2.5540E+03  5.2050E+03  0.0000E+00  2.9728E+02 -1.6873E-02 -5.6457E-02  2.9406E+02  2.9728E+02 -3.2105E+00 -1.6873E-02
  5.2050E+04  6.7200E+02  0.0000E+00  3.3318E+02  0.0000E+00  0.0000E+00  6.0000E+00  3.0000E+00  2.0000E+00  2.9000E+01  4.0000E+00  5.0000E+00  1.0000E+00  1.2000E+00  1.1000E+01  1.4720E+03  0.0000E+00  0.0000E+00  5.2050E+03  0.0000E+00  3.4045E+02 -4.2916E-02 -3.1290E-02  3.3318E+02  3.4045E+02 -7.2742E+00 -4.2916E-02
  5.2051E+04  0.0000E+00  1.2000E+00  0.0000E+00  1.0000E+00  1.0000E+00  1.0000E+00  2.0000E+00  2.0000E+00  1.0000E+00  0.0000E+00  5.0000E+00  0.0000E+00  1.2000E+00  1.1000E+01  0.0000E+00  0.0000E+00  0.0000E+00  5.2050E+03  1.5000E+01  8.0000E+05  0.0000E+00 -6.0410E-01  0.0000E+00  8.0000E+05  0.0000E+00  0.0000E+00
  5.2051E+04  6.7200E+02  0.0000E+00  9.3480E+02  0.0000E+00  1.0000E+00  2.0000E+00  1.0000E+00  2.0000E+00  2.9000E+01  4.0000E+00  5.0000E+00  1.0000E+00  1.2000E+00  1.1000E+01  1.4760E+03  0.0000E+00  2.5560E+03  5.2050E+03  1.5000E+01  7.9307E+02  3.9750E-01  1.5038E-01  9.3480E+02  7.9307E+02  1.4173E+02  3.9750E-01
  5.2051E+04  6.7200E+02  0.0000E+00  1.4891E+04  0.0000E+00  1.0000E+00  1.0000E+00  2.0000E+00  2.0000E+00  2.9000E+01  4.0000E+00  5.0000E+00  1.0000E+00  1.2000E+00  1.1000E+01  1.4770E+03  0.0000E+00  2.5570E+03  5.2050E+03  1.5000E+01  1.4583E+04  3.9163E-02  1.2771E-02  1.4891E+04  1.4583E+04  3.0828E+02  3.9163E-02
  5.2051E+04  6.7200E+02  0.0000E+00  7.4537E+03  0.0000E+00  1.0000E+00  3.0000E+00  4.0000E+00  2.0000E+00  2.9000E+01  4.0000E+00  5.0000E+00  1.0000E+00  1.2000E+00  1.1000E+01  1.4790E+03  0.0000E+00  2.5590E+03  5.2050E+03  1.5000E+01  4.3447E+03  1.6513E+00  2.0125E+00  7.4537E+03  4.3447E+03  3.1090E+03  1.6513E+00
  5.2051E+04  6.7200E+02  0.0000E+00  6.1726E+02  0.0000E+00  1.0000E+00  5.0000E+00  6.0000E+00  2.0000E+00  2.9000E+01  4.0000E+00  5.0000E+00  1.0000E+00  1.2000E+00  1.1000E+01  1.4810E+03  0.0000E+00  2.5610E+03  5.2050E+03  0.0000E+00  2.9728E+02  1.6817E+00  5.6269E+00  6.1726E+02  2.9728E+02  3.1999E+02  1.6817E+00
  5.2051E+04  6.7200E+02  0.0000E+00  5.3648E+02  0.0000E+00  1.0000E+00  6.0000E+00  3.0000E+00  2.0000E+00  2.9000E+01  4.0000E+00  5.0000E+00  1.0000E+00  1.2000E+00  1.1000E+01  1.4780E+03  0.0000E+00  0.0000E+00  5.2050E+03  0.0000E+00  3.4045E+02  1.1565E+00  8.4321E-01  5.3648E+02  3.4045E+02  1.9602E+02  1.1565E+00
  5.2052E+04  0.0000E+00  2.4000E+00  0.0000E+00  1.0000E+00  2.0000E+00  1.0000E+00  2.0000E+00  2.0000E+00  1.0000E+00  0.0000E+00  5.0000E+00  0.0000E+00  1.2000E+00  1.1000E+01  0.0000E+00  0.0000E+00  0.0000E+00  5.2050E+03  2.1000E+01  1.6000E+06  0.0000E+00 -6.0410E-01  0.0000E+00  1.6000E+06  0.0000E+00  0.0000E+00
  5.2052E+04  6.7200E+02  0.0000E+00  1.1229E+02  0.0000E+00  2.0000E+00  4.0000E+00  7.0000E+00  2.0000E+00  2.9000E+01  4.0000E+00  5.0000E+00  1.0000E+00  1.2000E+00  1.1000E+01  1.4820E+03  0.0000E+00  2.5620E+03  5.2050E+03  2.1000E+01  1.0505E+02  1.7453E-01  7.5053E-02  1.1229E+02  1.0505E+02  7.2381E+00  1.7453E-01
  5.2060E+04  0.0000E+00  1.2000E+00  0.0000E+00  1.0000E+00  0.0000E+00  1.0000E+00  2.0000E+00  2.0000E+00  1.0000E+00  0.0000E+00  5.0000E+00  0.0000E+00  1.2000E+00  1.1000E+01  0.0000E+00  0.0000E+00  0.0000E+00  5.2060E+03  1.0000E+01  8.0000E+05  0.0000E+00 -6.0410E-01  0.0000E+00  8.0000E+05  0.0000E+00  0.0000E+00
  5.2060E+04  1.0080E+03  0.0000E+00  6.9541E+01  0.0000E+00  0.0000E+00  2.0000E+00  1.0000E+00  2.0000E+00  4.3000E+01  6.0000E+00  5.0000E+00  1.0000E+00  1.2000E+00  1.1000E+01  1.4830E+03  0.0000E+00  2.5640E+03  5.2060E+03  1.0000E+01  1.0761E+02 -7.8535E-01 -2.9710E-01  6.9541E+01  1.0761E+02 -3.8068E+01 -7.8535E-01
  5.2060E+04  1.0080E+03  0.0000E+00  9.7019E+02  0.0000E+00  0.0000E+00  1.0000E+00  2.0000E+00  2.0000E+00  4.3000E+01  6.0000E+00  5.0000E+00  1.0000E+00  1.2000E+00  1.1000E+01  1.4840E+03  0.0000E+00  2.5650E+03  5.2060E+03  1.0000E+01  1.9172E+03 -9.1507E-01 -2.9840E-01  9.7019E+02  1.9172E+03 -9.4701E+02 -9.1507E-01
  5.2060E+04  1.0080E+03  0.0000E+00  3.4472E+02  0.0000E+00  0.0000E+00  3.0000E+00  4.0000E+00  2.0000E+00  4.3000E+01  6.0000E+00  5.0000E+00  1.0000E+00  1.2000E+00  1.1000E+01  1.4860E+03  0.0000E+00  2.5670E+03  5.2060E+03  1.0000E+01  5.7207E+02 -9.1003E-01 -1.1091E+00  3.4472E+02  5.7207E+02 -2.2735E+02 -9.1003E-01
  5.2060E+04  1.0080E+03  0.0000E+00  0.0000E+00  1.0000E+00  0.0000E+00  5.0000E+00  6.0000E+00  2.0000E+00  4.3000E+01  6.0000E+00  5.0000E+00  1.0000E+00  1.2000E+00  1.1000E+01  1.4880E+03  0.0000E+00  2.5690E+03  5.2060E+03  0.0000E+00  1.9172E+03  0.0000E+00 -7.0836E+00  0.0000E+00  1.9172E+03  0.0000E+00  0.0000E+00
  5.2060E+04  1.0080E+03  0.0000E+00  0.0000E+00  1.0000E+00  0.0000E+00  6.0000E+00  3.0000E+00  2.0000E+00  4.3000E+01  6.0000E+00  5.0000E+00  1.0000E+00  1.2000E+00  1.1000E+01  1.4850E+03  0.0000E+00  0.0000E+00  5.2060E+03  0.0000E+00  1.9172E+03  0.0000E+00 -1.4889E+00  0.0000E+00  1.9172E+03  0.0000E+00  0.0000E+00
  5.2061E+04  0.0000E+00  1.2000E+00  0.0000E+00  1.0000E+00  1.0000E+00  1.0000E+00  2.0000E+00  2.0000E+00  1.0000E+00  0.0000E+00  5.0000E+00  0.0000E+00  1.2000E+00  1.1000E+01  0.0000E+00  0.0000E+00  0.0000E+00  5.2060E+03  1.3000E+01  8.0000E+05  0.0000E+00 -6.0410E-01  0.0000E+00  8.0000E+05  0.0000E+00  0.0000E+00
  5.2061E+04  1.0080E+03  0.0000E+00  9.9372E+01  0.0000E+00  1.0000E+00  2.0000E+00  1.0000E+00  2.0000E+00  4.3000E+01  6.0000E+00  5.0000E+00  1.0000E+00  1.2000E+00  1.1000E+01  1.4890E+03  0.0000E+00  2.5710E+03  5.2060E+03  1.3000E+01  1.0761E+02 -1.6995E-01 -6.4293E-02  9.9372E+01  1.0761E+02 -8.2380E+00 -1.6995E-01
  5.2061E+04  1.0080E+03  0.0000E+00  1.0314E+03  0.0000E+00  1.0000E+00  1.0000E+00  2.0000E+00  2.0000E+00  4.3000E+01  6.0000E+00  5.0000E+00  1.0000E+00  1.2000E+00  1.1000E+01  1.4900E+03  0.0000E+00  2.5720E+03  5.2060E+03  1.3000E+01  1.9172E+03 -8.5597E-01 -2.7912E-01  1.0314E+03  1.9172E+03 -8.8585E+02 -8.5597E-01
  5.2061E+04  1.0080E+03  0.0000E+00  5.6994E+02  0.0000E+00  1.0000E+00  3.0000E+00  4.0000E+00  2.0000E+00  4.3000E+01  6.0000E+00  5.0000E+00  1.0000E+00  1.2000E+00  1.1000E+01  1.4920E+03  0.0000E+00  2.5740E+03  5.2060E+03  1.3000E+01  5.7207E+02 -8.5231E-03 -1.0387E-02  5.6994E+02  5.7207E+02 -2.1293E+00 -8.5231E-03
  5.2061E+04  1.0080E+03  0.0000E+00  0.0000E+00  1.0000E+00  1.0000E+00  5.0000E+00  6.0000E+00  2.0000E+00  4.3000E+01  6.0000E+00  5.0000E+00  1.0000E+00  1.2000E+00  1.1000E+01  1.4940E+03  0.0000E+00  2.5760E+03  5.2060E+03  0.0000E+00  1.9172E+03  0.0000E+00 -7.0836E+00  0.0000E+00  1.9172E+03  0.0000E+00  0.0000E+00
  5.2061E+04  1.0080E+03  0.0000E+00  7.3271E+01  0.0000E+00  1.0000E+00  6.0000E+00  3.0000E+00  2.0000E+00  4.3000E+01  6.0000E+00  5.0000E+00  1.0000E+00  1.2000E+00  1.1000E+01  1.4910E+03  0.0000E+00  0.0000E+00  5.2060E+03  0.0000E+00  4.6025E+01  7.0966E-01  5.1742E-01  7.3271E+01  4.6025E+01  2.7246E+01  7.0966E-01
  5.2062E+04  0.0000E+00  2.4000E+00  0.0000E+00  1.0000E+00  2.0000E+00  1.0000E+00  2.0000E+00  2.0000E+00  1.0000E+00  0.0000E+00  5.0000E+00  0.0000E+00  1.2000E+00  1.1000E+01  0.0000E+00  0.0000E+00  0.0000E+00  5.2060E+03  1.9000E+01  1.6000E+06  0.0000E+00 -6.0410E-01  0.0000E+00  1.6000E+06  0.0000E+00  0.0000E+00
  5.2062E+04  1.0080E+03  0.0000E+00  0.0000E+00  1.0000E+00  2.0000E+00  4.0000E+00  7.0000E+00  2.0000E+00  4.3000E+01  6.0000E+00  5.0000E+00  1.0000E+00  1.2000E+00  1.1000E+01  1.4950E+03  0.0000E+00  2.5770E+03  5.2060E+03  1.9000E+01  3.8320E+03  0.0000E+00 -1.0926E+00  0.0000E+00  3.8320E+03  0.0000E+00  0.0000E+00
  5.2070E+04  0.0000E+00  1.2000E+00  0.0000E+00  1.0000E+00  0.0000E+00  1.0000E+00  2.0000E+00  2.0000E+00  1.0000E+00  0.0000E+00  5.0000E+00  0.0000E+00  1.2000E+00  1.1000E+01  0.0000E+00  0.0000E+00  0.0000E+00  5.2070E+03  1.1000E+01  8.0000E+05  0.0000E+00 -6.0410E-01  0.0000E+00  8.0000E+05  0.0000E+00  0.0000E+00
  5.2070E+04  1.0080E+03  0.0000E+00  5.9511E+01  0.0000E+00  0.0000E+00  2.0000E+00  1.0000E+00  2.0000E+00  4.3000E+01  6.0000E+00  5.0000E+00  1.0000E+00  1.2000E+00  1.1000E+01  1.4960E+03  0.0000E+00  2.5790E+03  5.2070E+03  1.1000E+01  1.0761E+02 -9.9228E-01 -3.7539E-01  5.9511E+01  1.0761E+02 -4.8099E+01 -9.9228E-01
  5.2070E+04  1.0080E+03  0.0000E+00  9.8057E+02  0.0000E+00  0.0000E+00  1.0000E+00  2.0000E+00  2.0000E+00  4.3000E+01  6.0000E+00  5.0000E+00  1.0000E+00  1.2000E+00  1.1000E+01  1.4970E+03  0.0000E+00  2.5800E+03  5.2070E+03  1.1000E+01  1.9172E+03 -9.0505E-01 -2.9513E-01  9.8057E+02  1.9172E+03 -9.3664E+02 -9.0505E-01
  5.2070E+04  1.0080E+03  0.0000E+00  2.9354E+02  0.0000E+00  0.0000E+00  3.0000E+00  4.0000E+00  2.0000E+00  4.3000E+01  6.0000E+00  5.0000E+00  1.0000E+00  1.2000E+00  1.1000E+01  1.4990E+03  0.0000E+00  2.5820E+03  5.2070E+03  1.1000E+01  5.7207E+02 -1.1149E+00 -1.3588E+00  2.9354E+02  5.7207E+02 -2.7854E+02 -1.1149E+00
  5.2070E+04  1.0080E+03  0.0000E+00  0.0000E+00  1.0000E+00  0.0000E+00  5.0000E+00  6.0000E+00  2.0000E+00  4.3000E+01  6.0000E+00  5.0000E+00  1.0000E+00  1.2000E+00  1.1000E+01  1.5010E+03  0.0000E+00  2.5840E+03  5.2070E+03  0.0000E+00  1.9172E+03  0.0000E+00 -7.0836E+00  0.0000E+00  1.9172E+03  0.0000E+00  0.0000E+00
  5.2070E+04  1.0080E+03  0.0000E+00  0.0000E+00  1.0000E+00  0.0000E+00  6.0000E+00  3.0000E+00  2.0000E+00  4.3000E+01  6.0000E+00  5.0000E+00  1.0000E+00  1.2000E+00  1.1000E+01  1.4980E+03  0.0000E+00  0.0000E+00  5.2070E+03  0.0000E+00  1.9172E+03  0.0000E+00 -1.4889E+00  0.0000E+00  1.9172E+03  0.0000E+00  0.0000E+00
  5.2071E+04  0.0000E+00  1.2000E+00  0.0000E+00  1.0000E+00  1.0000E+00  1.0000E+00  2.0000E+00  2.0000E+00  1.0000E+00  0.0000E+00  5.0000E+00  0.0000E+00  1.2000E+00  1.1000E+01  0.0000E+00  0.0000E+00  0.0000E+00  5.2070E+03  1.4000E+01  8.0000E+05  0.0000E+00 -6.0410E-01  0.0000E+00  8.0000E+05  0.0000E+00  0.0000E+00
  5.2071E+04  1.0080E+03  0.0000E+00  7.8286E+01  0.0000E+00  1.0000E+00  2.0000E+00  1.0000E+00  2.0000E+00  4.3000E+01  6.0000E+00  5.0000E+00  1.0000E+00  1.2000E+00  1.1000E+01  1.5020E+03  0.0000E+00  2.5860E+03  5.2070E+03  1.4000E+01  1.0761E+02 -6.0495E-01 -2.2886E-01  7.8286E+01  1.0761E+02 -2.9324E+01 -6.0495E-01
  5.2071E+04  1.0080E+03  0.0000E+00  1.7030E+03  0.0000E+00  1.0000E+00  1.0000E+00  2.0000E+00  2.0000E+00  4.3000E+01  6.0000E+00  5.0000E+00  1.0000E+00  1.2000E+00  1.1000E+01  1.5030E+03  0.0000E+00  2.5870E+03  5.2070E+03  1.4000E+01  1.9172E+03 -2.0701E-01 -6.7504E-02  1.7030E+03  1.9172E+03 -2.1424E+02 -2.0701E-01
  5.2071E+04  1.0080E+03  0.0000E+00  4.7883E+02  0.0000E+00  1.0000E+00  3.0000E+00  4.0000E+00  2.0000E+00  4.3000E+01  6.0000E+00  5.0000E+00  1.0000E+00  1.2000E+00  1.1000E+01  1.5050E+03  0.0000E+00  2.5890E+03  5.2070E+03  1.4000E+01  5.7207E+02 -3.7325E-01 -4.5488E-01  4.7883E+02  5.7207E+02 -9.3249E+01 -3.7325E-01
  5.2071E+04  1.0080E+03  0.0000E+00  0.0000E+00  1.0000E+00  1.0000E+00  5.0000E+00  6.0000E+00  2.0000E+00  4.3000E+01  6.0000E+00  5.0000E+00  1.0000E+00  1.2000E+00  1.1000E+01  1.5070E+03  0.0000E+00  2.5910E+03  5.2070E+03  0.0000E+00  1.9172E+03  0.0000E+00 -7.0836E+00  0.0000E+00  1.9172E+03  0.0000E+00  0.0000E+00
  5.2071E+04  1.0080E+03  0.0000E+00  5.4675E+01  0.0000E+00  1.0000E+00  6.0000E+00  3.0000E+00  2.0000E+00  4.3000E+01  6.0000E+00  5.0000E+00  1.0000E+00  1.2000E+00  1.1000E+01  1.5040E+03  0.0000E+00  0.0000E+00  5.2070E+03  0.0000E+00  4.6025E+01  2.2530E-01  1.6427E-01  5.4675E+01  4.6025E+01  8.6498E+00  2.2530E-01
  5.2072E+04  0.0000E+00  2.4000E+00  0.0000E+00  1.0000E+00  2.0000E+00  1.0000E+00  2.0000E+00  2.0000E+00  1.0000E+00  0.0000E+00  5.0000E+00  0.0000E+00  1.2000E+00  1.1000E+01  0.0000E+00  0.0000E+00  0.0000E+00  5.2070E+03  2.0000E+01  1.6000E+06  0.0000E+00 -6.0410E-01  0.0000E+00  1.6000E+06  0.0000E+00  0.0000E+00
  5.2072E+04  1.0080E+03  0.0000E+00  1.3261E+01  0.0000E+00  2.0000E+00  4.0000E+00  7.0000E+00  2.0000E+00  4.3000E+01  6.0000E+00  5.0000E+00  1.0000E+00  1.2000E+00  1.1000E+01  1.5080E+03  0.0000E+00  2.5920E+03  5.2070E+03  2.0000E+01  1.8715E+01 -6.7873E-01 -2.9187E-01  1.3261E+01  1.8715E+01 -5.4534E+00 -6.7873E-01
  5.2080E+04  0.0000E+00  1.2000E+00  0.0000E+00  1.0000E+00  0.0000E+00  1.0000E+00  2.0000E+00  2.0000E+00  1.0000E+00  0.0000E+00  5.0000E+00  0.0000E+00  1.2000E+00  1.1000E+01  0.0000E+00  0.0000E+00  0.0000E+00  5.2080E+03  1.0000E+01  8.0000E+05  0.0000E+00 -6.0410E-01  0.0000E+00  8.0000E+05  0.0000E+00  0.0000E+00
  5.2080E+04  1.3440E+03  0.0000E+00  8.6474E+00  0.0000E+00  0.0000E+00  2.0000E+00  1.0000E+00  2.0000E+00  5.7000E+01  8.0000E+00  5.0000E+00  1.0000E+00  1.2000E+00  1.1000E+01  1.5090E+03  0.0000E+00  2.5940E+03  5.2080E+03  1.0000E+01  1.4374E+01 -8.0144E-01 -3.0319E-01  8.6474E+00  1.4374E+01 -5.7269E+00 -8.0144E-01
  5.2080E+04  1.3440E+03  0.0000E+00  8.1596E+01  0.0000E+00  0.0000E+00  1.0000E+00  2.0000E+00  2.0000E+00  5.7000E+01  8.0000E+00  5.0000E+00  1.0000E+00  1.2000E+00  1.1000E+01  1.5100E+03  0.0000E+00  2.5950E+03  5.2080E+03  1.0000E+01  2.4978E+02 -1.2472E+00 -4.0672E-01  8.1596E+01  2.4978E+02 -1.6818E+02 -1.2472E+00
  5.2080E+04  1.3440E+03  0.0000E+00  0.0000E+00  1.0000E+00  0.0000E+00  3.0000E+00  4.0000E+00  2.0000E+00  5.7000E+01  8.0000E+00  5.0000E+00  1.0000E+00  1.2000E+00  1.1000E+01  1.5120E+03  0.0000E+00  2.5970E+03  5.2080E+03  1.0000E+01  2.4978E+02  0.0000E+00 -2.7025E+00  0.0000E+00  2.4978E+02  0.0000E+00  0.0000E+00
  5.2080E+04  1.3440E+03  0.0000E+00  0.0000E+00  1.0000E+00  0.0000E+00  5.0000E+00  6.0000E+00  2.0000E+00  5.7000E+01  8.0000E+00  5.0000E+00  1.0000E+00  1.2000E+00  1.1000E+01  1.5140E+03  0.0000E+00  2.5990E+03  5.2080E+03  0.0000E+00  2.4978E+02  0.0000E+00 -4.7834E+00  0.0000E+00  2.4978E+02  0.0000E+00  0.0000E+00
  5.2080E+04  1.3440E+03  0.0000E+00  0.0000E+00  1.0000E+00  0.0000E+00  6.0000E+00  3.0000E+00  2.0000E+00  5.7000E+01  8.0000E+00  5.0000E+00  1.0000E+00  1.2000E+00  1.1000E+01  1.5110E+03  0.0000E+00  0.0000E+00  5.2080E+03  0.0000E+00  2.4978E+02  0.0000E+00 -1.4438E+00  0.0000E+00  2.4978E+02  0.0000E+00  0.0000E+00
  5.2081E+04  0.0000E+00  1.2000E+00  0.0000E+00  1.0000E+00  1.0000E+00  1.0000E+00  2.0000E+00  2.0000E+00  1.0000E+00  0.0000E+00  5.0000E+00  0.0000E+00  1.2000E+00  1.1000E+01  0.0000E+00  0.0000E+00  0.0000E+00  5.2080E+03  1.3000E+01  8.0000E+05  0.0000E+00 -6.0410E-01  0.0000E+00  8.0000E+05  0.0000E+00  0.0000E+00
  5.2081E+04  1.3440E+03  0.0000E+00  1.0964E+01  0.0000E+00  1.0000E+00  2.0000E+00  1.0000E+00  2.0000E+00  5.7000E+01  8.0000E+00  5.0000E+00  1.0000E+00  1.2000E+00  1.1000E+01  1.5150E+03  0.0000E+00  2.6010E+03  5.2080E+03  1.3000E+01  1.4374E+01 -4.7719E-01 -1.8053E-01  1.0964E+01  1.4374E+01 -3.4099E+00 -4.7719E-01
  5.2081E+04  1.3440E+03  0.0000E+00  9.6058E+01  0.0000E+00  1.0000E+00  1.0000E+00  2.0000E+00  2.0000E+00  5.7000E+01  8.0000E+00  5.0000E+00  1.0000E+00  1.2000E+00  1.1000E+01  1.5160E+03  0.0000E+00  2.6020E+03  5.2080E+03  1.3000E+01  2.4978E+02 -1.1400E+00 -3.7174E-01  9.6058E+01  2.4978E+02 -1.5372E+02 -1.1400E+00
  5.2081E+04  1.3440E+03  0.0000E+00  0.0000E+00  1.0000E+00  1.0000E+00  3.0000E+00  4.0000E+00  2.0000E+00  5.7000E+01  8.0000E+00  5.0000E+00  1.0000E+00  1.2000E+00  1.1000E+01  1.5180E+03  0.0000E+00  2.6040E+03  5.2080E+03  1.3000E+01  2.4978E+02  0.0000E+00 -2.7025E+00  0.0000E+00  2.4978E+02  0.0000E+00  0.0000E+00
  5.2081E+04  1.3440E+03  0.0000E+00  0.0000E+00  1.0000E+00  1.0000E+00  5.0000E+00  6.0000E+00  2.0000E+00  5.7000E+01  8.0000E+00  5.0000E+00  1.0000E+00  1.2000E+00  1.1000E+01  1.5200E+03  0.0000E+00  2.6060E+03  5.2080E+03  0.0000E+00  2.4978E+02  0.0000E+00 -4.7834E+00  0.0000E+00  2.4978E+02  0.0000E+00  0.0000E+00
  5.2081E+04  1.3440E+03  0.0000E+00  0.0000E+00  1.0000E+00  1.0000E+00  6.0000E+00  3.0000E+00  2.0000E+00  5.7000E+01  8.0000E+00  5.0000E+00  1.0000E+00  1.2000E+00  1.1000E+01  1.5170E+03  0.0000E+00  0.0000E+00  5.2080E+03  0.0000E+00  2.4978E+02  0.0000E+00 -1.4438E+00  0.0000E+00  2.4978E+02  0.0000E+00  0.0000E+00
  5.2082E+04  0.0000E+00  2.4000E+00  0.0000E+00  1.0000E+00  2.0000E+00  1.0000E+00  2.0000E+00  2.0000E+00  1.0000E+00  0.0000E+00  5.0000E+00  0.0000E+00  1.2000E+00  1.1000E+01  0.0000E+00  0.0000E+00  0.0000E+00  5.2080E+03  1.9000E+01  1.6000E+06  0.0000E+00 -6.0410E-01  0.0000E+00  1.6000E+06  0.0000E+00  0.0000E+00
  5.2082E+04  1.3440E+03  0.0000E+00  0.0000E+00  1.0000E+00  2.0000E+00  4.0000E+00  7.0000E+00  2.0000E+00  5.7000E+01  8.0000E+00  5.0000E+00  1.0000E+00  1.2000E+00  1.1000E+01  1.5210E+03  0.0000E+00  2.6070E+03  5.2080E+03  1.9000E+01  4.9702E+02  0.0000E+00 -1.0925E+00  0.0000E+00  4.9702E+02  0.0000E+00  0.0000E+00
  5.2090E+04  0.0000E+00  1.2000E+00  0.0000E+00  1.0000E+00  0.0000E+00  1.0000E+00  2.0000E+00  2.0000E+00  1.0000E+00  0.0000E+00  5.0000E+00  0.0000E+00  1.2000E+00  1.1000E+01  0.0000E+00  0.0000E+00  0.0000E+00  5.2090E+03  1.1000E+01  8.0000E+05  0.0000E+00 -6.0410E-01  0.0000E+00  8.0000E+05  0.0000E+00  0.0000E+00
  5.2090E+04  1.3440E+03  0.0000E+00  1.1338E+01  0.0000E+00  0.0000E+00  2.0000E+00  1.0000E+00  2.0000E+00  5.7000E+01  8.0000E+00  5.0000E+00  1.0000E+00  1.2000E+00  1.1000E+01  1.5220E+03  0.0000E+00  2.6090E+03  5.2090E+03  1.1000E+01  1.4374E+01 -4.2498E-01 -1.6077E-01  1.1338E+01  1.4374E+01 -3.0368E+00 -4.2498E-01
  5.2090E+04  1.3440E+03  0.0000E+00  1.3986E+02  0.0000E+00  0.0000E+00  1.0000E+00  2.0000E+00  2.0000E+00  5.7000E+01  8.0000E+00  5.0000E+00  1.0000E+00  1.2000E+00  1.1000E+01  1.5230E+03  0.0000E+00  2.6100E+03  5.2090E+03  1.1000E+01  2.4978E+02 -8.1517E-01 -2.6582E-01  1.3986E+02  2.4978E+02 -1.0992E+02 -8.1517E-01
  5.2090E+04  1.3440E+03  0.0000E+00  6.3353E+01  0.0000E+00  0.0000E+00  3.0000E+00  4.0000E+00  2.0000E+00  5.7000E+01  8.0000E+00  5.0000E+00  1.0000E+00  1.2000E+00  1.1000E+01  1.5250E+03  0.0000E+00  2.6120E+03  5.2090E+03  1.1000E+01  7.4626E+01 -2.5080E-01 -3.0565E-01  6.3353E+01  7.4626E+01 -1.1273E+01 -2.5080E-01
  5.2090E+04  1.3440E+03  0.0000E+00  0.0000E+00  1.0000E+00  0.0000E+00  5.0000E+00  6.0000E+00  2.0000E+00  5.7000E+01  8.0000E+00  5.0000E+00  1.0000E+00  1.2000E+00  1.1000E+01  1.5270E+03  0.0000E+00  2.6140E+03  5.2090E+03  0.0000E+00  2.4978E+02  0.0000E+00 -4.7834E+00  0.0000E+00  2.4978E+02  0.0000E+00  0.0000E+00
  5.2090E+04  1.3440E+03  0.0000E+00  0.0000E+00  1.0000E+00  0.0000E+00  6.0000E+00  3.0000E+00  2.0000E+00  5.7000E+01  8.0000E+00  5.0000E+00  1.0000E+00  1.2000E+00  1.1000E+01  1.5240E+03  0.0000E+00  0.0000E+00  5.2090E+03  0.0000E+00  2.4978E+02  0.0000E+00 -1.4438E+00  0.0000E+00  2.4978E+02  0.0000E+00  0.0000E+00
  5.2091E+04  0.0000E+00  1.2000E+00  0.0000E+00  1.0000E+00  1.0000E+00  1.0000E+00  2.0000E+00  2.0000E+00  1.0000E+00  0.0000E+00  5.0000E+00  0.0000E+00  1.2000E+00  1.1000E+01  0.0000E+00  0.0000E+00  0.0000E+00  5.2090E+03  1.4000E+01  8.0000E+05  0.0000E+00 -6.0410E-01  0.0000E+00  8.0000E+05  0.0000E+00  0.0000E+00
  5.2091E+04  1.3440E+03  0.0000E+00  9.6205E+00  0.0000E+00  1.0000E+00  2.0000E+00  1.0000E+00  2.0000E+00  5.7000E+01  8.0000E+00  5.0000E+00  1.0000E+00  1.2000E+00  1.1000E+01  1.5280E+03  0.0000E+00  2.6160E+03  5.2090E+03  1.4000E+01  1.4374E+01 -6.6526E-01 -2.5167E-01  9.6205E+00  1.4374E+01 -4.7538E+00 -6.6526E-01
  5.2091E+04  1.3440E+03  0.0000E+00  9.1258E+01  0.0000E+00  1.0000E+00  1.0000E+00  2.0000E+00  2.0000E+00  5.7000E+01  8.0000E+00  5.0000E+00  1.0000E+00  1.2000E+00  1.1000E+01  1.5290E+03  0.0000E+00  2.6170E+03  5.2090E+03  1.4000E+01  2.4978E+02 -1.1756E+00 -3.8335E-01  9.1258E+01  2.4978E+02 -1.5852E+02 -1.1756E+00
  5.2091E+04  1.3440E+03  0.0000E+00  5.8564E+01  0.0000E+00  1.0000E+00  3.0000E+00  4.0000E+00  2.0000E+00  5.7000E+01  8.0000E+00  5.0000E+00  1.0000E+00  1.2000E+00  1.1000E+01  1.5310E+03  0.0000E+00  2.6190E+03  5.2090E+03  1.4000E+01  7.4626E+01 -3.5736E-01 -4.3552E-01  5.8564E+01  7.4626E+01 -1.6062E+01 -3.5736E-01
  5.2091E+04  1.3440E+03  0.0000E+00  0.0000E+00  1.0000E+00  1.0000E+00  5.0000E+00  6.0000E+00  2.0000E+00  5.7000E+01  8.0000E+00  5.0000E+00  1.0000E+00  1.2000E+00  1.1000E+01  1.5330E+03  0.0000E+00  2.6210E+03  5.2090E+03  0.0000E+00  2.4978E+02  0.0000E+00 -4.7834E+00  0.0000E+00  2.4978E+02  0.0000E+00  0.0000E+00
  5.2091E+04  1.3440E+03  0.0000E+00  0.0000E+00  1.0000E+00  1.0000E+00  6.0000E+00  3.0000E+00  2.0000E+00  5.7000E+01  8.0000E+00  5.0000E+00  1.0000E+00  1.2000E+00  1.1000E+01  1.5300E+03  0.0000E+00  0.0000E+00  5.2090E+03  0.0000E+00  2.4978E+02  0.0000E+00 -1.4438E+00  0.0000E+00  2.4978E+02  0.0000E+00  0.0000E+00
  5.2092E+04  0.0000E+00  2.4000E+00  0.0000E+00  1.0000E+00  2.0000E+00  1.0000E+00  2.0000E+00  2.0000E+00  1.0000E+00  0.0000E+00  5.0000E+00  0.0000E+00  1.2000E+00  1.1000E+01  0.0000E+00  0.0000E+00  0.0000E+00  5.2090E+03  2.0000E+01  1.6000E+06  0.0000E+00 -6.0410E-01  0.0000E+00  1.6000E+06  0.0000E+00  0.0000E+00
  5.2092E+04  1.3440E+03  0.0000E+00  5.8612E+00  0.0000E+00  2.0000E+00  4.0000E+00  7.0000E+00  2.0000E+00  5.7000E+01  8.0000E+00  5.0000E+00  1.0000E+00  1.2000E+00  1.1000E+01  1.5340E+03  0.0000E+00  2.6220E+03  5.2090E+03  2.0000E+01  2.9542E+00  8.5151E-01  3.6617E-01  5.8612E+00  2.9542E+00  2.9071E+00  8.5151E-01
  5.2100E+04  0.0000E+00  1.2000E+00  0.0000E+00  1.0000E+00  0.0000E+00  1.0000E+00  2.0000E+00  2.0000E+00  1.0000E+00  0.0000E+00  5.0000E+00  0.0000E+00  1.2000E+00  1.1000E+01  0.0000E+00  0.0000E+00  0.0000E+00  5.2100E+03  1.2000E+01  8.0000E+05  0.0000E+00 -6.0410E-01  0.0000E+00  8.0000E+05  0.0000E+00  0.0000E+00
  5.2100E+04  1.3440E+03  0.0000E+00  1.1747E+01  0.0000E+00  0.0000E+00  2.0000E+00  1.0000E+00  2.0000E+00  5.7000E+01  8.0000E+00  5.0000E+00  1.0000E+00  1.2000E+00  1.1000E+01  1.5350E+03  0.0000E+00  2.6240E+03  5.2100E+03  1.2000E+01  1.4374E+01 -3.6765E-01 -1.3908E-01  1.1747E+01  1.4374E+01 -2.6271E+00 -3.6765E-01
  5.2100E+04  1.3440E+03  0.0000E+00  1.4386E+02  0.0000E+00  0.0000E+00  1.0000E+00  2.0000E+00  2.0000E+00  5.7000E+01  8.0000E+00  5.0000E+00  1.0000E+00  1.2000E+00  1.1000E+01  1.5360E+03  0.0000E+00  2.6250E+03  5.2100E+03  1.2000E+01  2.4978E+02 -7.8548E-01 -2.5614E-01  1.4386E+02  2.4978E+02 -1.0592E+02 -7.8548E-01
  5.2100E+04  1.3440E+03  0.0000E+00  4.5631E+01  0.0000E+00  0.0000E+00  3.0000E+00  4.0000E+00  2.0000E+00  5.7000E+01  8.0000E+00  5.0000E+00  1.0000E+00  1.2000E+00  1.1000E+01  1.5380E+03  0.0000E+00  2.6270E+03  5.2100E+03  1.2000E+01  7.4626E+01 -6.4509E-01 -7.8618E-01  4.5631E+01  7.4626E+01 -2.8995E+01 -6.4509E-01
  5.2100E+04  1.3440E+03  0.0000E+00  1.3424E+02  0.0000E+00  0.0000E+00  5.0000E+00  6.0000E+00  2.0000E+00  5.7000E+01  8.0000E+00  5.0000E+00  1.0000E+00  1.2000E+00  1.1000E+01  1.5400E+03  0.0000E+00  2.6290E+03  5.2100E+03  0.0000E+00  5.0947E+00  9.9346E-01  3.3241E+00  1.3424E+02  5.0947E+00  1.2915E+02  9.9346E-01
  5.2100E+04  1.3440E+03  0.0000E+00  0.0000E+00  1.0000E+00  0.0000E+00  6.0000E+00  3.0000E+00  2.0000E+00  5.7000E+01  8.0000E+00  5.0000E+00  1.0000E+00  1.2000E+00  1.1000E+01  1.5370E+03  0.0000E+00  0.0000E+00  5.2100E+03  0.0000E+00  2.4978E+02  0.0000E+00 -1.4438E+00  0.0000E+00  2.4978E+02  0.0000E+00  0.0000E+00
  5.2101E+04  0.0000E+00  1.2000E+00  0.0000E+00  1.0000E+00  1.0000E+00  1.0000E+00  2.0000E+00  2.0000E+00  1.0000E+00  0.0000E+00  5.0000E+00  0.0000E+00  1.2000E+00  1.1000E+01  0.0000E+00  0.0000E+00  0.0000E+00  5.2100E+03  1.5000E+01  8.0000E+05  0.0000E+00 -6.0410E-01  0.0000E+00  8.0000E+05  0.0000E+00  0.0000E+00
  5.2101E+04  1.3440E+03  0.0000E+00  1.3866E+01  0.0000E+00  1.0000E+00  2.0000E+00  1.0000E+00  2.0000E+00  5.7000E+01  8.0000E+00  5.0000E+00  1.0000E+00  1.2000E+00  1.1000E+01  1.5410E+03  0.0000E+00  2.6310E+03  5.2100E+03  1.5000E+01  1.4374E+01 -7.1150E-02 -2.6917E-02  1.3866E+01  1.4374E+01 -5.0842E-01 -7.1150E-02
  5.2101E+04  1.3440E+03  0.0000E+00  1.7773E+02  0.0000E+00  1.0000E+00  1.0000E+00  2.0000E+00  2.0000E+00  5.7000E+01  8.0000E+00  5.0000E+00  1.0000E+00  1.2000E+00  1.1000E+01  1.5420E+03  0.0000E+00  2.6320E+03  5.2100E+03  1.5000E+01  2.4978E+02 -5.3432E-01 -1.7424E-01  1.7773E+02  2.4978E+02 -7.2049E+01 -5.3432E-01
  5.2101E+04  1.3440E+03  0.0000E+00  7.6906E+01  0.0000E+00  1.0000E+00  3.0000E+00  4.0000E+00  2.0000E+00  5.7000E+01  8.0000E+00  5.0000E+00  1.0000E+00  1.2000E+00  1.1000E+01  1.5440E+03  0.0000E+00  2.6340E+03  5.2100E+03  1.5000E+01  7.4626E+01  5.0733E-02  6.1829E-02  7.6906E+01  7.4626E+01  2.2803E+00  5.0733E-02
  5.2101E+04  1.3440E+03  0.0000E+00  0.0000E+00  1.0000E+00  1.0000E+00  5.0000E+00  6.0000E+00  2.0000E+00  5.7000E+01  8.0000E+00  5.0000E+00  1.0000E+00  1.2000E+00  1.1000E+01  1.5460E+03  0.0000E+00  2.6360E+03  5.2100E+03  0.0000E+00  2.4978E+02  0.0000E+00 -4.7834E+00  0.0000E+00  2.4978E+02  0.0000E+00  0.0000E+00
  5.2101E+04  1.3440E+03  0.0000E+00  0.0000E+00  1.0000E+00  1.0000E+00  6.0000E+00  3.0000E+00  2.0000E+00  5.7000E+01  8.0000E+00  5.0000E+00  1.0000E+00  1.2000E+00  1.1000E+01  1.5430E+03  0.0000E+00  0.0000E+00  5.2100E+03  0.0000E+00  2.4978E+02  0.0000E+00 -1.4438E+00  0.0000E+00  2.4978E+02  0.0000E+00  0.0000E+00
  5.2102E+04  0.0000E+00  2.4000E+00  0.0000E+00  1.0000E+00  2.0000E+00  1.0000E+00  2.0000E+00  2.0000E+00  1.0000E+00  0.0000E+00  5.0000E+00  0.0000E+00  1.2000E+00  1.1000E+01  0.0000E+00  0.0000E+00  0.0000E+00  5.2100E+03  2.1000E+01  1.6000E+06  0.0000E+00 -6.0410E-01  0.0000E+00  1.6000E+06  0.0000E+00  0.0000E+00
  5.2102E+04  1.3440E+03  0.0000E+00  7.7375E+00  0.0000E+00  2.0000E+00  4.0000E+00  7.0000E+00  2.0000E+00  5.7000E+01  8.0000E+00  5.0000E+00  1.0000E+00  1.2000E+00  1.1000E+01  1.5470E+03  0.0000E+00  2.6370E+03  5.2100E+03  2.1000E+01  2.9542E+00  1.4011E+00  6.0251E-01  7.7375E+00  2.9542E+00  4.7833E+00  1.4011E+00
