   1    0             1 1 0.6 0 1  0 0 1
   1  336 1316.494039 0 1     1 1 15 2 0
   2    0             1 1 0.6 1 1  0 0 1
   2  336 2341.343465 0 1     1 1 15 2 0
   3    0             1 1 0.6 0 1  0 0 1
   3  672 776.2210029 0 1     1 1 29 4 0
   4    0             1 1 0.6 1 1  0 0 1
   4  672 642.0372732 0 1     1 1 29 4 0
   5    0             1 1 0.6 0 1  0 0 1
   5  672             1 1     1 1 29 4 2
   6    0             1 1 0.6 1 1  0 0 1
   6 1008 48.95649355 0 1     1 1 43 6 0
   7    0             1 1 0.6 0 1  0 0 1
   7 1008 58.20604126 0 1     1 1 43 6 0
   8    0             1 1 0.6 1 1  0 0 1
   8 1344 12.34256578 0 1     1 1 57 8 0
   9    0             1 1 0.6 0 1  0 0 1
   9 1344  10.1064708 0 1     1 1 57 8 0
  10    0             1 1 0.6 1 1  0 0 1
  10 1344 15.27414677 0 1     1 1 57 8 0
  11    0             1 1 0.6 0 1  0 0 1
  11  336 2784.347822 0 1     0 1 15 2 0
  12    0             1 1 0.6 1 1  0 0 1
  12  336  2753.02029 0 1     0 1 15 2 0
  13    0             1 1 0.6 0 1  0 0 1
  13  672 333.6481174 0 1     0 1 29 4 0
  14    0             1 1 0.6 1 1  0 0 1
  14  672 377.4060011 0 1     0 1 29 4 0
  15    0             1 1 0.6 0 1  0 0 1
  15  672             1 1     0 1 29 4 2
  16    0             1 1 0.6 1 1  0 0 1
  16 1008 100.9466067 0 1     0 1 43 6 0
  17    0             1 1 0.6 0 1  0 0 1
  17 1008 54.85760638 0 1     0 1 43 6 0
  18    0             1 1 0.6 1 1  0 0 1
  18 1344 9.283968319 0 1     0 1 57 8 0
  19    0             1 1 0.6 0 1  0 0 1
  19 1344 9.321242394 0 1     0 1 57 8 0
  20    0             1 1 0.6 1 1  0 0 1
  20 1344 12.71454922 0 1     0 1 57 8 0
 101    0             1 1 1.2 0 1  0 0 1
 101  336 665.3988825 0 1     1 1 15 2 0
 102    0             1 1 1.2 1 1  0 0 1
 102  336 7256.450112 0 1     1 1 15 2 0
 103    0             1 1 1.2 0 1  0 0 1
 103  672 493.2809504 0 1     1 1 29 4 0
 104    0             1 1 1.2 1 1  0 0 1
 104  672 946.9831615 0 1     1 1 29 4 0
 105    0             1 1 1.2 0 1  0 0 1
 105  672 934.8042855 0 1     1 1 29 4 0
 106    0             1 1 1.2 1 1  0 0 1
 106 1008 99.37201078 0 1     1 1 43 6 0
 107    0             1 1 1.2 0 1  0 0 1
 107 1008 78.28584927 0 1     1 1 43 6 0
 108    0             1 1 1.2 1 1  0 0 1
 108 1344 10.96440639 0 1     1 1 57 8 0
 109    0             1 1 1.2 0 1  0 0 1
 109 1344  9.62053602 0 1     1 1 57 8 0
 110    0             1 1 1.2 1 1  0 0 1
 110 1344 13.86587667 0 1     1 1 57 8 0
 111    0             1 1 1.2 0 1  0 0 1
 111  336 183.9705098 0 1     0 1 15 2 0
 112    0             1 1 1.2 1 1  0 0 1
 112  336 6470.897171 0 1     0 1 15 2 0
 113    0             1 1 1.2 0 1  0 0 1
 113  672 380.9774228 0 1     0 1 29 4 0
 114    0             1 1 1.2 1 1  0 0 1
 114  672 1487.281004 0 1     0 1 29 4 0
 115    0             1 1 1.2 0 1  0 0 1
 115  672  1018.49368 0 1     0 1 29 4 0
 116    0             1 1 1.2 1 1  0 0 1
 116 1008   69.541473 0 1     0 1 43 6 0
 117    0             1 1 1.2 0 1  0 0 1
 117 1008 59.51062058 0 1     0 1 43 6 0
 118    0             1 1 1.2 1 1  0 0 1
 118 1344 8.647373496 0 1     0 1 57 8 0
 119    0             1 1 1.2 0 1  0 0 1
 119 1344 11.33751222 0 1     0 1 57 8 0
 120    0             1 1 1.2 1 1  0 0 1
 120 1344 11.74717625 0 1     0 1 57 8 0
