TABLE NO.  2
 ID          CL          V           ETA1        ETA2
  1.0000E+00  3.0996E-04  4.4968E-02  2.2050E-01 -2.3132E-06
  1.0000E+00  3.0996E-04  4.4968E-02  2.2050E-01 -2.3132E-06
  2.0000E+00  2.3290E-04  4.4968E-02 -6.5307E-02  5.1287E-07
  2.0000E+00  2.3290E-04  4.4968E-02 -6.5307E-02  5.1287E-07
  3.0000E+00  1.9033E-04  4.4968E-02 -2.6717E-01  3.1983E-06
  3.0000E+00  1.9033E-04  4.4968E-02 -2.6717E-01  3.1983E-06
  4.0000E+00  2.0303E-04  4.4968E-02 -2.0257E-01  2.5073E-06
  4.0000E+00  2.0303E-04  4.4968E-02 -2.0257E-01  2.5073E-06
  5.0000E+00  2.4862E-04  4.4968E-02  0.0000E+00  0.0000E+00
  5.0000E+00  2.4862E-04  4.4968E-02  0.0000E+00  0.0000E+00
  6.0000E+00  2.5017E-04  4.4968E-02  6.2105E-03 -9.4212E-08
  6.0000E+00  2.5017E-04  4.4968E-02  6.2105E-03 -9.4212E-08
  7.0000E+00  2.4245E-04  4.4968E-02 -2.5135E-02  3.7866E-07
  7.0000E+00  2.4245E-04  4.4968E-02 -2.5135E-02  3.7866E-07
  8.0000E+00  2.3373E-04  4.4968E-02 -6.1767E-02  9.7710E-07
  8.0000E+00  2.3373E-04  4.4968E-02 -6.1767E-02  9.7710E-07
  9.0000E+00  2.4042E-04  4.4968E-02 -3.3556E-02  5.3330E-07
  9.0000E+00  2.4042E-04  4.4968E-02 -3.3556E-02  5.3330E-07
  1.0000E+01  2.2660E-04  4.4968E-02 -9.2748E-02  1.4595E-06
  1.0000E+01  2.2660E-04  4.4968E-02 -9.2748E-02  1.4595E-06
  1.1000E+01  2.0971E-04  4.4968E-02 -1.7020E-01  1.1369E-06
  1.1000E+01  2.0971E-04  4.4968E-02 -1.7020E-01  1.1369E-06
  1.2000E+01  2.1123E-04  4.4968E-02 -1.6300E-01  1.1026E-06
  1.2000E+01  2.1123E-04  4.4968E-02 -1.6300E-01  1.1026E-06
  1.3000E+01  2.4683E-04  4.4968E-02 -7.2239E-03  9.7212E-08
  1.3000E+01  2.4683E-04  4.4968E-02 -7.2239E-03  9.7212E-08
  1.4000E+01  2.3859E-04  4.4968E-02 -4.1204E-02  5.4735E-07
  1.4000E+01  2.3859E-04  4.4968E-02 -4.1204E-02  5.4735E-07
  1.5000E+01  2.4862E-04  4.4968E-02  0.0000E+00  0.0000E+00
  1.5000E+01  2.4862E-04  4.4968E-02  0.0000E+00  0.0000E+00
  1.6000E+01  2.1789E-04  4.4968E-02 -1.3195E-01  1.9373E-06
  1.6000E+01  2.1789E-04  4.4968E-02 -1.3195E-01  1.9373E-06
  1.7000E+01  2.4509E-04  4.4968E-02 -1.4293E-02  2.1584E-07
  1.7000E+01  2.4509E-04  4.4968E-02 -1.4293E-02  2.1584E-07
  1.8000E+01  2.4326E-04  4.4968E-02 -2.1812E-02  3.4731E-07
  1.8000E+01  2.4326E-04  4.4968E-02 -2.1812E-02  3.4731E-07
  1.9000E+01  2.4312E-04  4.4968E-02 -2.2364E-02  3.5606E-07
  1.9000E+01  2.4312E-04  4.4968E-02 -2.2364E-02  3.5606E-07
  2.0000E+01  2.3274E-04  4.4968E-02 -6.6027E-02  1.0437E-06
  2.0000E+01  2.3274E-04  4.4968E-02 -6.6027E-02  1.0437E-06
  1.0100E+02  4.9404E-04  4.4968E-02  6.8669E-01 -9.2433E-06
  1.0100E+02  4.9404E-04  4.4968E-02  6.8669E-01 -9.2433E-06
  1.0200E+02  1.7428E-04  4.4968E-02 -3.5525E-01  1.5222E-06
  1.0200E+02  1.7428E-04  4.4968E-02 -3.5525E-01  1.5222E-06
  1.0300E+02  2.6705E-04  4.4968E-02  7.1508E-02 -9.8937E-07
  1.0300E+02  2.6705E-04  4.4968E-02  7.1508E-02 -9.8937E-07
  1.0400E+02  2.2341E-04  4.4968E-02 -1.0693E-01  1.3828E-06
  1.0400E+02  2.2341E-04  4.4968E-02 -1.0693E-01  1.3828E-06
  1.0500E+02  2.2428E-04  4.4968E-02 -1.0306E-01  1.3350E-06
  1.0500E+02  2.2428E-04  4.4968E-02 -1.0306E-01  1.3350E-06
  1.0600E+02  2.4951E-04  4.4968E-02  3.5694E-03 -5.4116E-08
  1.0600E+02  2.4951E-04  4.4968E-02  3.5694E-03 -5.4116E-08
  1.0700E+02  2.6015E-04  4.4968E-02  4.5328E-02 -6.9334E-07
  1.0700E+02  2.6015E-04  4.4968E-02  4.5328E-02 -6.9334E-07
  1.0800E+02  2.6088E-04  4.4968E-02  4.8137E-02 -7.7473E-07
  1.0800E+02  2.6088E-04  4.4968E-02  4.8137E-02 -7.7473E-07
  1.0900E+02  2.6526E-04  4.4968E-02  6.4767E-02 -1.0449E-06
  1.0900E+02  2.6526E-04  4.4968E-02  6.4767E-02 -1.0449E-06
  1.1000E+02  2.5303E-04  4.4968E-02  1.7565E-02 -2.8140E-07
  1.1000E+02  2.5303E-04  4.4968E-02  1.7565E-02 -2.8140E-07
  1.1100E+02  6.6610E-04  4.4968E-02  9.8550E-01 -1.4539E-05
  1.1100E+02  6.6610E-04  4.4968E-02  9.8550E-01 -1.4539E-05
  1.1200E+02  1.8962E-04  4.4968E-02 -2.7093E-01  1.4715E-06
  1.1200E+02  1.8962E-04  4.4968E-02 -2.7093E-01  1.4715E-06
  1.1300E+02  2.8434E-04  4.4968E-02  1.3423E-01 -1.8950E-06
  1.1300E+02  2.8434E-04  4.4968E-02  1.3423E-01 -1.8950E-06
  1.1400E+02  1.9320E-04  4.4968E-02 -2.5220E-01  3.0435E-06
  1.1400E+02  1.9320E-04  4.4968E-02 -2.5220E-01  3.0435E-06
  1.1500E+02  2.1854E-04  4.4968E-02 -1.2898E-01  1.6521E-06
  1.1500E+02  2.1854E-04  4.4968E-02 -1.2898E-01  1.6521E-06
  1.1600E+02  2.6544E-04  4.4968E-02  6.5435E-02 -1.0050E-06
  1.1600E+02  2.6544E-04  4.4968E-02  6.5435E-02 -1.0050E-06
  1.1700E+02  2.7238E-04  4.4968E-02  9.1278E-02 -1.4092E-06
  1.1700E+02  2.7238E-04  4.4968E-02  9.1278E-02 -1.4092E-06
  1.1800E+02  2.6883E-04  4.4968E-02  7.8129E-02 -1.2629E-06
  1.1800E+02  2.6883E-04  4.4968E-02  7.8129E-02 -1.2629E-06
  1.1900E+02  2.5976E-04  4.4968E-02  4.3837E-02 -7.0507E-07
  1.1900E+02  2.5976E-04  4.4968E-02  4.3837E-02 -7.0507E-07
  1.2000E+02  2.5858E-04  4.4968E-02  3.9254E-02 -6.3094E-07
  1.2000E+02  2.5858E-04  4.4968E-02  3.9254E-02 -6.3094E-07
