TABLE NO.  2
 ID          CL          V           ETA1        ETA2
  1.0000E+00  1.8293E-04  3.1588E-02  0.0000E+00 -8.8858E-04
  1.0000E+00  1.8293E-04  3.1588E-02  0.0000E+00 -8.8858E-04
  2.0000E+00  1.8293E-04  3.1596E-02  0.0000E+00 -6.3102E-04
  2.0000E+00  1.8293E-04  3.1596E-02  0.0000E+00 -6.3102E-04
  3.0000E+00  1.8293E-04  3.1922E-02  0.0000E+00  9.6154E-03
  3.0000E+00  1.8293E-04  3.1922E-02  0.0000E+00  9.6154E-03
  4.0000E+00  1.8293E-04  3.1771E-02  0.0000E+00  4.8782E-03
  4.0000E+00  1.8293E-04  3.1771E-02  0.0000E+00  4.8782E-03
  5.0000E+00  1.8293E-04  3.1616E-02  0.0000E+00  0.0000E+00
  5.0000E+00  1.8293E-04  3.1616E-02  0.0000E+00  0.0000E+00
  6.0000E+00  1.8293E-04  3.1521E-02  0.0000E+00 -3.0063E-03
  6.0000E+00  1.8293E-04  3.1521E-02  0.0000E+00 -3.0063E-03
  7.0000E+00  1.8293E-04  3.1570E-02  0.0000E+00 -1.4729E-03
  7.0000E+00  1.8293E-04  3.1570E-02  0.0000E+00 -1.4729E-03
  8.0000E+00  1.8293E-04  3.1839E-02  0.0000E+00  7.0223E-03
  8.0000E+00  1.8293E-04  3.1839E-02  0.0000E+00  7.0223E-03
  9.0000E+00  1.8293E-04  3.1668E-02  0.0000E+00  1.6423E-03
  9.0000E+00  1.8293E-04  3.1668E-02  0.0000E+00  1.6423E-03
  1.0000E+01  1.8293E-04  3.2089E-02  0.0000E+00  1.4845E-02
  1.0000E+01  1.8293E-04  3.2089E-02  0.0000E+00  1.4845E-02
  1.1000E+01  1.8293E-04  3.1605E-02  0.0000E+00 -3.4739E-04
  1.1000E+01  1.8293E-04  3.1605E-02  0.0000E+00 -3.4739E-04
  1.2000E+01  1.8293E-04  3.1604E-02  0.0000E+00 -3.7084E-04
  1.2000E+01  1.8293E-04  3.1604E-02  0.0000E+00 -3.7084E-04
  1.3000E+01  1.8293E-04  3.1555E-02  0.0000E+00 -1.9302E-03
  1.3000E+01  1.8293E-04  3.1555E-02  0.0000E+00 -1.9302E-03
  1.4000E+01  1.8293E-04  3.1573E-02  0.0000E+00 -1.3679E-03
  1.4000E+01  1.8293E-04  3.1573E-02  0.0000E+00 -1.3679E-03
  1.5000E+01  1.8293E-04  3.1616E-02  0.0000E+00  0.0000E+00
  1.5000E+01  1.8293E-04  3.1616E-02  0.0000E+00  0.0000E+00
  1.6000E+01  1.8293E-04  3.1946E-02  0.0000E+00  1.0388E-02
  1.6000E+01  1.8293E-04  3.1946E-02  0.0000E+00  1.0388E-02
  1.7000E+01  1.8293E-04  3.1550E-02  0.0000E+00 -2.0821E-03
  1.7000E+01  1.8293E-04  3.1550E-02  0.0000E+00 -2.0821E-03
  1.8000E+01  1.8293E-04  3.1612E-02  0.0000E+00 -1.1931E-04
  1.8000E+01  1.8293E-04  3.1612E-02  0.0000E+00 -1.1931E-04
  1.9000E+01  1.8293E-04  3.1615E-02  0.0000E+00 -4.2666E-05
  1.9000E+01  1.8293E-04  3.1615E-02  0.0000E+00 -4.2666E-05
  2.0000E+01  1.8293E-04  3.1869E-02  0.0000E+00  7.9792E-03
  2.0000E+01  1.8293E-04  3.1869E-02  0.0000E+00  7.9792E-03
  1.0100E+02  1.8293E-04  3.1597E-02  0.0000E+00 -6.0949E-04
  1.0100E+02  1.8293E-04  3.1597E-02  0.0000E+00 -6.0949E-04
  1.0200E+02  1.8293E-04  3.1631E-02  0.0000E+00  4.7701E-04
  1.0200E+02  1.8293E-04  3.1631E-02  0.0000E+00  4.7701E-04
  1.0300E+02  1.8293E-04  3.1534E-02  0.0000E+00 -2.6076E-03
  1.0300E+02  1.8293E-04  3.1534E-02  0.0000E+00 -2.6076E-03
  1.0400E+02  1.8293E-04  3.1627E-02  0.0000E+00  3.6097E-04
  1.0400E+02  1.8293E-04  3.1627E-02  0.0000E+00  3.6097E-04
  1.0500E+02  1.8293E-04  3.1623E-02  0.0000E+00  2.3201E-04
  1.0500E+02  1.8293E-04  3.1623E-02  0.0000E+00  2.3201E-04
  1.0600E+02  1.8293E-04  3.1524E-02  0.0000E+00 -2.9027E-03
  1.0600E+02  1.8293E-04  3.1524E-02  0.0000E+00 -2.9027E-03
  1.0700E+02  1.8293E-04  3.1487E-02  0.0000E+00 -4.0872E-03
  1.0700E+02  1.8293E-04  3.1487E-02  0.0000E+00 -4.0872E-03
  1.0800E+02  1.8293E-04  3.1435E-02  0.0000E+00 -5.7512E-03
  1.0800E+02  1.8293E-04  3.1435E-02  0.0000E+00 -5.7512E-03
  1.0900E+02  1.8293E-04  3.1421E-02  0.0000E+00 -6.1749E-03
  1.0900E+02  1.8293E-04  3.1421E-02  0.0000E+00 -6.1749E-03
  1.1000E+02  1.8293E-04  3.1484E-02  0.0000E+00 -4.1871E-03
  1.1000E+02  1.8293E-04  3.1484E-02  0.0000E+00 -4.1871E-03
  1.1100E+02  1.8293E-04  3.1601E-02  0.0000E+00 -4.6283E-04
  1.1100E+02  1.8293E-04  3.1601E-02  0.0000E+00 -4.6283E-04
  1.1200E+02  1.8293E-04  3.1618E-02  0.0000E+00  4.7259E-05
  1.1200E+02  1.8293E-04  3.1618E-02  0.0000E+00  4.7259E-05
  1.1300E+02  1.8293E-04  3.1530E-02  0.0000E+00 -2.7244E-03
  1.1300E+02  1.8293E-04  3.1530E-02  0.0000E+00 -2.7244E-03
  1.1400E+02  1.8293E-04  3.1882E-02  0.0000E+00  8.3844E-03
  1.1400E+02  1.8293E-04  3.1882E-02  0.0000E+00  8.3844E-03
  1.1500E+02  1.8293E-04  3.1653E-02  0.0000E+00  1.1689E-03
  1.1500E+02  1.8293E-04  3.1653E-02  0.0000E+00  1.1689E-03
  1.1600E+02  1.8293E-04  3.1478E-02  0.0000E+00 -4.3730E-03
  1.1600E+02  1.8293E-04  3.1478E-02  0.0000E+00 -4.3730E-03
  1.1700E+02  1.8293E-04  3.1473E-02  0.0000E+00 -4.5448E-03
  1.1700E+02  1.8293E-04  3.1473E-02  0.0000E+00 -4.5448E-03
  1.1800E+02  1.8293E-04  3.1416E-02  0.0000E+00 -6.3521E-03
  1.1800E+02  1.8293E-04  3.1416E-02  0.0000E+00 -6.3521E-03
  1.1900E+02  1.8293E-04  3.1440E-02  0.0000E+00 -5.5982E-03
  1.1900E+02  1.8293E-04  3.1440E-02  0.0000E+00 -5.5982E-03
  1.2000E+02  1.8293E-04  3.1445E-02  0.0000E+00 -5.4131E-03
  1.2000E+02  1.8293E-04  3.1445E-02  0.0000E+00 -5.4131E-03
