TABLE NO.  2
 ID          CL          V           ETA1        ETA2
  1.0000E+00  5.8061E-05  4.0000E-03 -1.2368E+00  0.0000E+00
  1.0000E+00  5.8061E-05  4.0000E-03 -1.2368E+00  0.0000E+00
  2.0000E+00  5.1237E-05  4.0000E-03 -1.3619E+00  0.0000E+00
  2.0000E+00  5.1237E-05  4.0000E-03 -1.3619E+00  0.0000E+00
  3.0000E+00  3.2195E-05  4.0000E-03 -1.8265E+00  0.0000E+00
  3.0000E+00  3.2195E-05  4.0000E-03 -1.8265E+00  0.0000E+00
  4.0000E+00  3.3321E-05  4.0000E-03 -1.7921E+00  0.0000E+00
  4.0000E+00  3.3321E-05  4.0000E-03 -1.7921E+00  0.0000E+00
  5.0000E+00  2.0000E-04  4.0000E-03  0.0000E+00  0.0000E+00
  5.0000E+00  2.0000E-04  4.0000E-03  0.0000E+00  0.0000E+00
  6.0000E+00  3.2412E-05  4.0000E-03 -1.8198E+00  0.0000E+00
  6.0000E+00  3.2412E-05  4.0000E-03 -1.8198E+00  0.0000E+00
  7.0000E+00  3.1726E-05  4.0000E-03 -1.8412E+00  0.0000E+00
  7.0000E+00  3.1726E-05  4.0000E-03 -1.8412E+00  0.0000E+00
  8.0000E+00  2.0000E-04  4.0000E-03  0.0000E+00  0.0000E+00
  8.0000E+00  2.0000E-04  4.0000E-03  0.0000E+00  0.0000E+00
  9.0000E+00  2.0000E-04  4.0000E-03  0.0000E+00  0.0000E+00
  9.0000E+00  2.0000E-04  4.0000E-03  0.0000E+00  0.0000E+00
  1.0000E+01  2.0000E-04  4.0000E-03  0.0000E+00  0.0000E+00
  1.0000E+01  2.0000E-04  4.0000E-03  0.0000E+00  0.0000E+00
  1.1000E+01  4.9185E-05  4.0000E-03 -1.4027E+00  0.0000E+00
  1.1000E+01  4.9185E-05  4.0000E-03 -1.4027E+00  0.0000E+00
  1.2000E+01  4.9319E-05  4.0000E-03 -1.4000E+00  0.0000E+00
  1.2000E+01  4.9319E-05  4.0000E-03 -1.4000E+00  0.0000E+00
  1.3000E+01  3.7205E-05  4.0000E-03 -1.6819E+00  0.0000E+00
  1.3000E+01  3.7205E-05  4.0000E-03 -1.6819E+00  0.0000E+00
  1.4000E+01  3.6473E-05  4.0000E-03 -1.7017E+00  0.0000E+00
  1.4000E+01  3.6473E-05  4.0000E-03 -1.7017E+00  0.0000E+00
  1.5000E+01  2.0000E-04  4.0000E-03  0.0000E+00  0.0000E+00
  1.5000E+01  2.0000E-04  4.0000E-03  0.0000E+00  0.0000E+00
  1.6000E+01  2.9545E-05  4.0000E-03 -1.9124E+00  0.0000E+00
  1.6000E+01  2.9545E-05  4.0000E-03 -1.9124E+00  0.0000E+00
  1.7000E+01  3.1961E-05  4.0000E-03 -1.8338E+00  0.0000E+00
  1.7000E+01  3.1961E-05  4.0000E-03 -1.8338E+00  0.0000E+00
  1.8000E+01  2.0000E-04  4.0000E-03  0.0000E+00  0.0000E+00
  1.8000E+01  2.0000E-04  4.0000E-03  0.0000E+00  0.0000E+00
  1.9000E+01  2.0000E-04  4.0000E-03  0.0000E+00  0.0000E+00
  1.9000E+01  2.0000E-04  4.0000E-03  0.0000E+00  0.0000E+00
  2.0000E+01  2.0000E-04  4.0000E-03  0.0000E+00  0.0000E+00
  2.0000E+01  2.0000E-04  4.0000E-03  0.0000E+00  0.0000E+00
  1.0100E+02  7.4391E-05  4.0000E-03 -9.8898E-01  0.0000E+00
  1.0100E+02  7.4391E-05  4.0000E-03 -9.8898E-01  0.0000E+00
  1.0200E+02  4.6052E-05  4.0000E-03 -1.4686E+00  0.0000E+00
  1.0200E+02  4.6052E-05  4.0000E-03 -1.4686E+00  0.0000E+00
  1.0300E+02  3.8999E-05  4.0000E-03 -1.6348E+00  0.0000E+00
  1.0300E+02  3.8999E-05  4.0000E-03 -1.6348E+00  0.0000E+00
  1.0400E+02  3.5127E-05  4.0000E-03 -1.7393E+00  0.0000E+00
  1.0400E+02  3.5127E-05  4.0000E-03 -1.7393E+00  0.0000E+00
  1.0500E+02  3.5204E-05  4.0000E-03 -1.7372E+00  0.0000E+00
  1.0500E+02  3.5204E-05  4.0000E-03 -1.7372E+00  0.0000E+00
  1.0600E+02  3.2353E-05  4.0000E-03 -1.8216E+00  0.0000E+00
  1.0600E+02  3.2353E-05  4.0000E-03 -1.8216E+00  0.0000E+00
  1.0700E+02  3.3298E-05  4.0000E-03 -1.7928E+00  0.0000E+00
  1.0700E+02  3.3298E-05  4.0000E-03 -1.7928E+00  0.0000E+00
  1.0800E+02  2.0000E-04  4.0000E-03  0.0000E+00  0.0000E+00
  1.0800E+02  2.0000E-04  4.0000E-03  0.0000E+00  0.0000E+00
  1.0900E+02  2.0000E-04  4.0000E-03  0.0000E+00  0.0000E+00
  1.0900E+02  2.0000E-04  4.0000E-03  0.0000E+00  0.0000E+00
  1.1000E+02  2.0000E-04  4.0000E-03  0.0000E+00  0.0000E+00
  1.1000E+02  2.0000E-04  4.0000E-03  0.0000E+00  0.0000E+00
  1.1100E+02  8.9671E-05  4.0000E-03 -8.0217E-01  0.0000E+00
  1.1100E+02  8.9671E-05  4.0000E-03 -8.0217E-01  0.0000E+00
  1.1200E+02  4.7407E-05  4.0000E-03 -1.4395E+00  0.0000E+00
  1.1200E+02  4.7407E-05  4.0000E-03 -1.4395E+00  0.0000E+00
  1.1300E+02  4.0533E-05  4.0000E-03 -1.5962E+00  0.0000E+00
  1.1300E+02  4.0533E-05  4.0000E-03 -1.5962E+00  0.0000E+00
  1.1400E+02  3.2449E-05  4.0000E-03 -1.8186E+00  0.0000E+00
  1.1400E+02  3.2449E-05  4.0000E-03 -1.8186E+00  0.0000E+00
  1.1500E+02  3.4695E-05  4.0000E-03 -1.7517E+00  0.0000E+00
  1.1500E+02  3.4695E-05  4.0000E-03 -1.7517E+00  0.0000E+00
  1.1600E+02  3.3767E-05  4.0000E-03 -1.7788E+00  0.0000E+00
  1.1600E+02  3.3767E-05  4.0000E-03 -1.7788E+00  0.0000E+00
  1.1700E+02  3.4384E-05  4.0000E-03 -1.7607E+00  0.0000E+00
  1.1700E+02  3.4384E-05  4.0000E-03 -1.7607E+00  0.0000E+00
  1.1800E+02  2.0000E-04  4.0000E-03  0.0000E+00  0.0000E+00
  1.1800E+02  2.0000E-04  4.0000E-03  0.0000E+00  0.0000E+00
  1.1900E+02  2.0000E-04  4.0000E-03  0.0000E+00  0.0000E+00
  1.1900E+02  2.0000E-04  4.0000E-03  0.0000E+00  0.0000E+00
  1.2000E+02  2.0000E-04  4.0000E-03  0.0000E+00  0.0000E+00
  1.2000E+02  2.0000E-04  4.0000E-03  0.0000E+00  0.0000E+00
