TABLE NO.  1
 ID          TIME        DV          MDV         CMT         AMT         LEFT        SITE        DAY         WEEK        IWRES       IRES        IPRED       CWRES       DV          PRED        RES         WRES
  1.0000E+00  0.0000E+00  0.0000E+00  1.0000E+00  1.0000E+00  6.0000E-01  0.0000E+00  1.0000E+00  0.0000E+00  0.0000E+00 -2.1634E+00 -1.8536E+04  1.8536E+04  0.0000E+00  0.0000E+00  1.8536E+04  0.0000E+00  0.0000E+00
  1.0000E+00  3.3600E+02  1.3165E+03  0.0000E+00  1.0000E+00  0.0000E+00  1.0000E+00  1.0000E+00  1.5000E+01  2.0000E+00 -1.1054E+00 -1.3755E+03  2.6920E+03 -1.1054E+00  1.3165E+03  2.6920E+03 -1.3755E+03 -1.1054E+00
  2.0000E+00  0.0000E+00  0.0000E+00  1.0000E+00  1.0000E+00  6.0000E-01  1.0000E+00  1.0000E+00  0.0000E+00  0.0000E+00 -2.1634E+00 -1.8536E+04  1.8536E+04  0.0000E+00  0.0000E+00  1.8536E+04  0.0000E+00  0.0000E+00
  2.0000E+00  3.3600E+02  2.3413E+03  0.0000E+00  1.0000E+00  0.0000E+00  1.0000E+00  1.0000E+00  1.5000E+01  2.0000E+00 -2.8178E-01 -3.5063E+02  2.6920E+03 -2.8178E-01  2.3413E+03  2.6920E+03 -3.5063E+02 -2.8178E-01
  3.0000E+00  0.0000E+00  0.0000E+00  1.0000E+00  1.0000E+00  6.0000E-01  0.0000E+00  1.0000E+00  0.0000E+00  0.0000E+00 -2.1634E+00 -1.8536E+04  1.8536E+04  0.0000E+00  0.0000E+00  1.8536E+04  0.0000E+00  0.0000E+00
  3.0000E+00  6.7200E+02  7.7622E+02  0.0000E+00  1.0000E+00  0.0000E+00  1.0000E+00  1.0000E+00  2.9000E+01  4.0000E+00  2.1318E+00  3.8526E+02  3.9096E+02  2.1318E+00  7.7622E+02  3.9096E+02  3.8526E+02  2.1318E+00
  4.0000E+00  0.0000E+00  0.0000E+00  1.0000E+00  1.0000E+00  6.0000E-01  1.0000E+00  1.0000E+00  0.0000E+00  0.0000E+00 -2.1634E+00 -1.8536E+04  1.8536E+04  0.0000E+00  0.0000E+00  1.8536E+04  0.0000E+00  0.0000E+00
  4.0000E+00  6.7200E+02  6.4204E+02  0.0000E+00  1.0000E+00  0.0000E+00  1.0000E+00  1.0000E+00  2.9000E+01  4.0000E+00  1.3893E+00  2.5108E+02  3.9096E+02  1.3893E+00  6.4204E+02  3.9096E+02  2.5108E+02  1.3893E+00
  5.0000E+00  0.0000E+00  0.0000E+00  1.0000E+00  1.0000E+00  6.0000E-01  0.0000E+00  1.0000E+00  0.0000E+00  0.0000E+00 -2.1634E+00 -1.8536E+04  1.8536E+04  0.0000E+00  0.0000E+00  1.8536E+04  0.0000E+00  0.0000E+00
  5.0000E+00  6.7200E+02  0.0000E+00  1.0000E+00  1.0000E+00  0.0000E+00  1.0000E+00  1.0000E+00  2.9000E+01  4.0000E+00 -2.1634E+00 -3.9096E+02  3.9096E+02  0.0000E+00  0.0000E+00  3.9096E+02  0.0000E+00  0.0000E+00
  6.0000E+00  0.0000E+00  0.0000E+00  1.0000E+00  1.0000E+00  6.0000E-01  1.0000E+00  1.0000E+00  0.0000E+00  0.0000E+00 -2.1634E+00 -1.8536E+04  1.8536E+04  0.0000E+00  0.0000E+00  1.8536E+04  0.0000E+00  0.0000E+00
  6.0000E+00  1.0080E+03  4.8956E+01  0.0000E+00  1.0000E+00  0.0000E+00  1.0000E+00  1.0000E+00  4.3000E+01  6.0000E+00 -2.9809E-01 -7.8236E+00  5.6780E+01 -2.9809E-01  4.8956E+01  5.6780E+01 -7.8236E+00 -2.9809E-01
  7.0000E+00  0.0000E+00  0.0000E+00  1.0000E+00  1.0000E+00  6.0000E-01  0.0000E+00  1.0000E+00  0.0000E+00  0.0000E+00 -2.1634E+00 -1.8536E+04  1.8536E+04  0.0000E+00  0.0000E+00  1.8536E+04  0.0000E+00  0.0000E+00
  7.0000E+00  1.0080E+03  5.8206E+01  0.0000E+00  1.0000E+00  0.0000E+00  1.0000E+00  1.0000E+00  4.3000E+01  6.0000E+00  5.4329E-02  1.4259E+00  5.6780E+01  5.4329E-02  5.8206E+01  5.6780E+01  1.4259E+00  5.4329E-02
  8.0000E+00  0.0000E+00  0.0000E+00  1.0000E+00  1.0000E+00  6.0000E-01  1.0000E+00  1.0000E+00  0.0000E+00  0.0000E+00 -2.1634E+00 -1.8536E+04  1.8536E+04  0.0000E+00  0.0000E+00  1.8536E+04  0.0000E+00  0.0000E+00
  8.0000E+00  1.3440E+03  1.2343E+01  0.0000E+00  1.0000E+00  0.0000E+00  1.0000E+00  1.0000E+00  5.7000E+01  8.0000E+00  1.0746E+00  4.0963E+00  8.2463E+00  1.0746E+00  1.2343E+01  8.2463E+00  4.0963E+00  1.0746E+00
  9.0000E+00  0.0000E+00  0.0000E+00  1.0000E+00  1.0000E+00  6.0000E-01  0.0000E+00  1.0000E+00  0.0000E+00  0.0000E+00 -2.1634E+00 -1.8536E+04  1.8536E+04  0.0000E+00  0.0000E+00  1.8536E+04  0.0000E+00  0.0000E+00
  9.0000E+00  1.3440E+03  1.0106E+01  0.0000E+00  1.0000E+00  0.0000E+00  1.0000E+00  1.0000E+00  5.7000E+01  8.0000E+00  4.8800E-01  1.8602E+00  8.2463E+00  4.8800E-01  1.0106E+01  8.2463E+00  1.8602E+00  4.8800E-01
  1.0000E+01  0.0000E+00  0.0000E+00  1.0000E+00  1.0000E+00  6.0000E-01  1.0000E+00  1.0000E+00  0.0000E+00  0.0000E+00 -2.1634E+00 -1.8536E+04  1.8536E+04  0.0000E+00  0.0000E+00  1.8536E+04  0.0000E+00  0.0000E+00
  1.0000E+01  1.3440E+03  1.5274E+01  0.0000E+00  1.0000E+00  0.0000E+00  1.0000E+00  1.0000E+00  5.7000E+01  8.0000E+00  1.8437E+00  7.0278E+00  8.2463E+00  1.8437E+00  1.5274E+01  8.2463E+00  7.0278E+00  1.8437E+00
  1.1000E+01  0.0000E+00  0.0000E+00  1.0000E+00  1.0000E+00  6.0000E-01  0.0000E+00  1.0000E+00  0.0000E+00  0.0000E+00 -2.1634E+00 -1.8536E+04  1.8536E+04  0.0000E+00  0.0000E+00  1.8536E+04  0.0000E+00  0.0000E+00
  1.1000E+01  3.3600E+02  2.7843E+03  0.0000E+00  1.0000E+00  0.0000E+00  0.0000E+00  1.0000E+00  1.5000E+01  2.0000E+00  7.4235E-02  9.2375E+01  2.6920E+03  7.4235E-02  2.7843E+03  2.6920E+03  9.2375E+01  7.4235E-02
  1.2000E+01  0.0000E+00  0.0000E+00  1.0000E+00  1.0000E+00  6.0000E-01  1.0000E+00  1.0000E+00  0.0000E+00  0.0000E+00 -2.1634E+00 -1.8536E+04  1.8536E+04  0.0000E+00  0.0000E+00  1.8536E+04  0.0000E+00  0.0000E+00
  1.2000E+01  3.3600E+02  2.7530E+03  0.0000E+00  1.0000E+00  0.0000E+00  0.0000E+00  1.0000E+00  1.5000E+01  2.0000E+00  4.9059E-02  6.1047E+01  2.6920E+03  4.9059E-02  2.7530E+03  2.6920E+03  6.1047E+01  4.9059E-02
  1.3000E+01  0.0000E+00  0.0000E+00  1.0000E+00  1.0000E+00  6.0000E-01  0.0000E+00  1.0000E+00  0.0000E+00  0.0000E+00 -2.1634E+00 -1.8536E+04  1.8536E+04  0.0000E+00  0.0000E+00  1.8536E+04  0.0000E+00  0.0000E+00
  1.3000E+01  6.7200E+02  3.3365E+02  0.0000E+00  1.0000E+00  0.0000E+00  0.0000E+00  1.0000E+00  2.9000E+01  4.0000E+00 -3.1714E-01 -5.7313E+01  3.9096E+02 -3.1714E-01  3.3365E+02  3.9096E+02 -5.7313E+01 -3.1714E-01
  1.4000E+01  0.0000E+00  0.0000E+00  1.0000E+00  1.0000E+00  6.0000E-01  1.0000E+00  1.0000E+00  0.0000E+00  0.0000E+00 -2.1634E+00 -1.8536E+04  1.8536E+04  0.0000E+00  0.0000E+00  1.8536E+04  0.0000E+00  0.0000E+00
  1.4000E+01  6.7200E+02  3.7741E+02  0.0000E+00  1.0000E+00  0.0000E+00  0.0000E+00  1.0000E+00  2.9000E+01  4.0000E+00 -7.5006E-02 -1.3555E+01  3.9096E+02 -7.5006E-02  3.7741E+02  3.9096E+02 -1.3555E+01 -7.5006E-02
  1.5000E+01  0.0000E+00  0.0000E+00  1.0000E+00  1.0000E+00  6.0000E-01  0.0000E+00  1.0000E+00  0.0000E+00  0.0000E+00 -2.1634E+00 -1.8536E+04  1.8536E+04  0.0000E+00  0.0000E+00  1.8536E+04  0.0000E+00  0.0000E+00
  1.5000E+01  6.7200E+02  0.0000E+00  1.0000E+00  1.0000E+00  0.0000E+00  0.0000E+00  1.0000E+00  2.9000E+01  4.0000E+00 -2.1634E+00 -3.9096E+02  3.9096E+02  0.0000E+00  0.0000E+00  3.9096E+02  0.0000E+00  0.0000E+00
  1.6000E+01  0.0000E+00  0.0000E+00  1.0000E+00  1.0000E+00  6.0000E-01  1.0000E+00  1.0000E+00  0.0000E+00  0.0000E+00 -2.1634E+00 -1.8536E+04  1.8536E+04  0.0000E+00  0.0000E+00  1.8536E+04  0.0000E+00  0.0000E+00
  1.6000E+01  1.0080E+03  1.0095E+02  0.0000E+00  1.0000E+00  0.0000E+00  0.0000E+00  1.0000E+00  4.3000E+01  6.0000E+00  1.6828E+00  4.4166E+01  5.6780E+01  1.6828E+00  1.0095E+02  5.6780E+01  4.4166E+01  1.6828E+00
  1.7000E+01  0.0000E+00  0.0000E+00  1.0000E+00  1.0000E+00  6.0000E-01  0.0000E+00  1.0000E+00  0.0000E+00  0.0000E+00 -2.1634E+00 -1.8536E+04  1.8536E+04  0.0000E+00  0.0000E+00  1.8536E+04  0.0000E+00  0.0000E+00
  1.7000E+01  1.0080E+03  5.4858E+01  0.0000E+00  1.0000E+00  0.0000E+00  0.0000E+00  1.0000E+00  4.3000E+01  6.0000E+00 -7.3249E-02 -1.9225E+00  5.6780E+01 -7.3249E-02  5.4858E+01  5.6780E+01 -1.9225E+00 -7.3249E-02
  1.8000E+01  0.0000E+00  0.0000E+00  1.0000E+00  1.0000E+00  6.0000E-01  1.0000E+00  1.0000E+00  0.0000E+00  0.0000E+00 -2.1634E+00 -1.8536E+04  1.8536E+04  0.0000E+00  0.0000E+00  1.8536E+04  0.0000E+00  0.0000E+00
  1.8000E+01  1.3440E+03  9.2840E+00  0.0000E+00  1.0000E+00  0.0000E+00  0.0000E+00  1.0000E+00  5.7000E+01  8.0000E+00  2.7223E-01  1.0377E+00  8.2463E+00  2.7223E-01  9.2840E+00  8.2463E+00  1.0377E+00  2.7223E-01
  1.9000E+01  0.0000E+00  0.0000E+00  1.0000E+00  1.0000E+00  6.0000E-01  0.0000E+00  1.0000E+00  0.0000E+00  0.0000E+00 -2.1634E+00 -1.8536E+04  1.8536E+04  0.0000E+00  0.0000E+00  1.8536E+04  0.0000E+00  0.0000E+00
  1.9000E+01  1.3440E+03  9.3212E+00  0.0000E+00  1.0000E+00  0.0000E+00  0.0000E+00  1.0000E+00  5.7000E+01  8.0000E+00  2.8200E-01  1.0749E+00  8.2463E+00  2.8200E-01  9.3212E+00  8.2463E+00  1.0749E+00  2.8200E-01
  2.0000E+01  0.0000E+00  0.0000E+00  1.0000E+00  1.0000E+00  6.0000E-01  1.0000E+00  1.0000E+00  0.0000E+00  0.0000E+00 -2.1634E+00 -1.8536E+04  1.8536E+04  0.0000E+00  0.0000E+00  1.8536E+04  0.0000E+00  0.0000E+00
  2.0000E+01  1.3440E+03  1.2715E+01  0.0000E+00  1.0000E+00  0.0000E+00  0.0000E+00  1.0000E+00  5.7000E+01  8.0000E+00  1.1722E+00  4.4683E+00  8.2463E+00  1.1722E+00  1.2715E+01  8.2463E+00  4.4683E+00  1.1722E+00
  1.0100E+02  0.0000E+00  0.0000E+00  1.0000E+00  1.0000E+00  1.2000E+00  0.0000E+00  1.0000E+00  0.0000E+00  0.0000E+00 -2.1634E+00 -3.7071E+04  3.7071E+04  0.0000E+00  0.0000E+00  3.7071E+04  0.0000E+00  0.0000E+00
  1.0100E+02  3.3600E+02  6.6540E+02  0.0000E+00  1.0000E+00  0.0000E+00  1.0000E+00  1.0000E+00  1.5000E+01  2.0000E+00 -1.8960E+00 -4.7185E+03  5.3839E+03 -1.8960E+00  6.6540E+02  5.3839E+03 -4.7185E+03 -1.8960E+00
  1.0200E+02  0.0000E+00  0.0000E+00  1.0000E+00  1.0000E+00  1.2000E+00  1.0000E+00  1.0000E+00  0.0000E+00  0.0000E+00 -2.1634E+00 -3.7071E+04  3.7071E+04  0.0000E+00  0.0000E+00  3.7071E+04  0.0000E+00  0.0000E+00
  1.0200E+02  3.3600E+02  7.2565E+03  0.0000E+00  1.0000E+00  0.0000E+00  1.0000E+00  1.0000E+00  1.5000E+01  2.0000E+00  7.5240E-01  1.8725E+03  5.3839E+03  7.5240E-01  7.2565E+03  5.3839E+03  1.8725E+03  7.5240E-01
  1.0300E+02  0.0000E+00  0.0000E+00  1.0000E+00  1.0000E+00  1.2000E+00  0.0000E+00  1.0000E+00  0.0000E+00  0.0000E+00 -2.1634E+00 -3.7071E+04  3.7071E+04  0.0000E+00  0.0000E+00  3.7071E+04  0.0000E+00  0.0000E+00
  1.0300E+02  6.7200E+02  4.9328E+02  0.0000E+00  1.0000E+00  0.0000E+00  1.0000E+00  1.0000E+00  2.9000E+01  4.0000E+00 -7.9859E-01 -2.8864E+02  7.8192E+02 -7.9859E-01  4.9328E+02  7.8192E+02 -2.8864E+02 -7.9859E-01
  1.0400E+02  0.0000E+00  0.0000E+00  1.0000E+00  1.0000E+00  1.2000E+00  1.0000E+00  1.0000E+00  0.0000E+00  0.0000E+00 -2.1634E+00 -3.7071E+04  3.7071E+04  0.0000E+00  0.0000E+00  3.7071E+04  0.0000E+00  0.0000E+00
  1.0400E+02  6.7200E+02  9.4698E+02  0.0000E+00  1.0000E+00  0.0000E+00  1.0000E+00  1.0000E+00  2.9000E+01  4.0000E+00  4.5668E-01  1.6506E+02  7.8192E+02  4.5668E-01  9.4698E+02  7.8192E+02  1.6506E+02  4.5668E-01
  1.0500E+02  0.0000E+00  0.0000E+00  1.0000E+00  1.0000E+00  1.2000E+00  0.0000E+00  1.0000E+00  0.0000E+00  0.0000E+00 -2.1634E+00 -3.7071E+04  3.7071E+04  0.0000E+00  0.0000E+00  3.7071E+04  0.0000E+00  0.0000E+00
  1.0500E+02  6.7200E+02  9.3480E+02  0.0000E+00  1.0000E+00  0.0000E+00  1.0000E+00  1.0000E+00  2.9000E+01  4.0000E+00  4.2298E-01  1.5288E+02  7.8192E+02  4.2298E-01  9.3480E+02  7.8192E+02  1.5288E+02  4.2298E-01
  1.0600E+02  0.0000E+00  0.0000E+00  1.0000E+00  1.0000E+00  1.2000E+00  1.0000E+00  1.0000E+00  0.0000E+00  0.0000E+00 -2.1634E+00 -3.7071E+04  3.7071E+04  0.0000E+00  0.0000E+00  3.7071E+04  0.0000E+00  0.0000E+00
  1.0600E+02  1.0080E+03  9.9372E+01  0.0000E+00  1.0000E+00  0.0000E+00  1.0000E+00  1.0000E+00  4.3000E+01  6.0000E+00 -2.7029E-01 -1.4188E+01  1.1356E+02 -2.7029E-01  9.9372E+01  1.1356E+02 -1.4188E+01 -2.7029E-01
  1.0700E+02  0.0000E+00  0.0000E+00  1.0000E+00  1.0000E+00  1.2000E+00  0.0000E+00  1.0000E+00  0.0000E+00  0.0000E+00 -2.1634E+00 -3.7071E+04  3.7071E+04  0.0000E+00  0.0000E+00  3.7071E+04  0.0000E+00  0.0000E+00
  1.0700E+02  1.0080E+03  7.8286E+01  0.0000E+00  1.0000E+00  0.0000E+00  1.0000E+00  1.0000E+00  4.3000E+01  6.0000E+00 -6.7199E-01 -3.5274E+01  1.1356E+02 -6.7199E-01  7.8286E+01  1.1356E+02 -3.5274E+01 -6.7199E-01
  1.0800E+02  0.0000E+00  0.0000E+00  1.0000E+00  1.0000E+00  1.2000E+00  1.0000E+00  1.0000E+00  0.0000E+00  0.0000E+00 -2.1634E+00 -3.7071E+04  3.7071E+04  0.0000E+00  0.0000E+00  3.7071E+04  0.0000E+00  0.0000E+00
  1.0800E+02  1.3440E+03  1.0964E+01  0.0000E+00  1.0000E+00  0.0000E+00  1.0000E+00  1.0000E+00  5.7000E+01  8.0000E+00 -7.2514E-01 -5.5282E+00  1.6493E+01 -7.2514E-01  1.0964E+01  1.6493E+01 -5.5282E+00 -7.2514E-01
  1.0900E+02  0.0000E+00  0.0000E+00  1.0000E+00  1.0000E+00  1.2000E+00  0.0000E+00  1.0000E+00  0.0000E+00  0.0000E+00 -2.1634E+00 -3.7071E+04  3.7071E+04  0.0000E+00  0.0000E+00  3.7071E+04  0.0000E+00  0.0000E+00
  1.0900E+02  1.3440E+03  9.6205E+00  0.0000E+00  1.0000E+00  0.0000E+00  1.0000E+00  1.0000E+00  5.7000E+01  8.0000E+00 -9.0142E-01 -6.8721E+00  1.6493E+01 -9.0142E-01  9.6205E+00  1.6493E+01 -6.8721E+00 -9.0142E-01
  1.1000E+02  0.0000E+00  0.0000E+00  1.0000E+00  1.0000E+00  1.2000E+00  1.0000E+00  1.0000E+00  0.0000E+00  0.0000E+00 -2.1634E+00 -3.7071E+04  3.7071E+04  0.0000E+00  0.0000E+00  3.7071E+04  0.0000E+00  0.0000E+00
  1.1000E+02  1.3440E+03  1.3866E+01  0.0000E+00  1.0000E+00  0.0000E+00  1.0000E+00  1.0000E+00  5.7000E+01  8.0000E+00 -3.4455E-01 -2.6267E+00  1.6493E+01 -3.4455E-01  1.3866E+01  1.6493E+01 -2.6267E+00 -3.4455E-01
  1.1100E+02  0.0000E+00  0.0000E+00  1.0000E+00  1.0000E+00  1.2000E+00  0.0000E+00  1.0000E+00  0.0000E+00  0.0000E+00 -2.1634E+00 -3.7071E+04  3.7071E+04  0.0000E+00  0.0000E+00  3.7071E+04  0.0000E+00  0.0000E+00
  1.1100E+02  3.3600E+02  1.8397E+02  0.0000E+00  1.0000E+00  0.0000E+00  0.0000E+00  1.0000E+00  1.5000E+01  2.0000E+00 -2.0894E+00 -5.2000E+03  5.3839E+03 -2.0894E+00  1.8397E+02  5.3839E+03 -5.2000E+03 -2.0894E+00
  1.1200E+02  0.0000E+00  0.0000E+00  1.0000E+00  1.0000E+00  1.2000E+00  1.0000E+00  1.0000E+00  0.0000E+00  0.0000E+00 -2.1634E+00 -3.7071E+04  3.7071E+04  0.0000E+00  0.0000E+00  3.7071E+04  0.0000E+00  0.0000E+00
  1.1200E+02  3.3600E+02  6.4709E+03  0.0000E+00  1.0000E+00  0.0000E+00  0.0000E+00  1.0000E+00  1.5000E+01  2.0000E+00  4.3675E-01  1.0870E+03  5.3839E+03  4.3675E-01  6.4709E+03  5.3839E+03  1.0870E+03  4.3675E-01
  1.1300E+02  0.0000E+00  0.0000E+00  1.0000E+00  1.0000E+00  1.2000E+00  0.0000E+00  1.0000E+00  0.0000E+00  0.0000E+00 -2.1634E+00 -3.7071E+04  3.7071E+04  0.0000E+00  0.0000E+00  3.7071E+04  0.0000E+00  0.0000E+00
  1.1300E+02  6.7200E+02  3.8098E+02  0.0000E+00  1.0000E+00  0.0000E+00  0.0000E+00  1.0000E+00  2.9000E+01  4.0000E+00 -1.1093E+00 -4.0094E+02  7.8192E+02 -1.1093E+00  3.8098E+02  7.8192E+02 -4.0094E+02 -1.1093E+00
  1.1400E+02  0.0000E+00  0.0000E+00  1.0000E+00  1.0000E+00  1.2000E+00  1.0000E+00  1.0000E+00  0.0000E+00  0.0000E+00 -2.1634E+00 -3.7071E+04  3.7071E+04  0.0000E+00  0.0000E+00  3.7071E+04  0.0000E+00  0.0000E+00
  1.1400E+02  6.7200E+02  1.4873E+03  0.0000E+00  1.0000E+00  0.0000E+00  0.0000E+00  1.0000E+00  2.9000E+01  4.0000E+00  1.9515E+00  7.0536E+02  7.8192E+02  1.9515E+00  1.4873E+03  7.8192E+02  7.0536E+02  1.9515E+00
  1.1500E+02  0.0000E+00  0.0000E+00  1.0000E+00  1.0000E+00  1.2000E+00  0.0000E+00  1.0000E+00  0.0000E+00  0.0000E+00 -2.1634E+00 -3.7071E+04  3.7071E+04  0.0000E+00  0.0000E+00  3.7071E+04  0.0000E+00  0.0000E+00
  1.1500E+02  6.7200E+02  1.0185E+03  0.0000E+00  1.0000E+00  0.0000E+00  0.0000E+00  1.0000E+00  2.9000E+01  4.0000E+00  6.5453E-01  2.3657E+02  7.8192E+02  6.5453E-01  1.0185E+03  7.8192E+02  2.3657E+02  6.5453E-01
  1.1600E+02  0.0000E+00  0.0000E+00  1.0000E+00  1.0000E+00  1.2000E+00  1.0000E+00  1.0000E+00  0.0000E+00  0.0000E+00 -2.1634E+00 -3.7071E+04  3.7071E+04  0.0000E+00  0.0000E+00  3.7071E+04  0.0000E+00  0.0000E+00
  1.1600E+02  1.0080E+03  6.9541E+01  0.0000E+00  1.0000E+00  0.0000E+00  0.0000E+00  1.0000E+00  4.3000E+01  6.0000E+00 -8.3857E-01 -4.4019E+01  1.1356E+02 -8.3857E-01  6.9541E+01  1.1356E+02 -4.4019E+01 -8.3857E-01
  1.1700E+02  0.0000E+00  0.0000E+00  1.0000E+00  1.0000E+00  1.2000E+00  0.0000E+00  1.0000E+00  0.0000E+00  0.0000E+00 -2.1634E+00 -3.7071E+04  3.7071E+04  0.0000E+00  0.0000E+00  3.7071E+04  0.0000E+00  0.0000E+00
  1.1700E+02  1.0080E+03  5.9511E+01  0.0000E+00  1.0000E+00  0.0000E+00  0.0000E+00  1.0000E+00  4.3000E+01  6.0000E+00 -1.0297E+00 -5.4050E+01  1.1356E+02 -1.0297E+00  5.9511E+01  1.1356E+02 -5.4050E+01 -1.0297E+00
  1.1800E+02  0.0000E+00  0.0000E+00  1.0000E+00  1.0000E+00  1.2000E+00  1.0000E+00  1.0000E+00  0.0000E+00  0.0000E+00 -2.1634E+00 -3.7071E+04  3.7071E+04  0.0000E+00  0.0000E+00  3.7071E+04  0.0000E+00  0.0000E+00
  1.1800E+02  1.3440E+03  8.6474E+00  0.0000E+00  1.0000E+00  0.0000E+00  0.0000E+00  1.0000E+00  5.7000E+01  8.0000E+00 -1.0291E+00 -7.8452E+00  1.6493E+01 -1.0291E+00  8.6474E+00  1.6493E+01 -7.8452E+00 -1.0291E+00
  1.1900E+02  0.0000E+00  0.0000E+00  1.0000E+00  1.0000E+00  1.2000E+00  0.0000E+00  1.0000E+00  0.0000E+00  0.0000E+00 -2.1634E+00 -3.7071E+04  3.7071E+04  0.0000E+00  0.0000E+00  3.7071E+04  0.0000E+00  0.0000E+00
  1.1900E+02  1.3440E+03  1.1338E+01  0.0000E+00  1.0000E+00  0.0000E+00  0.0000E+00  1.0000E+00  5.7000E+01  8.0000E+00 -6.7620E-01 -5.1551E+00  1.6493E+01 -6.7620E-01  1.1338E+01  1.6493E+01 -5.1551E+00 -6.7620E-01
  1.2000E+02  0.0000E+00  0.0000E+00  1.0000E+00  1.0000E+00  1.2000E+00  1.0000E+00  1.0000E+00  0.0000E+00  0.0000E+00 -2.1634E+00 -3.7071E+04  3.7071E+04  0.0000E+00  0.0000E+00  3.7071E+04  0.0000E+00  0.0000E+00
  1.2000E+02  1.3440E+03  1.1747E+01  0.0000E+00  1.0000E+00  0.0000E+00  0.0000E+00  1.0000E+00  5.7000E+01  8.0000E+00 -6.2246E-01 -4.7454E+00  1.6493E+01 -6.2246E-01  1.1747E+01  1.6493E+01 -4.7454E+00 -6.2246E-01
