TABLE NO.  1
 ID          TIME        DV          MDV         CMT         AMT         LEFT        SITE        DAY         WEEK        IWRES       IRES        IPRED       CWRES       DV          PRED        RES         WRES
  1.0000E+00  0.0000E+00  0.0000E+00  1.0000E+00  1.0000E+00  6.0000E-01  0.0000E+00  1.0000E+00  0.0000E+00  0.0000E+00 -1.0000E+03 -1.3343E+04  1.3343E+04  0.0000E+00  0.0000E+00  1.3343E+04  0.0000E+00  0.0000E+00
  1.0000E+00  3.3600E+02  1.3165E+03  0.0000E+00  1.0000E+00  0.0000E+00  1.0000E+00  1.0000E+00  1.5000E+01  2.0000E+00 -7.5776E-04 -9.9758E-04  1.3165E+03 -9.4746E-01  1.3165E+03  2.0819E+03 -7.6540E+02 -8.5034E-01
  2.0000E+00  0.0000E+00  0.0000E+00  1.0000E+00  1.0000E+00  6.0000E-01  1.0000E+00  1.0000E+00  0.0000E+00  0.0000E+00 -1.0000E+03 -1.3343E+04  1.3343E+04  0.0000E+00  0.0000E+00  1.3343E+04  0.0000E+00  0.0000E+00
  2.0000E+00  3.3600E+02  2.3413E+03  0.0000E+00  1.0000E+00  0.0000E+00  1.0000E+00  1.0000E+00  1.5000E+01  2.0000E+00  1.6928E-03  3.9635E-03  2.3413E+03  2.8061E-01  2.3413E+03  2.0819E+03  2.5945E+02  2.8824E-01
  3.0000E+00  0.0000E+00  0.0000E+00  1.0000E+00  1.0000E+00  6.0000E-01  0.0000E+00  1.0000E+00  0.0000E+00  0.0000E+00 -1.0000E+03 -1.3343E+04  1.3343E+04  0.0000E+00  0.0000E+00  1.3343E+04  0.0000E+00  0.0000E+00
  3.0000E+00  6.7200E+02  7.7622E+02  0.0000E+00  1.0000E+00  0.0000E+00  1.0000E+00  1.0000E+00  2.9000E+01  4.0000E+00  2.7341E-03  2.1223E-03  7.7622E+02  1.1479E+00  7.7622E+02  3.2484E+02  4.5138E+02  1.6069E+00
  4.0000E+00  0.0000E+00  0.0000E+00  1.0000E+00  1.0000E+00  6.0000E-01  1.0000E+00  1.0000E+00  0.0000E+00  0.0000E+00 -1.0000E+03 -1.3343E+04  1.3343E+04  0.0000E+00  0.0000E+00  1.3343E+04  0.0000E+00  0.0000E+00
  4.0000E+00  6.7200E+02  6.4204E+02  0.0000E+00  1.0000E+00  0.0000E+00  1.0000E+00  1.0000E+00  2.9000E+01  4.0000E+00  2.2326E-03  1.4334E-03  6.4204E+02  8.7040E-01  6.4204E+02  3.2484E+02  3.1719E+02  1.1292E+00
  5.0000E+00  0.0000E+00  0.0000E+00  1.0000E+00  1.0000E+00  6.0000E-01  0.0000E+00  1.0000E+00  0.0000E+00  0.0000E+00 -1.0000E+03 -1.3343E+04  1.3343E+04  0.0000E+00  0.0000E+00  1.3343E+04  0.0000E+00  0.0000E+00
  5.0000E+00  6.7200E+02  0.0000E+00  1.0000E+00  1.0000E+00  0.0000E+00  1.0000E+00  1.0000E+00  2.9000E+01  4.0000E+00 -1.0000E+03 -3.2484E+02  3.2484E+02  0.0000E+00  0.0000E+00  3.2484E+02  0.0000E+00  0.0000E+00
  6.0000E+00  0.0000E+00  0.0000E+00  1.0000E+00  1.0000E+00  6.0000E-01  1.0000E+00  1.0000E+00  0.0000E+00  0.0000E+00 -1.0000E+03 -1.3343E+04  1.3343E+04  0.0000E+00  0.0000E+00  1.3343E+04  0.0000E+00  0.0000E+00
  6.0000E+00  1.0080E+03  4.8956E+01  0.0000E+00  1.0000E+00  0.0000E+00  1.0000E+00  1.0000E+00  4.3000E+01  6.0000E+00  9.7954E-04  4.7955E-05  4.8956E+01 -2.6684E-02  4.8956E+01  5.0686E+01 -1.7295E+00 -2.6308E-02
  7.0000E+00  0.0000E+00  0.0000E+00  1.0000E+00  1.0000E+00  6.0000E-01  0.0000E+00  1.0000E+00  0.0000E+00  0.0000E+00 -1.0000E+03 -1.3343E+04  1.3343E+04  0.0000E+00  0.0000E+00  1.3343E+04  0.0000E+00  0.0000E+00
  7.0000E+00  1.0080E+03  5.8206E+01  0.0000E+00  1.0000E+00  0.0000E+00  1.0000E+00  1.0000E+00  4.3000E+01  6.0000E+00  1.0854E-03  6.3176E-05  5.8206E+01  1.0800E-01  5.8206E+01  5.0686E+01  7.5200E+00  1.1439E-01
  8.0000E+00  0.0000E+00  0.0000E+00  1.0000E+00  1.0000E+00  6.0000E-01  1.0000E+00  1.0000E+00  0.0000E+00  0.0000E+00 -1.0000E+03 -1.3343E+04  1.3343E+04  0.0000E+00  0.0000E+00  1.3343E+04  0.0000E+00  0.0000E+00
  8.0000E+00  1.3440E+03  1.2343E+01  0.0000E+00  1.0000E+00  0.0000E+00  1.0000E+00  1.0000E+00  5.7000E+01  8.0000E+00  1.1632E-03  1.4357E-05  1.2343E+01  2.6540E-01  1.2343E+01  7.9087E+00  4.4339E+00  3.2418E-01
  9.0000E+00  0.0000E+00  0.0000E+00  1.0000E+00  1.0000E+00  6.0000E-01  0.0000E+00  1.0000E+00  0.0000E+00  0.0000E+00 -1.0000E+03 -1.3343E+04  1.3343E+04  0.0000E+00  0.0000E+00  1.3343E+04  0.0000E+00  0.0000E+00
  9.0000E+00  1.3440E+03  1.0106E+01  0.0000E+00  1.0000E+00  0.0000E+00  1.0000E+00  1.0000E+00  5.7000E+01  8.0000E+00  1.0862E-03  1.0978E-05  1.0106E+01  1.4419E-01  1.0106E+01  7.9087E+00  2.1978E+00  1.6069E-01
  1.0000E+01  0.0000E+00  0.0000E+00  1.0000E+00  1.0000E+00  6.0000E-01  1.0000E+00  1.0000E+00  0.0000E+00  0.0000E+00 -1.0000E+03 -1.3343E+04  1.3343E+04  0.0000E+00  0.0000E+00  1.3343E+04  0.0000E+00  0.0000E+00
  1.0000E+01  1.3440E+03  1.5274E+01  0.0000E+00  1.0000E+00  0.0000E+00  1.0000E+00  1.0000E+00  5.7000E+01  8.0000E+00  1.2528E-03  1.9136E-05  1.5274E+01  3.9852E-01  1.5274E+01  7.9087E+00  7.3655E+00  5.3852E-01
  1.1000E+01  0.0000E+00  0.0000E+00  1.0000E+00  1.0000E+00  6.0000E-01  0.0000E+00  1.0000E+00  0.0000E+00  0.0000E+00 -1.0000E+03 -1.3343E+04  1.3343E+04  0.0000E+00  0.0000E+00  1.3343E+04  0.0000E+00  0.0000E+00
  1.1000E+01  3.3600E+02  2.7843E+03  0.0000E+00  1.0000E+00  0.0000E+00  0.0000E+00  1.0000E+00  1.5000E+01  2.0000E+00  3.0053E-03  8.3677E-03  2.7843E+03  7.3130E-01  2.7843E+03  2.0819E+03  7.0245E+02  7.8041E-01
  1.2000E+01  0.0000E+00  0.0000E+00  1.0000E+00  1.0000E+00  6.0000E-01  1.0000E+00  1.0000E+00  0.0000E+00  0.0000E+00 -1.0000E+03 -1.3343E+04  1.3343E+04  0.0000E+00  0.0000E+00  1.3343E+04  0.0000E+00  0.0000E+00
  1.2000E+01  3.3600E+02  2.7530E+03  0.0000E+00  1.0000E+00  0.0000E+00  0.0000E+00  1.0000E+00  1.5000E+01  2.0000E+00  2.9067E-03  8.0022E-03  2.7530E+03  7.0038E-01  2.7530E+03  2.0819E+03  6.7112E+02  7.4560E-01
  1.3000E+01  0.0000E+00  0.0000E+00  1.0000E+00  1.0000E+00  6.0000E-01  0.0000E+00  1.0000E+00  0.0000E+00  0.0000E+00 -1.0000E+03 -1.3343E+04  1.3343E+04  0.0000E+00  0.0000E+00  1.3343E+04  0.0000E+00  0.0000E+00
  1.3000E+01  6.7200E+02  3.3365E+02  0.0000E+00  1.0000E+00  0.0000E+00  0.0000E+00  1.0000E+00  2.9000E+01  4.0000E+00  1.0362E-03  3.4571E-04  3.3365E+02  3.1041E-02  3.3365E+02  3.2484E+02  8.8049E+00  3.1346E-02
  1.4000E+01  0.0000E+00  0.0000E+00  1.0000E+00  1.0000E+00  6.0000E-01  1.0000E+00  1.0000E+00  0.0000E+00  0.0000E+00 -1.0000E+03 -1.3343E+04  1.3343E+04  0.0000E+00  0.0000E+00  1.3343E+04  0.0000E+00  0.0000E+00
  1.4000E+01  6.7200E+02  3.7741E+02  0.0000E+00  1.0000E+00  0.0000E+00  0.0000E+00  1.0000E+00  2.9000E+01  4.0000E+00  1.2133E-03  4.5792E-04  3.7741E+02  1.7704E-01  3.7741E+02  3.2484E+02  5.2563E+01  1.8713E-01
  1.5000E+01  0.0000E+00  0.0000E+00  1.0000E+00  1.0000E+00  6.0000E-01  0.0000E+00  1.0000E+00  0.0000E+00  0.0000E+00 -1.0000E+03 -1.3343E+04  1.3343E+04  0.0000E+00  0.0000E+00  1.3343E+04  0.0000E+00  0.0000E+00
  1.5000E+01  6.7200E+02  0.0000E+00  1.0000E+00  1.0000E+00  0.0000E+00  0.0000E+00  1.0000E+00  2.9000E+01  4.0000E+00 -1.0000E+03 -3.2484E+02  3.2484E+02  0.0000E+00  0.0000E+00  3.2484E+02  0.0000E+00  0.0000E+00
  1.6000E+01  0.0000E+00  0.0000E+00  1.0000E+00  1.0000E+00  6.0000E-01  1.0000E+00  1.0000E+00  0.0000E+00  0.0000E+00 -1.0000E+03 -1.3343E+04  1.3343E+04  0.0000E+00  0.0000E+00  1.3343E+04  0.0000E+00  0.0000E+00
  1.6000E+01  1.0080E+03  1.0095E+02  0.0000E+00  1.0000E+00  0.0000E+00  0.0000E+00  1.0000E+00  4.3000E+01  6.0000E+00  1.4988E-03  1.5130E-04  1.0095E+02  5.6697E-01  1.0095E+02  5.0686E+01  5.0261E+01  7.6451E-01
  1.7000E+01  0.0000E+00  0.0000E+00  1.0000E+00  1.0000E+00  6.0000E-01  0.0000E+00  1.0000E+00  0.0000E+00  0.0000E+00 -1.0000E+03 -1.3343E+04  1.3343E+04  0.0000E+00  0.0000E+00  1.3343E+04  0.0000E+00  0.0000E+00
  1.7000E+01  1.0080E+03  5.4858E+01  0.0000E+00  1.0000E+00  0.0000E+00  0.0000E+00  1.0000E+00  4.3000E+01  6.0000E+00  1.0480E-03  5.7492E-05  5.4858E+01  6.1414E-02  5.4858E+01  5.0686E+01  4.1716E+00  6.3453E-02
  1.8000E+01  0.0000E+00  0.0000E+00  1.0000E+00  1.0000E+00  6.0000E-01  1.0000E+00  1.0000E+00  0.0000E+00  0.0000E+00 -1.0000E+03 -1.3343E+04  1.3343E+04  0.0000E+00  0.0000E+00  1.3343E+04  0.0000E+00  0.0000E+00
  1.8000E+01  1.3440E+03  9.2840E+00  0.0000E+00  1.0000E+00  0.0000E+00  0.0000E+00  1.0000E+00  5.7000E+01  8.0000E+00  1.0554E-03  9.7982E-06  9.2840E+00  9.3723E-02  9.2840E+00  7.9087E+00  1.3753E+00  1.0055E-01
  1.9000E+01  0.0000E+00  0.0000E+00  1.0000E+00  1.0000E+00  6.0000E-01  0.0000E+00  1.0000E+00  0.0000E+00  0.0000E+00 -1.0000E+03 -1.3343E+04  1.3343E+04  0.0000E+00  0.0000E+00  1.3343E+04  0.0000E+00  0.0000E+00
  1.9000E+01  1.3440E+03  9.3212E+00  0.0000E+00  1.0000E+00  0.0000E+00  0.0000E+00  1.0000E+00  5.7000E+01  8.0000E+00  1.0568E-03  9.8509E-06  9.3212E+00  9.6092E-02  9.3212E+00  7.9087E+00  1.4126E+00  1.0328E-01
  2.0000E+01  0.0000E+00  0.0000E+00  1.0000E+00  1.0000E+00  6.0000E-01  1.0000E+00  1.0000E+00  0.0000E+00  0.0000E+00 -1.0000E+03 -1.3343E+04  1.3343E+04  0.0000E+00  0.0000E+00  1.3343E+04  0.0000E+00  0.0000E+00
  2.0000E+01  1.3440E+03  1.2715E+01  0.0000E+00  1.0000E+00  0.0000E+00  0.0000E+00  1.0000E+00  5.7000E+01  8.0000E+00  1.1752E-03  1.4943E-05  1.2715E+01  2.8370E-01  1.2715E+01  7.9087E+00  4.8059E+00  3.5138E-01
  1.0100E+02  0.0000E+00  0.0000E+00  1.0000E+00  1.0000E+00  1.2000E+00  0.0000E+00  1.0000E+00  0.0000E+00  0.0000E+00 -1.0000E+03 -2.6686E+04  2.6686E+04  0.0000E+00  0.0000E+00  2.6685E+04  0.0000E+00  0.0000E+00
  1.0100E+02  3.3600E+02  6.6540E+02  0.0000E+00  1.0000E+00  0.0000E+00  1.0000E+00  1.0000E+00  1.5000E+01  2.0000E+00 -2.4343E-03 -1.6198E-03  6.6540E+02 -2.9505E+00  6.6540E+02  4.1638E+03 -3.4984E+03 -1.9433E+00
  1.0200E+02  0.0000E+00  0.0000E+00  1.0000E+00  1.0000E+00  1.2000E+00  1.0000E+00  1.0000E+00  0.0000E+00  0.0000E+00 -1.0000E+03 -2.6685E+04  2.6685E+04  0.0000E+00  0.0000E+00  2.6685E+04  0.0000E+00  0.0000E+00
  1.0200E+02  3.3600E+02  7.2565E+03  0.0000E+00  1.0000E+00  0.0000E+00  1.0000E+00  1.0000E+00  1.5000E+01  2.0000E+00  6.0365E-03  4.3803E-02  7.2564E+03  1.5264E+00  7.2565E+03  4.1638E+03  3.0927E+03  1.7179E+00
  1.0300E+02  0.0000E+00  0.0000E+00  1.0000E+00  1.0000E+00  1.2000E+00  0.0000E+00  1.0000E+00  0.0000E+00  0.0000E+00 -1.0000E+03 -2.6685E+04  2.6685E+04  0.0000E+00  0.0000E+00  2.6685E+04  0.0000E+00  0.0000E+00
  1.0300E+02  6.7200E+02  4.9328E+02  0.0000E+00  1.0000E+00  0.0000E+00  1.0000E+00  1.0000E+00  2.9000E+01  4.0000E+00  6.6919E-04  3.3010E-04  4.9328E+02 -3.0725E-01  4.9328E+02  6.4969E+02 -1.5641E+02 -2.7841E-01
  1.0400E+02  0.0000E+00  0.0000E+00  1.0000E+00  1.0000E+00  1.2000E+00  1.0000E+00  1.0000E+00  0.0000E+00  0.0000E+00 -1.0000E+03 -2.6685E+04  2.6685E+04  0.0000E+00  0.0000E+00  2.6685E+04  0.0000E+00  0.0000E+00
  1.0400E+02  6.7200E+02  9.4698E+02  0.0000E+00  1.0000E+00  0.0000E+00  1.0000E+00  1.0000E+00  2.9000E+01  4.0000E+00  1.5913E-03  1.5069E-03  9.4698E+02  4.5946E-01  9.4698E+02  6.4969E+02  2.9730E+02  5.2920E-01
  1.0500E+02  0.0000E+00  0.0000E+00  1.0000E+00  1.0000E+00  1.2000E+00  0.0000E+00  1.0000E+00  0.0000E+00  0.0000E+00 -1.0000E+03 -2.6685E+04  2.6685E+04  0.0000E+00  0.0000E+00  2.6685E+04  0.0000E+00  0.0000E+00
  1.0500E+02  6.7200E+02  9.3480E+02  0.0000E+00  1.0000E+00  0.0000E+00  1.0000E+00  1.0000E+00  2.9000E+01  4.0000E+00  1.5677E-03  1.4655E-03  9.3480E+02  4.4283E-01  9.3480E+02  6.4969E+02  2.8512E+02  5.0752E-01
  1.0600E+02  0.0000E+00  0.0000E+00  1.0000E+00  1.0000E+00  1.2000E+00  1.0000E+00  1.0000E+00  0.0000E+00  0.0000E+00 -1.0000E+03 -2.6685E+04  2.6685E+04  0.0000E+00  0.0000E+00  2.6685E+04  0.0000E+00  0.0000E+00
  1.0600E+02  1.0080E+03  9.9372E+01  0.0000E+00  1.0000E+00  0.0000E+00  1.0000E+00  1.0000E+00  4.3000E+01  6.0000E+00  9.8822E-04  9.8201E-05  9.9372E+01 -1.5336E-02  9.9372E+01  1.0137E+02 -2.0001E+00 -1.5211E-02
  1.0700E+02  0.0000E+00  0.0000E+00  1.0000E+00  1.0000E+00  1.2000E+00  0.0000E+00  1.0000E+00  0.0000E+00  0.0000E+00 -1.0000E+03 -2.6685E+04  2.6685E+04  0.0000E+00  0.0000E+00  2.6685E+04  0.0000E+00  0.0000E+00
  1.0700E+02  1.0080E+03  7.8286E+01  0.0000E+00  1.0000E+00  0.0000E+00  1.0000E+00  1.0000E+00  4.3000E+01  6.0000E+00  8.5650E-04  6.7051E-05  7.8286E+01 -1.9476E-01  7.8286E+01  1.0137E+02 -2.3086E+01 -1.7558E-01
  1.0800E+02  0.0000E+00  0.0000E+00  1.0000E+00  1.0000E+00  1.2000E+00  1.0000E+00  1.0000E+00  0.0000E+00  0.0000E+00 -1.0000E+03 -2.6685E+04  2.6685E+04  0.0000E+00  0.0000E+00  2.6685E+04  0.0000E+00  0.0000E+00
  1.0800E+02  1.3440E+03  1.0964E+01  0.0000E+00  1.0000E+00  0.0000E+00  1.0000E+00  1.0000E+00  5.7000E+01  8.0000E+00  8.8602E-04  9.7146E-06  1.0964E+01 -2.0684E-01  1.0964E+01  1.5817E+01 -4.8529E+00 -1.7741E-01
  1.0900E+02  0.0000E+00  0.0000E+00  1.0000E+00  1.0000E+00  1.2000E+00  0.0000E+00  1.0000E+00  0.0000E+00  0.0000E+00 -1.0000E+03 -2.6685E+04  2.6685E+04  0.0000E+00  0.0000E+00  2.6685E+04  0.0000E+00  0.0000E+00
  1.0900E+02  1.3440E+03  9.6205E+00  0.0000E+00  1.0000E+00  0.0000E+00  1.0000E+00  1.0000E+00  5.7000E+01  8.0000E+00  8.4917E-04  8.1695E-06  9.6205E+00 -2.7829E-01  9.6205E+00  1.5817E+01 -6.1968E+00 -2.2654E-01
  1.1000E+02  0.0000E+00  0.0000E+00  1.0000E+00  1.0000E+00  1.2000E+00  1.0000E+00  1.0000E+00  0.0000E+00  0.0000E+00 -1.0000E+03 -2.6685E+04  2.6685E+04  0.0000E+00  0.0000E+00  2.6685E+04  0.0000E+00  0.0000E+00
  1.1000E+02  1.3440E+03  1.3866E+01  0.0000E+00  1.0000E+00  0.0000E+00  1.0000E+00  1.0000E+00  5.7000E+01  8.0000E+00  9.5712E-04  1.3271E-05  1.3866E+01 -7.5472E-02  1.3866E+01  1.5817E+01 -1.9514E+00 -7.1339E-02
  1.1100E+02  0.0000E+00  0.0000E+00  1.0000E+00  1.0000E+00  1.2000E+00  0.0000E+00  1.0000E+00  0.0000E+00  0.0000E+00 -1.0000E+03 -2.6686E+04  2.6686E+04  0.0000E+00  0.0000E+00  2.6685E+04  0.0000E+00  0.0000E+00
  1.1100E+02  3.3600E+02  1.8397E+02  0.0000E+00  1.0000E+00  0.0000E+00  0.0000E+00  1.0000E+00  1.5000E+01  2.0000E+00 -2.6556E-03 -4.8855E-04  1.8397E+02 -4.2345E+00  1.8397E+02  4.1638E+03 -3.9798E+03 -2.2107E+00
  1.1200E+02  0.0000E+00  0.0000E+00  1.0000E+00  1.0000E+00  1.2000E+00  1.0000E+00  1.0000E+00  0.0000E+00  0.0000E+00 -1.0000E+03 -2.6685E+04  2.6685E+04  0.0000E+00  0.0000E+00  2.6685E+04  0.0000E+00  0.0000E+00
  1.1200E+02  3.3600E+02  6.4709E+03  0.0000E+00  1.0000E+00  0.0000E+00  0.0000E+00  1.0000E+00  1.5000E+01  2.0000E+00  4.5304E-03  2.9315E-02  6.4709E+03  1.1641E+00  6.4709E+03  4.1638E+03  2.3071E+03  1.2816E+00
  1.1300E+02  0.0000E+00  0.0000E+00  1.0000E+00  1.0000E+00  1.2000E+00  0.0000E+00  1.0000E+00  0.0000E+00  0.0000E+00 -1.0000E+03 -2.6686E+04  2.6686E+04  0.0000E+00  0.0000E+00  2.6685E+04  0.0000E+00  0.0000E+00
  1.1300E+02  6.7200E+02  3.8098E+02  0.0000E+00  1.0000E+00  0.0000E+00  0.0000E+00  1.0000E+00  2.9000E+01  4.0000E+00  4.1678E-04  1.5878E-04  3.8098E+02 -5.7676E-01  3.8098E+02  6.4969E+02 -2.6871E+02 -4.7831E-01
  1.1400E+02  0.0000E+00  0.0000E+00  1.0000E+00  1.0000E+00  1.2000E+00  1.0000E+00  1.0000E+00  0.0000E+00  0.0000E+00 -1.0000E+03 -2.6685E+04  2.6685E+04  0.0000E+00  0.0000E+00  2.6685E+04  0.0000E+00  0.0000E+00
  1.1400E+02  6.7200E+02  1.4873E+03  0.0000E+00  1.0000E+00  0.0000E+00  0.0000E+00  1.0000E+00  2.9000E+01  4.0000E+00  2.6127E-03  3.8858E-03  1.4873E+03  1.0837E+00  1.4873E+03  6.4969E+02  8.3759E+02  1.4910E+00
  1.1500E+02  0.0000E+00  0.0000E+00  1.0000E+00  1.0000E+00  1.2000E+00  0.0000E+00  1.0000E+00  0.0000E+00  0.0000E+00 -1.0000E+03 -2.6685E+04  2.6685E+04  0.0000E+00  0.0000E+00  2.6685E+04  0.0000E+00  0.0000E+00
  1.1500E+02  6.7200E+02  1.0185E+03  0.0000E+00  1.0000E+00  0.0000E+00  0.0000E+00  1.0000E+00  2.9000E+01  4.0000E+00  1.7291E-03  1.7611E-03  1.0185E+03  5.5419E-01  1.0185E+03  6.4969E+02  3.6881E+02  6.5649E-01
  1.1600E+02  0.0000E+00  0.0000E+00  1.0000E+00  1.0000E+00  1.2000E+00  1.0000E+00  1.0000E+00  0.0000E+00  0.0000E+00 -1.0000E+03 -2.6685E+04  2.6685E+04  0.0000E+00  0.0000E+00  2.6685E+04  0.0000E+00  0.0000E+00
  1.1600E+02  1.0080E+03  6.9541E+01  0.0000E+00  1.0000E+00  0.0000E+00  0.0000E+00  1.0000E+00  4.3000E+01  6.0000E+00  7.9695E-04  5.5421E-05  6.9541E+01 -2.8116E-01  6.9541E+01  1.0137E+02 -3.1831E+01 -2.4209E-01
  1.1700E+02  0.0000E+00  0.0000E+00  1.0000E+00  1.0000E+00  1.2000E+00  0.0000E+00  1.0000E+00  0.0000E+00  0.0000E+00 -1.0000E+03 -2.6685E+04  2.6685E+04  0.0000E+00  0.0000E+00  2.6685E+04  0.0000E+00  0.0000E+00
  1.1700E+02  1.0080E+03  5.9511E+01  0.0000E+00  1.0000E+00  0.0000E+00  0.0000E+00  1.0000E+00  4.3000E+01  6.0000E+00  7.2400E-04  4.3086E-05  5.9511E+01 -3.9220E-01  5.9511E+01  1.0137E+02 -4.1861E+01 -3.1837E-01
  1.1800E+02  0.0000E+00  0.0000E+00  1.0000E+00  1.0000E+00  1.2000E+00  1.0000E+00  1.0000E+00  0.0000E+00  0.0000E+00 -1.0000E+03 -2.6685E+04  2.6685E+04  0.0000E+00  0.0000E+00  2.6685E+04  0.0000E+00  0.0000E+00
  1.1800E+02  1.3440E+03  8.6474E+00  0.0000E+00  1.0000E+00  0.0000E+00  0.0000E+00  1.0000E+00  5.7000E+01  8.0000E+00  8.2047E-04  7.0949E-06  8.6474E+00 -3.3570E-01  8.6474E+00  1.5817E+01 -7.1699E+00 -2.6211E-01
  1.1900E+02  0.0000E+00  0.0000E+00  1.0000E+00  1.0000E+00  1.2000E+00  0.0000E+00  1.0000E+00  0.0000E+00  0.0000E+00 -1.0000E+03 -2.6685E+04  2.6685E+04  0.0000E+00  0.0000E+00  2.6685E+04  0.0000E+00  0.0000E+00
  1.1900E+02  1.3440E+03  1.1338E+01  0.0000E+00  1.0000E+00  0.0000E+00  0.0000E+00  1.0000E+00  5.7000E+01  8.0000E+00  8.9576E-04  1.0156E-05  1.1338E+01 -1.8836E-01  1.1338E+01  1.5817E+01 -4.4798E+00 -1.6377E-01
  1.2000E+02  0.0000E+00  0.0000E+00  1.0000E+00  1.0000E+00  1.2000E+00  1.0000E+00  1.0000E+00  0.0000E+00  0.0000E+00 -1.0000E+03 -2.6685E+04  2.6685E+04  0.0000E+00  0.0000E+00  2.6685E+04  0.0000E+00  0.0000E+00
  1.2000E+02  1.3440E+03  1.1747E+01  0.0000E+00  1.0000E+00  0.0000E+00  0.0000E+00  1.0000E+00  5.7000E+01  8.0000E+00  9.0623E-04  1.0646E-05  1.1747E+01 -1.6867E-01  1.1747E+01  1.5817E+01 -4.0701E+00 -1.4879E-01
