TABLE NO.  1
 ID          TIME        DV          MDV         CMT         AMT         LEFT        SITE        DAY         WEEK        IWRES       IRES        IPRED       CWRES       DV          PRED        RES         WRES
  1.0000E+00  0.0000E+00  0.0000E+00  1.0000E+00  1.0000E+00  6.0000E-01  0.0000E+00  1.0000E+00  0.0000E+00  0.0000E+00 -2.1615E+00 -1.8558E+04  1.8558E+04  0.0000E+00  0.0000E+00  1.8558E+04  0.0000E+00  0.0000E+00
  1.0000E+00  3.3600E+02  1.3165E+03  0.0000E+00  1.0000E+00  0.0000E+00  1.0000E+00  1.0000E+00  1.5000E+01  2.0000E+00 -1.1054E+00 -1.3779E+03  2.6944E+03 -1.1054E+00  1.3165E+03  2.6944E+03 -1.3779E+03 -1.1054E+00
  2.0000E+00  0.0000E+00  0.0000E+00  1.0000E+00  1.0000E+00  6.0000E-01  1.0000E+00  1.0000E+00  0.0000E+00  0.0000E+00 -2.1615E+00 -1.8558E+04  1.8558E+04  0.0000E+00  0.0000E+00  1.8558E+04  0.0000E+00  0.0000E+00
  2.0000E+00  3.3600E+02  2.3413E+03  0.0000E+00  1.0000E+00  0.0000E+00  1.0000E+00  1.0000E+00  1.5000E+01  2.0000E+00 -2.8324E-01 -3.5307E+02  2.6944E+03 -2.8324E-01  2.3413E+03  2.6944E+03 -3.5307E+02 -2.8324E-01
  3.0000E+00  0.0000E+00  0.0000E+00  1.0000E+00  1.0000E+00  6.0000E-01  0.0000E+00  1.0000E+00  0.0000E+00  0.0000E+00 -2.1615E+00 -1.8558E+04  1.8558E+04  0.0000E+00  0.0000E+00  1.8558E+04  0.0000E+00  0.0000E+00
  3.0000E+00  6.7200E+02  7.7622E+02  0.0000E+00  1.0000E+00  0.0000E+00  1.0000E+00  1.0000E+00  2.9000E+01  4.0000E+00  2.1274E+00  3.8503E+02  3.9119E+02  2.1274E+00  7.7622E+02  3.9119E+02  3.8503E+02  2.1274E+00
  4.0000E+00  0.0000E+00  0.0000E+00  1.0000E+00  1.0000E+00  6.0000E-01  1.0000E+00  1.0000E+00  0.0000E+00  0.0000E+00 -2.1615E+00 -1.8558E+04  1.8558E+04  0.0000E+00  0.0000E+00  1.8558E+04  0.0000E+00  0.0000E+00
  4.0000E+00  6.7200E+02  6.4204E+02  0.0000E+00  1.0000E+00  0.0000E+00  1.0000E+00  1.0000E+00  2.9000E+01  4.0000E+00  1.3860E+00  2.5084E+02  3.9119E+02  1.3860E+00  6.4204E+02  3.9119E+02  2.5084E+02  1.3860E+00
  5.0000E+00  0.0000E+00  0.0000E+00  1.0000E+00  1.0000E+00  6.0000E-01  0.0000E+00  1.0000E+00  0.0000E+00  0.0000E+00 -2.1615E+00 -1.8558E+04  1.8558E+04  0.0000E+00  0.0000E+00  1.8558E+04  0.0000E+00  0.0000E+00
  5.0000E+00  6.7200E+02  0.0000E+00  1.0000E+00  1.0000E+00  0.0000E+00  1.0000E+00  1.0000E+00  2.9000E+01  4.0000E+00 -2.1615E+00 -3.9119E+02  3.9119E+02  0.0000E+00  0.0000E+00  3.9119E+02  0.0000E+00  0.0000E+00
  6.0000E+00  0.0000E+00  0.0000E+00  1.0000E+00  1.0000E+00  6.0000E-01  1.0000E+00  1.0000E+00  0.0000E+00  0.0000E+00 -2.1615E+00 -1.8558E+04  1.8558E+04  0.0000E+00  0.0000E+00  1.8558E+04  0.0000E+00  0.0000E+00
  6.0000E+00  1.0080E+03  4.8956E+01  0.0000E+00  1.0000E+00  0.0000E+00  1.0000E+00  1.0000E+00  4.3000E+01  6.0000E+00 -2.9834E-01 -7.8393E+00  5.6796E+01 -2.9834E-01  4.8956E+01  5.6796E+01 -7.8393E+00 -2.9834E-01
  7.0000E+00  0.0000E+00  0.0000E+00  1.0000E+00  1.0000E+00  6.0000E-01  0.0000E+00  1.0000E+00  0.0000E+00  0.0000E+00 -2.1615E+00 -1.8558E+04  1.8558E+04  0.0000E+00  0.0000E+00  1.8558E+04  0.0000E+00  0.0000E+00
  7.0000E+00  1.0080E+03  5.8206E+01  0.0000E+00  1.0000E+00  0.0000E+00  1.0000E+00  1.0000E+00  4.3000E+01  6.0000E+00  5.3672E-02  1.4103E+00  5.6796E+01  5.3672E-02  5.8206E+01  5.6796E+01  1.4103E+00  5.3672E-02
  8.0000E+00  0.0000E+00  0.0000E+00  1.0000E+00  1.0000E+00  6.0000E-01  1.0000E+00  1.0000E+00  0.0000E+00  0.0000E+00 -2.1615E+00 -1.8558E+04  1.8558E+04  0.0000E+00  0.0000E+00  1.8558E+04  0.0000E+00  0.0000E+00
  8.0000E+00  1.3440E+03  1.2343E+01  0.0000E+00  1.0000E+00  0.0000E+00  1.0000E+00  1.0000E+00  5.7000E+01  8.0000E+00  1.0738E+00  4.0966E+00  8.2460E+00  1.0738E+00  1.2343E+01  8.2460E+00  4.0966E+00  1.0738E+00
  9.0000E+00  0.0000E+00  0.0000E+00  1.0000E+00  1.0000E+00  6.0000E-01  0.0000E+00  1.0000E+00  0.0000E+00  0.0000E+00 -2.1615E+00 -1.8558E+04  1.8558E+04  0.0000E+00  0.0000E+00  1.8558E+04  0.0000E+00  0.0000E+00
  9.0000E+00  1.3440E+03  1.0106E+01  0.0000E+00  1.0000E+00  0.0000E+00  1.0000E+00  1.0000E+00  5.7000E+01  8.0000E+00  4.8769E-01  1.8605E+00  8.2460E+00  4.8769E-01  1.0106E+01  8.2460E+00  1.8605E+00  4.8769E-01
  1.0000E+01  0.0000E+00  0.0000E+00  1.0000E+00  1.0000E+00  6.0000E-01  1.0000E+00  1.0000E+00  0.0000E+00  0.0000E+00 -2.1615E+00 -1.8558E+04  1.8558E+04  0.0000E+00  0.0000E+00  1.8558E+04  0.0000E+00  0.0000E+00
  1.0000E+01  1.3440E+03  1.5274E+01  0.0000E+00  1.0000E+00  0.0000E+00  1.0000E+00  1.0000E+00  5.7000E+01  8.0000E+00  1.8423E+00  7.0282E+00  8.2460E+00  1.8423E+00  1.5274E+01  8.2460E+00  7.0282E+00  1.8423E+00
  1.1000E+01  0.0000E+00  0.0000E+00  1.0000E+00  1.0000E+00  6.0000E-01  0.0000E+00  1.0000E+00  0.0000E+00  0.0000E+00 -2.1615E+00 -1.8558E+04  1.8558E+04  0.0000E+00  0.0000E+00  1.8558E+04  0.0000E+00  0.0000E+00
  1.1000E+01  3.3600E+02  2.7843E+03  0.0000E+00  1.0000E+00  0.0000E+00  0.0000E+00  1.0000E+00  1.5000E+01  2.0000E+00  7.2144E-02  8.9931E+01  2.6944E+03  7.2144E-02  2.7843E+03  2.6944E+03  8.9931E+01  7.2144E-02
  1.2000E+01  0.0000E+00  0.0000E+00  1.0000E+00  1.0000E+00  6.0000E-01  1.0000E+00  1.0000E+00  0.0000E+00  0.0000E+00 -2.1615E+00 -1.8558E+04  1.8558E+04  0.0000E+00  0.0000E+00  1.8558E+04  0.0000E+00  0.0000E+00
  1.2000E+01  3.3600E+02  2.7530E+03  0.0000E+00  1.0000E+00  0.0000E+00  0.0000E+00  1.0000E+00  1.5000E+01  2.0000E+00  4.7013E-02  5.8604E+01  2.6944E+03  4.7013E-02  2.7530E+03  2.6944E+03  5.8604E+01  4.7013E-02
  1.3000E+01  0.0000E+00  0.0000E+00  1.0000E+00  1.0000E+00  6.0000E-01  0.0000E+00  1.0000E+00  0.0000E+00  0.0000E+00 -2.1615E+00 -1.8558E+04  1.8558E+04  0.0000E+00  0.0000E+00  1.8558E+04  0.0000E+00  0.0000E+00
  1.3000E+01  6.7200E+02  3.3365E+02  0.0000E+00  1.0000E+00  0.0000E+00  0.0000E+00  1.0000E+00  2.9000E+01  4.0000E+00 -3.1795E-01 -5.7544E+01  3.9119E+02 -3.1795E-01  3.3365E+02  3.9119E+02 -5.7544E+01 -3.1795E-01
  1.4000E+01  0.0000E+00  0.0000E+00  1.0000E+00  1.0000E+00  6.0000E-01  1.0000E+00  1.0000E+00  0.0000E+00  0.0000E+00 -2.1615E+00 -1.8558E+04  1.8558E+04  0.0000E+00  0.0000E+00  1.8558E+04  0.0000E+00  0.0000E+00
  1.4000E+01  6.7200E+02  3.7741E+02  0.0000E+00  1.0000E+00  0.0000E+00  0.0000E+00  1.0000E+00  2.9000E+01  4.0000E+00 -7.6174E-02 -1.3786E+01  3.9119E+02 -7.6174E-02  3.7741E+02  3.9119E+02 -1.3786E+01 -7.6174E-02
  1.5000E+01  0.0000E+00  0.0000E+00  1.0000E+00  1.0000E+00  6.0000E-01  0.0000E+00  1.0000E+00  0.0000E+00  0.0000E+00 -2.1615E+00 -1.8558E+04  1.8558E+04  0.0000E+00  0.0000E+00  1.8558E+04  0.0000E+00  0.0000E+00
  1.5000E+01  6.7200E+02  0.0000E+00  1.0000E+00  1.0000E+00  0.0000E+00  0.0000E+00  1.0000E+00  2.9000E+01  4.0000E+00 -2.1615E+00 -3.9119E+02  3.9119E+02  0.0000E+00  0.0000E+00  3.9119E+02  0.0000E+00  0.0000E+00
  1.6000E+01  0.0000E+00  0.0000E+00  1.0000E+00  1.0000E+00  6.0000E-01  1.0000E+00  1.0000E+00  0.0000E+00  0.0000E+00 -2.1615E+00 -1.8558E+04  1.8558E+04  0.0000E+00  0.0000E+00  1.8558E+04  0.0000E+00  0.0000E+00
  1.6000E+01  1.0080E+03  1.0095E+02  0.0000E+00  1.0000E+00  0.0000E+00  0.0000E+00  1.0000E+00  4.3000E+01  6.0000E+00  1.6803E+00  4.4151E+01  5.6796E+01  1.6803E+00  1.0095E+02  5.6796E+01  4.4151E+01  1.6803E+00
  1.7000E+01  0.0000E+00  0.0000E+00  1.0000E+00  1.0000E+00  6.0000E-01  0.0000E+00  1.0000E+00  0.0000E+00  0.0000E+00 -2.1615E+00 -1.8558E+04  1.8558E+04  0.0000E+00  0.0000E+00  1.8558E+04  0.0000E+00  0.0000E+00
  1.7000E+01  1.0080E+03  5.4858E+01  0.0000E+00  1.0000E+00  0.0000E+00  0.0000E+00  1.0000E+00  4.3000E+01  6.0000E+00 -7.3760E-02 -1.9381E+00  5.6796E+01 -7.3760E-02  5.4858E+01  5.6796E+01 -1.9381E+00 -7.3760E-02
  1.8000E+01  0.0000E+00  0.0000E+00  1.0000E+00  1.0000E+00  6.0000E-01  1.0000E+00  1.0000E+00  0.0000E+00  0.0000E+00 -2.1615E+00 -1.8558E+04  1.8558E+04  0.0000E+00  0.0000E+00  1.8558E+04  0.0000E+00  0.0000E+00
  1.8000E+01  1.3440E+03  9.2840E+00  0.0000E+00  1.0000E+00  0.0000E+00  0.0000E+00  1.0000E+00  5.7000E+01  8.0000E+00  2.7209E-01  1.0380E+00  8.2460E+00  2.7209E-01  9.2840E+00  8.2460E+00  1.0380E+00  2.7209E-01
  1.9000E+01  0.0000E+00  0.0000E+00  1.0000E+00  1.0000E+00  6.0000E-01  0.0000E+00  1.0000E+00  0.0000E+00  0.0000E+00 -2.1615E+00 -1.8558E+04  1.8558E+04  0.0000E+00  0.0000E+00  1.8558E+04  0.0000E+00  0.0000E+00
  1.9000E+01  1.3440E+03  9.3212E+00  0.0000E+00  1.0000E+00  0.0000E+00  0.0000E+00  1.0000E+00  5.7000E+01  8.0000E+00  2.8186E-01  1.0753E+00  8.2460E+00  2.8186E-01  9.3212E+00  8.2460E+00  1.0753E+00  2.8186E-01
  2.0000E+01  0.0000E+00  0.0000E+00  1.0000E+00  1.0000E+00  6.0000E-01  1.0000E+00  1.0000E+00  0.0000E+00  0.0000E+00 -2.1615E+00 -1.8558E+04  1.8558E+04  0.0000E+00  0.0000E+00  1.8558E+04  0.0000E+00  0.0000E+00
  2.0000E+01  1.3440E+03  1.2715E+01  0.0000E+00  1.0000E+00  0.0000E+00  0.0000E+00  1.0000E+00  5.7000E+01  8.0000E+00  1.1713E+00  4.4686E+00  8.2460E+00  1.1713E+00  1.2715E+01  8.2460E+00  4.4686E+00  1.1713E+00
  1.0100E+02  0.0000E+00  0.0000E+00  1.0000E+00  1.0000E+00  1.2000E+00  0.0000E+00  1.0000E+00  0.0000E+00  0.0000E+00 -2.1615E+00 -3.7117E+04  3.7117E+04  0.0000E+00  0.0000E+00  3.7117E+04  0.0000E+00  0.0000E+00
  1.0100E+02  3.3600E+02  6.6540E+02  0.0000E+00  1.0000E+00  0.0000E+00  1.0000E+00  1.0000E+00  1.5000E+01  2.0000E+00 -1.8946E+00 -4.7234E+03  5.3888E+03 -1.8946E+00  6.6540E+02  5.3888E+03 -4.7234E+03 -1.8946E+00
  1.0200E+02  0.0000E+00  0.0000E+00  1.0000E+00  1.0000E+00  1.2000E+00  1.0000E+00  1.0000E+00  0.0000E+00  0.0000E+00 -2.1615E+00 -3.7117E+04  3.7117E+04  0.0000E+00  0.0000E+00  3.7117E+04  0.0000E+00  0.0000E+00
  1.0200E+02  3.3600E+02  7.2565E+03  0.0000E+00  1.0000E+00  0.0000E+00  1.0000E+00  1.0000E+00  1.5000E+01  2.0000E+00  7.4911E-01  1.8676E+03  5.3888E+03  7.4911E-01  7.2565E+03  5.3888E+03  1.8676E+03  7.4911E-01
  1.0300E+02  0.0000E+00  0.0000E+00  1.0000E+00  1.0000E+00  1.2000E+00  0.0000E+00  1.0000E+00  0.0000E+00  0.0000E+00 -2.1615E+00 -3.7117E+04  3.7117E+04  0.0000E+00  0.0000E+00  3.7117E+04  0.0000E+00  0.0000E+00
  1.0300E+02  6.7200E+02  4.9328E+02  0.0000E+00  1.0000E+00  0.0000E+00  1.0000E+00  1.0000E+00  2.9000E+01  4.0000E+00 -7.9870E-01 -2.8910E+02  7.8238E+02 -7.9870E-01  4.9328E+02  7.8238E+02 -2.8910E+02 -7.9870E-01
  1.0400E+02  0.0000E+00  0.0000E+00  1.0000E+00  1.0000E+00  1.2000E+00  1.0000E+00  1.0000E+00  0.0000E+00  0.0000E+00 -2.1615E+00 -3.7117E+04  3.7117E+04  0.0000E+00  0.0000E+00  3.7117E+04  0.0000E+00  0.0000E+00
  1.0400E+02  6.7200E+02  9.4698E+02  0.0000E+00  1.0000E+00  0.0000E+00  1.0000E+00  1.0000E+00  2.9000E+01  4.0000E+00  4.5473E-01  1.6460E+02  7.8238E+02  4.5473E-01  9.4698E+02  7.8238E+02  1.6460E+02  4.5473E-01
  1.0500E+02  0.0000E+00  0.0000E+00  1.0000E+00  1.0000E+00  1.2000E+00  0.0000E+00  1.0000E+00  0.0000E+00  0.0000E+00 -2.1615E+00 -3.7117E+04  3.7117E+04  0.0000E+00  0.0000E+00  3.7117E+04  0.0000E+00  0.0000E+00
  1.0500E+02  6.7200E+02  9.3480E+02  0.0000E+00  1.0000E+00  0.0000E+00  1.0000E+00  1.0000E+00  2.9000E+01  4.0000E+00  4.2109E-01  1.5242E+02  7.8238E+02  4.2109E-01  9.3480E+02  7.8238E+02  1.5242E+02  4.2109E-01
  1.0600E+02  0.0000E+00  0.0000E+00  1.0000E+00  1.0000E+00  1.2000E+00  1.0000E+00  1.0000E+00  0.0000E+00  0.0000E+00 -2.1615E+00 -3.7117E+04  3.7117E+04  0.0000E+00  0.0000E+00  3.7117E+04  0.0000E+00  0.0000E+00
  1.0600E+02  1.0080E+03  9.9372E+01  0.0000E+00  1.0000E+00  0.0000E+00  1.0000E+00  1.0000E+00  4.3000E+01  6.0000E+00 -2.7058E-01 -1.4219E+01  1.1359E+02 -2.7058E-01  9.9372E+01  1.1359E+02 -1.4219E+01 -2.7058E-01
  1.0700E+02  0.0000E+00  0.0000E+00  1.0000E+00  1.0000E+00  1.2000E+00  0.0000E+00  1.0000E+00  0.0000E+00  0.0000E+00 -2.1615E+00 -3.7117E+04  3.7117E+04  0.0000E+00  0.0000E+00  3.7117E+04  0.0000E+00  0.0000E+00
  1.0700E+02  1.0080E+03  7.8286E+01  0.0000E+00  1.0000E+00  0.0000E+00  1.0000E+00  1.0000E+00  4.3000E+01  6.0000E+00 -6.7182E-01 -3.5306E+01  1.1359E+02 -6.7182E-01  7.8286E+01  1.1359E+02 -3.5306E+01 -6.7182E-01
  1.0800E+02  0.0000E+00  0.0000E+00  1.0000E+00  1.0000E+00  1.2000E+00  1.0000E+00  1.0000E+00  0.0000E+00  0.0000E+00 -2.1615E+00 -3.7117E+04  3.7117E+04  0.0000E+00  0.0000E+00  3.7117E+04  0.0000E+00  0.0000E+00
  1.0800E+02  1.3440E+03  1.0964E+01  0.0000E+00  1.0000E+00  0.0000E+00  1.0000E+00  1.0000E+00  5.7000E+01  8.0000E+00 -7.2445E-01 -5.5275E+00  1.6492E+01 -7.2445E-01  1.0964E+01  1.6492E+01 -5.5275E+00 -7.2445E-01
  1.0900E+02  0.0000E+00  0.0000E+00  1.0000E+00  1.0000E+00  1.2000E+00  0.0000E+00  1.0000E+00  0.0000E+00  0.0000E+00 -2.1615E+00 -3.7117E+04  3.7117E+04  0.0000E+00  0.0000E+00  3.7117E+04  0.0000E+00  0.0000E+00
  1.0900E+02  1.3440E+03  9.6205E+00  0.0000E+00  1.0000E+00  0.0000E+00  1.0000E+00  1.0000E+00  5.7000E+01  8.0000E+00 -9.0059E-01 -6.8714E+00  1.6492E+01 -9.0059E-01  9.6205E+00  1.6492E+01 -6.8714E+00 -9.0059E-01
  1.1000E+02  0.0000E+00  0.0000E+00  1.0000E+00  1.0000E+00  1.2000E+00  1.0000E+00  1.0000E+00  0.0000E+00  0.0000E+00 -2.1615E+00 -3.7117E+04  3.7117E+04  0.0000E+00  0.0000E+00  3.7117E+04  0.0000E+00  0.0000E+00
  1.1000E+02  1.3440E+03  1.3866E+01  0.0000E+00  1.0000E+00  0.0000E+00  1.0000E+00  1.0000E+00  5.7000E+01  8.0000E+00 -3.4418E-01 -2.6260E+00  1.6492E+01 -3.4418E-01  1.3866E+01  1.6492E+01 -2.6260E+00 -3.4418E-01
  1.1100E+02  0.0000E+00  0.0000E+00  1.0000E+00  1.0000E+00  1.2000E+00  0.0000E+00  1.0000E+00  0.0000E+00  0.0000E+00 -2.1615E+00 -3.7117E+04  3.7117E+04  0.0000E+00  0.0000E+00  3.7117E+04  0.0000E+00  0.0000E+00
  1.1100E+02  3.3600E+02  1.8397E+02  0.0000E+00  1.0000E+00  0.0000E+00  0.0000E+00  1.0000E+00  1.5000E+01  2.0000E+00 -2.0877E+00 -5.2049E+03  5.3888E+03 -2.0877E+00  1.8397E+02  5.3888E+03 -5.2049E+03 -2.0877E+00
  1.1200E+02  0.0000E+00  0.0000E+00  1.0000E+00  1.0000E+00  1.2000E+00  1.0000E+00  1.0000E+00  0.0000E+00  0.0000E+00 -2.1615E+00 -3.7117E+04  3.7117E+04  0.0000E+00  0.0000E+00  3.7117E+04  0.0000E+00  0.0000E+00
  1.1200E+02  3.3600E+02  6.4709E+03  0.0000E+00  1.0000E+00  0.0000E+00  0.0000E+00  1.0000E+00  1.5000E+01  2.0000E+00  4.3402E-01  1.0821E+03  5.3888E+03  4.3402E-01  6.4709E+03  5.3888E+03  1.0821E+03  4.3402E-01
  1.1300E+02  0.0000E+00  0.0000E+00  1.0000E+00  1.0000E+00  1.2000E+00  0.0000E+00  1.0000E+00  0.0000E+00  0.0000E+00 -2.1615E+00 -3.7117E+04  3.7117E+04  0.0000E+00  0.0000E+00  3.7117E+04  0.0000E+00  0.0000E+00
  1.1300E+02  6.7200E+02  3.8098E+02  0.0000E+00  1.0000E+00  0.0000E+00  0.0000E+00  1.0000E+00  2.9000E+01  4.0000E+00 -1.1090E+00 -4.0141E+02  7.8238E+02 -1.1090E+00  3.8098E+02  7.8238E+02 -4.0141E+02 -1.1090E+00
  1.1400E+02  0.0000E+00  0.0000E+00  1.0000E+00  1.0000E+00  1.2000E+00  1.0000E+00  1.0000E+00  0.0000E+00  0.0000E+00 -2.1615E+00 -3.7117E+04  3.7117E+04  0.0000E+00  0.0000E+00  3.7117E+04  0.0000E+00  0.0000E+00
  1.1400E+02  6.7200E+02  1.4873E+03  0.0000E+00  1.0000E+00  0.0000E+00  0.0000E+00  1.0000E+00  2.9000E+01  4.0000E+00  1.9474E+00  7.0490E+02  7.8238E+02  1.9474E+00  1.4873E+03  7.8238E+02  7.0490E+02  1.9474E+00
  1.1500E+02  0.0000E+00  0.0000E+00  1.0000E+00  1.0000E+00  1.2000E+00  0.0000E+00  1.0000E+00  0.0000E+00  0.0000E+00 -2.1615E+00 -3.7117E+04  3.7117E+04  0.0000E+00  0.0000E+00  3.7117E+04  0.0000E+00  0.0000E+00
  1.1500E+02  6.7200E+02  1.0185E+03  0.0000E+00  1.0000E+00  0.0000E+00  0.0000E+00  1.0000E+00  2.9000E+01  4.0000E+00  6.5230E-01  2.3611E+02  7.8238E+02  6.5230E-01  1.0185E+03  7.8238E+02  2.3611E+02  6.5230E-01
  1.1600E+02  0.0000E+00  0.0000E+00  1.0000E+00  1.0000E+00  1.2000E+00  1.0000E+00  1.0000E+00  0.0000E+00  0.0000E+00 -2.1615E+00 -3.7117E+04  3.7117E+04  0.0000E+00  0.0000E+00  3.7117E+04  0.0000E+00  0.0000E+00
  1.1600E+02  1.0080E+03  6.9541E+01  0.0000E+00  1.0000E+00  0.0000E+00  0.0000E+00  1.0000E+00  4.3000E+01  6.0000E+00 -8.3821E-01 -4.4050E+01  1.1359E+02 -8.3821E-01  6.9541E+01  1.1359E+02 -4.4050E+01 -8.3821E-01
  1.1700E+02  0.0000E+00  0.0000E+00  1.0000E+00  1.0000E+00  1.2000E+00  0.0000E+00  1.0000E+00  0.0000E+00  0.0000E+00 -2.1615E+00 -3.7117E+04  3.7117E+04  0.0000E+00  0.0000E+00  3.7117E+04  0.0000E+00  0.0000E+00
  1.1700E+02  1.0080E+03  5.9511E+01  0.0000E+00  1.0000E+00  0.0000E+00  0.0000E+00  1.0000E+00  4.3000E+01  6.0000E+00 -1.0291E+00 -5.4081E+01  1.1359E+02 -1.0291E+00  5.9511E+01  1.1359E+02 -5.4081E+01 -1.0291E+00
  1.1800E+02  0.0000E+00  0.0000E+00  1.0000E+00  1.0000E+00  1.2000E+00  1.0000E+00  1.0000E+00  0.0000E+00  0.0000E+00 -2.1615E+00 -3.7117E+04  3.7117E+04  0.0000E+00  0.0000E+00  3.7117E+04  0.0000E+00  0.0000E+00
  1.1800E+02  1.3440E+03  8.6474E+00  0.0000E+00  1.0000E+00  0.0000E+00  0.0000E+00  1.0000E+00  5.7000E+01  8.0000E+00 -1.0281E+00 -7.8446E+00  1.6492E+01 -1.0281E+00  8.6474E+00  1.6492E+01 -7.8446E+00 -1.0281E+00
  1.1900E+02  0.0000E+00  0.0000E+00  1.0000E+00  1.0000E+00  1.2000E+00  0.0000E+00  1.0000E+00  0.0000E+00  0.0000E+00 -2.1615E+00 -3.7117E+04  3.7117E+04  0.0000E+00  0.0000E+00  3.7117E+04  0.0000E+00  0.0000E+00
  1.1900E+02  1.3440E+03  1.1338E+01  0.0000E+00  1.0000E+00  0.0000E+00  0.0000E+00  1.0000E+00  5.7000E+01  8.0000E+00 -6.7555E-01 -5.1544E+00  1.6492E+01 -6.7555E-01  1.1338E+01  1.6492E+01 -5.1544E+00 -6.7555E-01
  1.2000E+02  0.0000E+00  0.0000E+00  1.0000E+00  1.0000E+00  1.2000E+00  1.0000E+00  1.0000E+00  0.0000E+00  0.0000E+00 -2.1615E+00 -3.7117E+04  3.7117E+04  0.0000E+00  0.0000E+00  3.7117E+04  0.0000E+00  0.0000E+00
  1.2000E+02  1.3440E+03  1.1747E+01  0.0000E+00  1.0000E+00  0.0000E+00  0.0000E+00  1.0000E+00  5.7000E+01  8.0000E+00 -6.2186E-01 -4.7448E+00  1.6492E+01 -6.2186E-01  1.1747E+01  1.6492E+01 -4.7448E+00 -6.2186E-01
