TABLE NO.  1
 ID          TIME        DV          MDV         CMT         AMT         LEFT        SITE        DAY         WEEK        IWRES       IRES        IPRED       CWRES       DV          PRED        RES         WRES
  1.0000E+00  0.0000E+00  0.0000E+00  1.0000E+00  1.0000E+00  6.0000E-01  0.0000E+00  1.0000E+00  0.0000E+00  0.0000E+00 -2.1645E+00 -1.9304E+04  1.9304E+04  0.0000E+00  0.0000E+00  1.9304E+04  0.0000E+00  0.0000E+00
  1.0000E+00  3.3600E+02  1.3165E+03  0.0000E+00  1.0000E+00  0.0000E+00  1.0000E+00  1.0000E+00  1.5000E+01  2.0000E+00 -1.1080E+00 -1.3806E+03  2.6971E+03 -1.1080E+00  1.3165E+03  2.6971E+03 -1.3806E+03 -1.1080E+00
  2.0000E+00  0.0000E+00  0.0000E+00  1.0000E+00  1.0000E+00  6.0000E-01  1.0000E+00  1.0000E+00  0.0000E+00  0.0000E+00 -2.1645E+00 -1.9304E+04  1.9304E+04  0.0000E+00  0.0000E+00  1.9304E+04  0.0000E+00  0.0000E+00
  2.0000E+00  3.3600E+02  2.3413E+03  0.0000E+00  1.0000E+00  0.0000E+00  1.0000E+00  1.0000E+00  1.5000E+01  2.0000E+00 -2.8550E-01 -3.5574E+02  2.6971E+03 -2.8550E-01  2.3413E+03  2.6971E+03 -3.5574E+02 -2.8550E-01
  3.0000E+00  0.0000E+00  0.0000E+00  1.0000E+00  1.0000E+00  6.0000E-01  0.0000E+00  1.0000E+00  0.0000E+00  0.0000E+00 -2.1645E+00 -1.9304E+04  1.9304E+04  0.0000E+00  0.0000E+00  1.9304E+04  0.0000E+00  0.0000E+00
  3.0000E+00  6.7200E+02  7.7622E+02  0.0000E+00  1.0000E+00  0.0000E+00  1.0000E+00  1.0000E+00  2.9000E+01  4.0000E+00  2.1285E+00  3.8485E+02  3.9137E+02  2.1285E+00  7.7622E+02  3.9137E+02  3.8485E+02  2.1285E+00
  4.0000E+00  0.0000E+00  0.0000E+00  1.0000E+00  1.0000E+00  6.0000E-01  1.0000E+00  1.0000E+00  0.0000E+00  0.0000E+00 -2.1645E+00 -1.9304E+04  1.9304E+04  0.0000E+00  0.0000E+00  1.9304E+04  0.0000E+00  0.0000E+00
  4.0000E+00  6.7200E+02  6.4204E+02  0.0000E+00  1.0000E+00  0.0000E+00  1.0000E+00  1.0000E+00  2.9000E+01  4.0000E+00  1.3863E+00  2.5067E+02  3.9137E+02  1.3863E+00  6.4204E+02  3.9137E+02  2.5067E+02  1.3863E+00
  5.0000E+00  0.0000E+00  0.0000E+00  1.0000E+00  1.0000E+00  6.0000E-01  0.0000E+00  1.0000E+00  0.0000E+00  0.0000E+00 -2.1645E+00 -1.9304E+04  1.9304E+04  0.0000E+00  0.0000E+00  1.9304E+04  0.0000E+00  0.0000E+00
  5.0000E+00  6.7200E+02  0.0000E+00  1.0000E+00  1.0000E+00  0.0000E+00  1.0000E+00  1.0000E+00  2.9000E+01  4.0000E+00 -2.1645E+00 -3.9137E+02  3.9137E+02  0.0000E+00  0.0000E+00  3.9137E+02  0.0000E+00  0.0000E+00
  6.0000E+00  0.0000E+00  0.0000E+00  1.0000E+00  1.0000E+00  6.0000E-01  1.0000E+00  1.0000E+00  0.0000E+00  0.0000E+00 -2.1645E+00 -1.9304E+04  1.9304E+04  0.0000E+00  0.0000E+00  1.9304E+04  0.0000E+00  0.0000E+00
  6.0000E+00  1.0080E+03  4.8956E+01  0.0000E+00  1.0000E+00  0.0000E+00  1.0000E+00  1.0000E+00  4.3000E+01  6.0000E+00 -2.9861E-01 -7.8347E+00  5.6791E+01 -2.9861E-01  4.8956E+01  5.6791E+01 -7.8347E+00 -2.9861E-01
  7.0000E+00  0.0000E+00  0.0000E+00  1.0000E+00  1.0000E+00  6.0000E-01  0.0000E+00  1.0000E+00  0.0000E+00  0.0000E+00 -2.1645E+00 -1.9304E+04  1.9304E+04  0.0000E+00  0.0000E+00  1.9304E+04  0.0000E+00  0.0000E+00
  7.0000E+00  1.0080E+03  5.8206E+01  0.0000E+00  1.0000E+00  0.0000E+00  1.0000E+00  1.0000E+00  4.3000E+01  6.0000E+00  5.3927E-02  1.4149E+00  5.6791E+01  5.3927E-02  5.8206E+01  5.6791E+01  1.4149E+00  5.3927E-02
  8.0000E+00  0.0000E+00  0.0000E+00  1.0000E+00  1.0000E+00  6.0000E-01  1.0000E+00  1.0000E+00  0.0000E+00  0.0000E+00 -2.1645E+00 -1.9304E+04  1.9304E+04  0.0000E+00  0.0000E+00  1.9304E+04  0.0000E+00  0.0000E+00
  8.0000E+00  1.3440E+03  1.2343E+01  0.0000E+00  1.0000E+00  0.0000E+00  1.0000E+00  1.0000E+00  5.7000E+01  8.0000E+00  1.0773E+00  4.1017E+00  8.2409E+00  1.0773E+00  1.2343E+01  8.2409E+00  4.1017E+00  1.0773E+00
  9.0000E+00  0.0000E+00  0.0000E+00  1.0000E+00  1.0000E+00  6.0000E-01  0.0000E+00  1.0000E+00  0.0000E+00  0.0000E+00 -2.1645E+00 -1.9304E+04  1.9304E+04  0.0000E+00  0.0000E+00  1.9304E+04  0.0000E+00  0.0000E+00
  9.0000E+00  1.3440E+03  1.0106E+01  0.0000E+00  1.0000E+00  0.0000E+00  1.0000E+00  1.0000E+00  5.7000E+01  8.0000E+00  4.9001E-01  1.8656E+00  8.2409E+00  4.9001E-01  1.0106E+01  8.2409E+00  1.8656E+00  4.9001E-01
  1.0000E+01  0.0000E+00  0.0000E+00  1.0000E+00  1.0000E+00  6.0000E-01  1.0000E+00  1.0000E+00  0.0000E+00  0.0000E+00 -2.1645E+00 -1.9304E+04  1.9304E+04  0.0000E+00  0.0000E+00  1.9304E+04  0.0000E+00  0.0000E+00
  1.0000E+01  1.3440E+03  1.5274E+01  0.0000E+00  1.0000E+00  0.0000E+00  1.0000E+00  1.0000E+00  5.7000E+01  8.0000E+00  1.8473E+00  7.0333E+00  8.2409E+00  1.8473E+00  1.5274E+01  8.2409E+00  7.0333E+00  1.8473E+00
  1.1000E+01  0.0000E+00  0.0000E+00  1.0000E+00  1.0000E+00  6.0000E-01  0.0000E+00  1.0000E+00  0.0000E+00  0.0000E+00 -2.1645E+00 -1.9304E+04  1.9304E+04  0.0000E+00  0.0000E+00  1.9304E+04  0.0000E+00  0.0000E+00
  1.1000E+01  3.3600E+02  2.7843E+03  0.0000E+00  1.0000E+00  0.0000E+00  0.0000E+00  1.0000E+00  1.5000E+01  2.0000E+00  7.0031E-02  8.7262E+01  2.6971E+03  7.0031E-02  2.7843E+03  2.6971E+03  8.7262E+01  7.0031E-02
  1.2000E+01  0.0000E+00  0.0000E+00  1.0000E+00  1.0000E+00  6.0000E-01  1.0000E+00  1.0000E+00  0.0000E+00  0.0000E+00 -2.1645E+00 -1.9304E+04  1.9304E+04  0.0000E+00  0.0000E+00  1.9304E+04  0.0000E+00  0.0000E+00
  1.2000E+01  3.3600E+02  2.7530E+03  0.0000E+00  1.0000E+00  0.0000E+00  0.0000E+00  1.0000E+00  1.5000E+01  2.0000E+00  4.4890E-02  5.5935E+01  2.6971E+03  4.4890E-02  2.7530E+03  2.6971E+03  5.5935E+01  4.4890E-02
  1.3000E+01  0.0000E+00  0.0000E+00  1.0000E+00  1.0000E+00  6.0000E-01  0.0000E+00  1.0000E+00  0.0000E+00  0.0000E+00 -2.1645E+00 -1.9304E+04  1.9304E+04  0.0000E+00  0.0000E+00  1.9304E+04  0.0000E+00  0.0000E+00
  1.3000E+01  6.7200E+02  3.3365E+02  0.0000E+00  1.0000E+00  0.0000E+00  0.0000E+00  1.0000E+00  2.9000E+01  4.0000E+00 -3.1924E-01 -5.7722E+01  3.9137E+02 -3.1924E-01  3.3365E+02  3.9137E+02 -5.7722E+01 -3.1924E-01
  1.4000E+01  0.0000E+00  0.0000E+00  1.0000E+00  1.0000E+00  6.0000E-01  1.0000E+00  1.0000E+00  0.0000E+00  0.0000E+00 -2.1645E+00 -1.9304E+04  1.9304E+04  0.0000E+00  0.0000E+00  1.9304E+04  0.0000E+00  0.0000E+00
  1.4000E+01  6.7200E+02  3.7741E+02  0.0000E+00  1.0000E+00  0.0000E+00  0.0000E+00  1.0000E+00  2.9000E+01  4.0000E+00 -7.7230E-02 -1.3964E+01  3.9137E+02 -7.7230E-02  3.7741E+02  3.9137E+02 -1.3964E+01 -7.7230E-02
  1.5000E+01  0.0000E+00  0.0000E+00  1.0000E+00  1.0000E+00  6.0000E-01  0.0000E+00  1.0000E+00  0.0000E+00  0.0000E+00 -2.1645E+00 -1.9304E+04  1.9304E+04  0.0000E+00  0.0000E+00  1.9304E+04  0.0000E+00  0.0000E+00
  1.5000E+01  6.7200E+02  0.0000E+00  1.0000E+00  1.0000E+00  0.0000E+00  0.0000E+00  1.0000E+00  2.9000E+01  4.0000E+00 -2.1645E+00 -3.9137E+02  3.9137E+02  0.0000E+00  0.0000E+00  3.9137E+02  0.0000E+00  0.0000E+00
  1.6000E+01  0.0000E+00  0.0000E+00  1.0000E+00  1.0000E+00  6.0000E-01  1.0000E+00  1.0000E+00  0.0000E+00  0.0000E+00 -2.1645E+00 -1.9304E+04  1.9304E+04  0.0000E+00  0.0000E+00  1.9304E+04  0.0000E+00  0.0000E+00
  1.6000E+01  1.0080E+03  1.0095E+02  0.0000E+00  1.0000E+00  0.0000E+00  0.0000E+00  1.0000E+00  4.3000E+01  6.0000E+00  1.6829E+00  4.4155E+01  5.6791E+01  1.6829E+00  1.0095E+02  5.6791E+01  4.4155E+01  1.6829E+00
  1.7000E+01  0.0000E+00  0.0000E+00  1.0000E+00  1.0000E+00  6.0000E-01  0.0000E+00  1.0000E+00  0.0000E+00  0.0000E+00 -2.1645E+00 -1.9304E+04  1.9304E+04  0.0000E+00  0.0000E+00  1.9304E+04  0.0000E+00  0.0000E+00
  1.7000E+01  1.0080E+03  5.4858E+01  0.0000E+00  1.0000E+00  0.0000E+00  0.0000E+00  1.0000E+00  4.3000E+01  6.0000E+00 -7.3694E-02 -1.9335E+00  5.6791E+01 -7.3694E-02  5.4858E+01  5.6791E+01 -1.9335E+00 -7.3694E-02
  1.8000E+01  0.0000E+00  0.0000E+00  1.0000E+00  1.0000E+00  6.0000E-01  1.0000E+00  1.0000E+00  0.0000E+00  0.0000E+00 -2.1645E+00 -1.9304E+04  1.9304E+04  0.0000E+00  0.0000E+00  1.9304E+04  0.0000E+00  0.0000E+00
  1.8000E+01  1.3440E+03  9.2840E+00  0.0000E+00  1.0000E+00  0.0000E+00  0.0000E+00  1.0000E+00  5.7000E+01  8.0000E+00  2.7397E-01  1.0431E+00  8.2409E+00  2.7397E-01  9.2840E+00  8.2409E+00  1.0431E+00  2.7397E-01
  1.9000E+01  0.0000E+00  0.0000E+00  1.0000E+00  1.0000E+00  6.0000E-01  0.0000E+00  1.0000E+00  0.0000E+00  0.0000E+00 -2.1645E+00 -1.9304E+04  1.9304E+04  0.0000E+00  0.0000E+00  1.9304E+04  0.0000E+00  0.0000E+00
  1.9000E+01  1.3440E+03  9.3212E+00  0.0000E+00  1.0000E+00  0.0000E+00  0.0000E+00  1.0000E+00  5.7000E+01  8.0000E+00  2.8376E-01  1.0804E+00  8.2409E+00  2.8376E-01  9.3212E+00  8.2409E+00  1.0804E+00  2.8376E-01
  2.0000E+01  0.0000E+00  0.0000E+00  1.0000E+00  1.0000E+00  6.0000E-01  1.0000E+00  1.0000E+00  0.0000E+00  0.0000E+00 -2.1645E+00 -1.9304E+04  1.9304E+04  0.0000E+00  0.0000E+00  1.9304E+04  0.0000E+00  0.0000E+00
  2.0000E+01  1.3440E+03  1.2715E+01  0.0000E+00  1.0000E+00  0.0000E+00  0.0000E+00  1.0000E+00  5.7000E+01  8.0000E+00  1.1750E+00  4.4737E+00  8.2409E+00  1.1750E+00  1.2715E+01  8.2409E+00  4.4737E+00  1.1750E+00
  1.0100E+02  0.0000E+00  0.0000E+00  1.0000E+00  1.0000E+00  1.2000E+00  0.0000E+00  1.0000E+00  0.0000E+00  0.0000E+00 -2.1645E+00 -3.8607E+04  3.8607E+04  0.0000E+00  0.0000E+00  3.8607E+04  0.0000E+00  0.0000E+00
  1.0100E+02  3.3600E+02  6.6540E+02  0.0000E+00  1.0000E+00  0.0000E+00  1.0000E+00  1.0000E+00  1.5000E+01  2.0000E+00 -1.8975E+00 -4.7288E+03  5.3942E+03 -1.8975E+00  6.6540E+02  5.3942E+03 -4.7288E+03 -1.8975E+00
  1.0200E+02  0.0000E+00  0.0000E+00  1.0000E+00  1.0000E+00  1.2000E+00  1.0000E+00  1.0000E+00  0.0000E+00  0.0000E+00 -2.1645E+00 -3.8607E+04  3.8607E+04  0.0000E+00  0.0000E+00  3.8607E+04  0.0000E+00  0.0000E+00
  1.0200E+02  3.3600E+02  7.2565E+03  0.0000E+00  1.0000E+00  0.0000E+00  1.0000E+00  1.0000E+00  1.5000E+01  2.0000E+00  7.4728E-01  1.8623E+03  5.3942E+03  7.4728E-01  7.2565E+03  5.3942E+03  1.8623E+03  7.4728E-01
  1.0300E+02  0.0000E+00  0.0000E+00  1.0000E+00  1.0000E+00  1.2000E+00  0.0000E+00  1.0000E+00  0.0000E+00  0.0000E+00 -2.1645E+00 -3.8607E+04  3.8607E+04  0.0000E+00  0.0000E+00  3.8607E+04  0.0000E+00  0.0000E+00
  1.0300E+02  6.7200E+02  4.9328E+02  0.0000E+00  1.0000E+00  0.0000E+00  1.0000E+00  1.0000E+00  2.9000E+01  4.0000E+00 -8.0045E-01 -2.8946E+02  7.8274E+02 -8.0045E-01  4.9328E+02  7.8274E+02 -2.8946E+02 -8.0045E-01
  1.0400E+02  0.0000E+00  0.0000E+00  1.0000E+00  1.0000E+00  1.2000E+00  1.0000E+00  1.0000E+00  0.0000E+00  0.0000E+00 -2.1645E+00 -3.8607E+04  3.8607E+04  0.0000E+00  0.0000E+00  3.8607E+04  0.0000E+00  0.0000E+00
  1.0400E+02  6.7200E+02  9.4698E+02  0.0000E+00  1.0000E+00  0.0000E+00  1.0000E+00  1.0000E+00  2.9000E+01  4.0000E+00  4.5418E-01  1.6424E+02  7.8274E+02  4.5418E-01  9.4698E+02  7.8274E+02  1.6424E+02  4.5418E-01
  1.0500E+02  0.0000E+00  0.0000E+00  1.0000E+00  1.0000E+00  1.2000E+00  0.0000E+00  1.0000E+00  0.0000E+00  0.0000E+00 -2.1645E+00 -3.8607E+04  3.8607E+04  0.0000E+00  0.0000E+00  3.8607E+04  0.0000E+00  0.0000E+00
  1.0500E+02  6.7200E+02  9.3480E+02  0.0000E+00  1.0000E+00  0.0000E+00  1.0000E+00  1.0000E+00  2.9000E+01  4.0000E+00  4.2050E-01  1.5206E+02  7.8274E+02  4.2050E-01  9.3480E+02  7.8274E+02  1.5206E+02  4.2050E-01
  1.0600E+02  0.0000E+00  0.0000E+00  1.0000E+00  1.0000E+00  1.2000E+00  1.0000E+00  1.0000E+00  0.0000E+00  0.0000E+00 -2.1645E+00 -3.8607E+04  3.8607E+04  0.0000E+00  0.0000E+00  3.8607E+04  0.0000E+00  0.0000E+00
  1.0600E+02  1.0080E+03  9.9372E+01  0.0000E+00  1.0000E+00  0.0000E+00  1.0000E+00  1.0000E+00  4.3000E+01  6.0000E+00 -2.7080E-01 -1.4210E+01  1.1358E+02 -2.7080E-01  9.9372E+01  1.1358E+02 -1.4210E+01 -2.7080E-01
  1.0700E+02  0.0000E+00  0.0000E+00  1.0000E+00  1.0000E+00  1.2000E+00  0.0000E+00  1.0000E+00  0.0000E+00  0.0000E+00 -2.1645E+00 -3.8607E+04  3.8607E+04  0.0000E+00  0.0000E+00  3.8607E+04  0.0000E+00  0.0000E+00
  1.0700E+02  1.0080E+03  7.8286E+01  0.0000E+00  1.0000E+00  0.0000E+00  1.0000E+00  1.0000E+00  4.3000E+01  6.0000E+00 -6.7264E-01 -3.5296E+01  1.1358E+02 -6.7264E-01  7.8286E+01  1.1358E+02 -3.5296E+01 -6.7264E-01
  1.0800E+02  0.0000E+00  0.0000E+00  1.0000E+00  1.0000E+00  1.2000E+00  1.0000E+00  1.0000E+00  0.0000E+00  0.0000E+00 -2.1645E+00 -3.8607E+04  3.8607E+04  0.0000E+00  0.0000E+00  3.8607E+04  0.0000E+00  0.0000E+00
  1.0800E+02  1.3440E+03  1.0964E+01  0.0000E+00  1.0000E+00  0.0000E+00  1.0000E+00  1.0000E+00  5.7000E+01  8.0000E+00 -7.2458E-01 -5.5174E+00  1.6482E+01 -7.2458E-01  1.0964E+01  1.6482E+01 -5.5174E+00 -7.2458E-01
  1.0900E+02  0.0000E+00  0.0000E+00  1.0000E+00  1.0000E+00  1.2000E+00  0.0000E+00  1.0000E+00  0.0000E+00  0.0000E+00 -2.1645E+00 -3.8607E+04  3.8607E+04  0.0000E+00  0.0000E+00  3.8607E+04  0.0000E+00  0.0000E+00
  1.0900E+02  1.3440E+03  9.6205E+00  0.0000E+00  1.0000E+00  0.0000E+00  1.0000E+00  1.0000E+00  5.7000E+01  8.0000E+00 -9.0107E-01 -6.8612E+00  1.6482E+01 -9.0107E-01  9.6205E+00  1.6482E+01 -6.8612E+00 -9.0107E-01
  1.1000E+02  0.0000E+00  0.0000E+00  1.0000E+00  1.0000E+00  1.2000E+00  1.0000E+00  1.0000E+00  0.0000E+00  0.0000E+00 -2.1645E+00 -3.8607E+04  3.8607E+04  0.0000E+00  0.0000E+00  3.8607E+04  0.0000E+00  0.0000E+00
  1.1000E+02  1.3440E+03  1.3866E+01  0.0000E+00  1.0000E+00  0.0000E+00  1.0000E+00  1.0000E+00  5.7000E+01  8.0000E+00 -3.4354E-01 -2.6159E+00  1.6482E+01 -3.4354E-01  1.3866E+01  1.6482E+01 -2.6159E+00 -3.4354E-01
  1.1100E+02  0.0000E+00  0.0000E+00  1.0000E+00  1.0000E+00  1.2000E+00  0.0000E+00  1.0000E+00  0.0000E+00  0.0000E+00 -2.1645E+00 -3.8607E+04  3.8607E+04  0.0000E+00  0.0000E+00  3.8607E+04  0.0000E+00  0.0000E+00
  1.1100E+02  3.3600E+02  1.8397E+02  0.0000E+00  1.0000E+00  0.0000E+00  0.0000E+00  1.0000E+00  1.5000E+01  2.0000E+00 -2.0907E+00 -5.2102E+03  5.3942E+03 -2.0907E+00  1.8397E+02  5.3942E+03 -5.2102E+03 -2.0907E+00
  1.1200E+02  0.0000E+00  0.0000E+00  1.0000E+00  1.0000E+00  1.2000E+00  1.0000E+00  1.0000E+00  0.0000E+00  0.0000E+00 -2.1645E+00 -3.8607E+04  3.8607E+04  0.0000E+00  0.0000E+00  3.8607E+04  0.0000E+00  0.0000E+00
  1.1200E+02  3.3600E+02  6.4709E+03  0.0000E+00  1.0000E+00  0.0000E+00  0.0000E+00  1.0000E+00  1.5000E+01  2.0000E+00  4.3206E-01  1.0767E+03  5.3942E+03  4.3206E-01  6.4709E+03  5.3942E+03  1.0767E+03  4.3206E-01
  1.1300E+02  0.0000E+00  0.0000E+00  1.0000E+00  1.0000E+00  1.2000E+00  0.0000E+00  1.0000E+00  0.0000E+00  0.0000E+00 -2.1645E+00 -3.8607E+04  3.8607E+04  0.0000E+00  0.0000E+00  3.8607E+04  0.0000E+00  0.0000E+00
  1.1300E+02  6.7200E+02  3.8098E+02  0.0000E+00  1.0000E+00  0.0000E+00  0.0000E+00  1.0000E+00  2.9000E+01  4.0000E+00 -1.1110E+00 -4.0176E+02  7.8274E+02 -1.1110E+00  3.8098E+02  7.8274E+02 -4.0176E+02 -1.1110E+00
  1.1400E+02  0.0000E+00  0.0000E+00  1.0000E+00  1.0000E+00  1.2000E+00  1.0000E+00  1.0000E+00  0.0000E+00  0.0000E+00 -2.1645E+00 -3.8607E+04  3.8607E+04  0.0000E+00  0.0000E+00  3.8607E+04  0.0000E+00  0.0000E+00
  1.1400E+02  6.7200E+02  1.4873E+03  0.0000E+00  1.0000E+00  0.0000E+00  0.0000E+00  1.0000E+00  2.9000E+01  4.0000E+00  1.9483E+00  7.0454E+02  7.8274E+02  1.9483E+00  1.4873E+03  7.8274E+02  7.0454E+02  1.9483E+00
  1.1500E+02  0.0000E+00  0.0000E+00  1.0000E+00  1.0000E+00  1.2000E+00  0.0000E+00  1.0000E+00  0.0000E+00  0.0000E+00 -2.1645E+00 -3.8607E+04  3.8607E+04  0.0000E+00  0.0000E+00  3.8607E+04  0.0000E+00  0.0000E+00
  1.1500E+02  6.7200E+02  1.0185E+03  0.0000E+00  1.0000E+00  0.0000E+00  0.0000E+00  1.0000E+00  2.9000E+01  4.0000E+00  6.5193E-01  2.3575E+02  7.8274E+02  6.5193E-01  1.0185E+03  7.8274E+02  2.3575E+02  6.5193E-01
  1.1600E+02  0.0000E+00  0.0000E+00  1.0000E+00  1.0000E+00  1.2000E+00  1.0000E+00  1.0000E+00  0.0000E+00  0.0000E+00 -2.1645E+00 -3.8607E+04  3.8607E+04  0.0000E+00  0.0000E+00  3.8607E+04  0.0000E+00  0.0000E+00
  1.1600E+02  1.0080E+03  6.9541E+01  0.0000E+00  1.0000E+00  0.0000E+00  0.0000E+00  1.0000E+00  4.3000E+01  6.0000E+00 -8.3928E-01 -4.4041E+01  1.1358E+02 -8.3928E-01  6.9541E+01  1.1358E+02 -4.4041E+01 -8.3928E-01
  1.1700E+02  0.0000E+00  0.0000E+00  1.0000E+00  1.0000E+00  1.2000E+00  0.0000E+00  1.0000E+00  0.0000E+00  0.0000E+00 -2.1645E+00 -3.8607E+04  3.8607E+04  0.0000E+00  0.0000E+00  3.8607E+04  0.0000E+00  0.0000E+00
  1.1700E+02  1.0080E+03  5.9511E+01  0.0000E+00  1.0000E+00  0.0000E+00  0.0000E+00  1.0000E+00  4.3000E+01  6.0000E+00 -1.0304E+00 -5.4072E+01  1.1358E+02 -1.0304E+00  5.9511E+01  1.1358E+02 -5.4072E+01 -1.0304E+00
  1.1800E+02  0.0000E+00  0.0000E+00  1.0000E+00  1.0000E+00  1.2000E+00  1.0000E+00  1.0000E+00  0.0000E+00  0.0000E+00 -2.1645E+00 -3.8607E+04  3.8607E+04  0.0000E+00  0.0000E+00  3.8607E+04  0.0000E+00  0.0000E+00
  1.1800E+02  1.3440E+03  8.6474E+00  0.0000E+00  1.0000E+00  0.0000E+00  0.0000E+00  1.0000E+00  5.7000E+01  8.0000E+00 -1.0289E+00 -7.8344E+00  1.6482E+01 -1.0289E+00  8.6474E+00  1.6482E+01 -7.8344E+00 -1.0289E+00
  1.1900E+02  0.0000E+00  0.0000E+00  1.0000E+00  1.0000E+00  1.2000E+00  0.0000E+00  1.0000E+00  0.0000E+00  0.0000E+00 -2.1645E+00 -3.8607E+04  3.8607E+04  0.0000E+00  0.0000E+00  3.8607E+04  0.0000E+00  0.0000E+00
  1.1900E+02  1.3440E+03  1.1338E+01  0.0000E+00  1.0000E+00  0.0000E+00  0.0000E+00  1.0000E+00  5.7000E+01  8.0000E+00 -6.7558E-01 -5.1442E+00  1.6482E+01 -6.7558E-01  1.1338E+01  1.6482E+01 -5.1442E+00 -6.7558E-01
  1.2000E+02  0.0000E+00  0.0000E+00  1.0000E+00  1.0000E+00  1.2000E+00  1.0000E+00  1.0000E+00  0.0000E+00  0.0000E+00 -2.1645E+00 -3.8607E+04  3.8607E+04  0.0000E+00  0.0000E+00  3.8607E+04  0.0000E+00  0.0000E+00
  1.2000E+02  1.3440E+03  1.1747E+01  0.0000E+00  1.0000E+00  0.0000E+00  0.0000E+00  1.0000E+00  5.7000E+01  8.0000E+00 -6.2178E-01 -4.7346E+00  1.6482E+01 -6.2178E-01  1.1747E+01  1.6482E+01 -4.7346E+00 -6.2178E-01
