TABLE NO.  1
 ID          TIME        DV          MDV         CMT         AMT         LEFT        SITE        DAY         WEEK        IWRES       IRES        IPRED       CWRES       DV          PRED        RES         WRES
  1.0000E+00  0.0000E+00  0.0000E+00  1.0000E+00  1.0000E+00  6.0000E-01  0.0000E+00  1.0000E+00  0.0000E+00  0.0000E+00 -2.5000E+00 -1.5000E+05  1.5000E+05  0.0000E+00  0.0000E+00  1.5000E+05  0.0000E+00  0.0000E+00
  1.0000E+00  3.3600E+02  1.3165E+03  0.0000E+00  1.0000E+00  0.0000E+00  1.0000E+00  1.0000E+00  1.5000E+01  2.0000E+00  3.7998E-01  1.7370E+02  1.1428E+03  7.7246E-01  1.3165E+03  7.5848E-03  1.3165E+03  5.8506E+03
  2.0000E+00  0.0000E+00  0.0000E+00  1.0000E+00  1.0000E+00  6.0000E-01  1.0000E+00  1.0000E+00  0.0000E+00  0.0000E+00 -2.5000E+00 -1.5000E+05  1.5000E+05  0.0000E+00  0.0000E+00  1.5000E+05  0.0000E+00  0.0000E+00
  2.0000E+00  3.3600E+02  2.3413E+03  0.0000E+00  1.0000E+00  0.0000E+00  1.0000E+00  1.0000E+00  1.5000E+01  2.0000E+00  3.8714E-01  3.1395E+02  2.0274E+03  8.5126E-01  2.3413E+03  7.5848E-03  2.3413E+03  1.0405E+04
  3.0000E+00  0.0000E+00  0.0000E+00  1.0000E+00  1.0000E+00  6.0000E-01  0.0000E+00  1.0000E+00  0.0000E+00  0.0000E+00 -2.5000E+00 -1.5000E+05  1.5000E+05  0.0000E+00  0.0000E+00  1.5000E+05  0.0000E+00  0.0000E+00
  3.0000E+00  6.7200E+02  7.7622E+02  0.0000E+00  1.0000E+00  0.0000E+00  1.0000E+00  1.0000E+00  2.9000E+01  4.0000E+00  3.8955E-01  1.0465E+02  6.7157E+02  1.1305E+00  7.7622E+02  3.8353E-10  7.7622E+02  7.7605E+08
  4.0000E+00  0.0000E+00  0.0000E+00  1.0000E+00  1.0000E+00  6.0000E-01  1.0000E+00  1.0000E+00  0.0000E+00  0.0000E+00 -2.5000E+00 -1.5000E+05  1.5000E+05  0.0000E+00  0.0000E+00  1.5000E+05  0.0000E+00  0.0000E+00
  4.0000E+00  6.7200E+02  6.4204E+02  0.0000E+00  1.0000E+00  0.0000E+00  1.0000E+00  1.0000E+00  2.9000E+01  4.0000E+00  3.8756E-01  8.6173E+01  5.5586E+02  1.1090E+00  6.4204E+02  3.8353E-10  6.4204E+02  6.4189E+08
  5.0000E+00  0.0000E+00  0.0000E+00  1.0000E+00  1.0000E+00  6.0000E-01  0.0000E+00  1.0000E+00  0.0000E+00  0.0000E+00 -2.5000E+00 -1.5000E+05  1.5000E+05  0.0000E+00  0.0000E+00  1.5000E+05  0.0000E+00  0.0000E+00
  5.0000E+00  6.7200E+02  0.0000E+00  1.0000E+00  1.0000E+00  0.0000E+00  1.0000E+00  1.0000E+00  2.9000E+01  4.0000E+00 -3.8353E-04 -3.8353E-10  3.8353E-10  0.0000E+00  0.0000E+00  3.8353E-10  0.0000E+00  0.0000E+00
  6.0000E+00  0.0000E+00  0.0000E+00  1.0000E+00  1.0000E+00  6.0000E-01  1.0000E+00  1.0000E+00  0.0000E+00  0.0000E+00 -2.5000E+00 -1.5000E+05  1.5000E+05  0.0000E+00  0.0000E+00  1.5000E+05  0.0000E+00  0.0000E+00
  6.0000E+00  1.0080E+03  4.8956E+01  0.0000E+00  1.0000E+00  0.0000E+00  1.0000E+00  1.0000E+00  4.3000E+01  6.0000E+00  3.7647E-01  6.4073E+00  4.2549E+01  1.1208E+00  4.8956E+01  1.9393E-17  4.8956E+01  4.8956E+07
  7.0000E+00  0.0000E+00  0.0000E+00  1.0000E+00  1.0000E+00  6.0000E-01  0.0000E+00  1.0000E+00  0.0000E+00  0.0000E+00 -2.5000E+00 -1.5000E+05  1.5000E+05  0.0000E+00  0.0000E+00  1.5000E+05  0.0000E+00  0.0000E+00
  7.0000E+00  1.0080E+03  5.8206E+01  0.0000E+00  1.0000E+00  0.0000E+00  1.0000E+00  1.0000E+00  4.3000E+01  6.0000E+00  3.7732E-01  7.6330E+00  5.0573E+01  1.1340E+00  5.8206E+01  1.9393E-17  5.8206E+01  5.8206E+07
  8.0000E+00  0.0000E+00  0.0000E+00  1.0000E+00  1.0000E+00  6.0000E-01  1.0000E+00  1.0000E+00  0.0000E+00  0.0000E+00 -2.5000E+00 -1.5000E+05  1.5000E+05  0.0000E+00  0.0000E+00  1.5000E+05  0.0000E+00  0.0000E+00
  8.0000E+00  1.3440E+03  1.2343E+01  0.0000E+00  1.0000E+00  0.0000E+00  1.0000E+00  1.0000E+00  5.7000E+01  8.0000E+00  1.2343E+07  1.2343E+01  9.8062E-25  1.2343E+07  1.2343E+01  9.8062E-25  1.2343E+01  1.2343E+07
  9.0000E+00  0.0000E+00  0.0000E+00  1.0000E+00  1.0000E+00  6.0000E-01  0.0000E+00  1.0000E+00  0.0000E+00  0.0000E+00 -2.5000E+00 -1.5000E+05  1.5000E+05  0.0000E+00  0.0000E+00  1.5000E+05  0.0000E+00  0.0000E+00
  9.0000E+00  1.3440E+03  1.0106E+01  0.0000E+00  1.0000E+00  0.0000E+00  1.0000E+00  1.0000E+00  5.7000E+01  8.0000E+00  1.0106E+07  1.0106E+01  9.8062E-25  1.0106E+07  1.0106E+01  9.8062E-25  1.0106E+01  1.0106E+07
  1.0000E+01  0.0000E+00  0.0000E+00  1.0000E+00  1.0000E+00  6.0000E-01  1.0000E+00  1.0000E+00  0.0000E+00  0.0000E+00 -2.5000E+00 -1.5000E+05  1.5000E+05  0.0000E+00  0.0000E+00  1.5000E+05  0.0000E+00  0.0000E+00
  1.0000E+01  1.3440E+03  1.5274E+01  0.0000E+00  1.0000E+00  0.0000E+00  1.0000E+00  1.0000E+00  5.7000E+01  8.0000E+00  1.5274E+07  1.5274E+01  9.8062E-25  1.5274E+07  1.5274E+01  9.8062E-25  1.5274E+01  1.5274E+07
  1.1000E+01  0.0000E+00  0.0000E+00  1.0000E+00  1.0000E+00  6.0000E-01  0.0000E+00  1.0000E+00  0.0000E+00  0.0000E+00 -2.5000E+00 -1.5000E+05  1.5000E+05  0.0000E+00  0.0000E+00  1.5000E+05  0.0000E+00  0.0000E+00
  1.1000E+01  3.3600E+02  2.7843E+03  0.0000E+00  1.0000E+00  0.0000E+00  0.0000E+00  1.0000E+00  1.5000E+01  2.0000E+00  3.8976E-01  3.7554E+02  2.4088E+03  8.7711E-01  2.7843E+03  7.5848E-03  2.7843E+03  1.2374E+04
  1.2000E+01  0.0000E+00  0.0000E+00  1.0000E+00  1.0000E+00  6.0000E-01  1.0000E+00  1.0000E+00  0.0000E+00  0.0000E+00 -2.5000E+00 -1.5000E+05  1.5000E+05  0.0000E+00  0.0000E+00  1.5000E+05  0.0000E+00  0.0000E+00
  1.2000E+01  3.3600E+02  2.7530E+03  0.0000E+00  1.0000E+00  0.0000E+00  0.0000E+00  1.0000E+00  1.5000E+01  2.0000E+00  3.8958E-01  3.7117E+02  2.3818E+03  8.7539E-01  2.7530E+03  7.5848E-03  2.7530E+03  1.2235E+04
  1.3000E+01  0.0000E+00  0.0000E+00  1.0000E+00  1.0000E+00  6.0000E-01  0.0000E+00  1.0000E+00  0.0000E+00  0.0000E+00 -2.5000E+00 -1.5000E+05  1.5000E+05  0.0000E+00  0.0000E+00  1.5000E+05  0.0000E+00  0.0000E+00
  1.3000E+01  6.7200E+02  3.3365E+02  0.0000E+00  1.0000E+00  0.0000E+00  0.0000E+00  1.0000E+00  2.9000E+01  4.0000E+00  3.8175E-01  4.4199E+01  2.8945E+02  1.0400E+00  3.3365E+02  3.8353E-10  3.3365E+02  3.3357E+08
  1.4000E+01  0.0000E+00  0.0000E+00  1.0000E+00  1.0000E+00  6.0000E-01  1.0000E+00  1.0000E+00  0.0000E+00  0.0000E+00 -2.5000E+00 -1.5000E+05  1.5000E+05  0.0000E+00  0.0000E+00  1.5000E+05  0.0000E+00  0.0000E+00
  1.4000E+01  6.7200E+02  3.7741E+02  0.0000E+00  1.0000E+00  0.0000E+00  0.0000E+00  1.0000E+00  2.9000E+01  4.0000E+00  3.8274E-01  5.0108E+01  3.2730E+02  1.0524E+00  3.7741E+02  3.8353E-10  3.7741E+02  3.7732E+08
  1.5000E+01  0.0000E+00  0.0000E+00  1.0000E+00  1.0000E+00  6.0000E-01  0.0000E+00  1.0000E+00  0.0000E+00  0.0000E+00 -2.5000E+00 -1.5000E+05  1.5000E+05  0.0000E+00  0.0000E+00  1.5000E+05  0.0000E+00  0.0000E+00
  1.5000E+01  6.7200E+02  0.0000E+00  1.0000E+00  1.0000E+00  0.0000E+00  0.0000E+00  1.0000E+00  2.9000E+01  4.0000E+00 -3.8353E-04 -3.8353E-10  3.8353E-10  0.0000E+00  0.0000E+00  3.8353E-10  0.0000E+00  0.0000E+00
  1.6000E+01  0.0000E+00  0.0000E+00  1.0000E+00  1.0000E+00  6.0000E-01  1.0000E+00  1.0000E+00  0.0000E+00  0.0000E+00 -2.5000E+00 -1.5000E+05  1.5000E+05  0.0000E+00  0.0000E+00  1.5000E+05  0.0000E+00  0.0000E+00
  1.6000E+01  1.0080E+03  1.0095E+02  0.0000E+00  1.0000E+00  0.0000E+00  0.0000E+00  1.0000E+00  4.3000E+01  6.0000E+00  3.8036E-01  1.3330E+01  8.7616E+01  1.1783E+00  1.0095E+02  1.9393E-17  1.0095E+02  1.0095E+08
  1.7000E+01  0.0000E+00  0.0000E+00  1.0000E+00  1.0000E+00  6.0000E-01  0.0000E+00  1.0000E+00  0.0000E+00  0.0000E+00 -2.5000E+00 -1.5000E+05  1.5000E+05  0.0000E+00  0.0000E+00  1.5000E+05  0.0000E+00  0.0000E+00
  1.7000E+01  1.0080E+03  5.4858E+01  0.0000E+00  1.0000E+00  0.0000E+00  0.0000E+00  1.0000E+00  4.3000E+01  6.0000E+00  3.7703E-01  7.1889E+00  4.7669E+01  1.1295E+00  5.4858E+01  1.9393E-17  5.4858E+01  5.4858E+07
  1.8000E+01  0.0000E+00  0.0000E+00  1.0000E+00  1.0000E+00  6.0000E-01  1.0000E+00  1.0000E+00  0.0000E+00  0.0000E+00 -2.5000E+00 -1.5000E+05  1.5000E+05  0.0000E+00  0.0000E+00  1.5000E+05  0.0000E+00  0.0000E+00
  1.8000E+01  1.3440E+03  9.2840E+00  0.0000E+00  1.0000E+00  0.0000E+00  0.0000E+00  1.0000E+00  5.7000E+01  8.0000E+00  9.2840E+06  9.2840E+00  9.8062E-25  9.2840E+06  9.2840E+00  9.8062E-25  9.2840E+00  9.2840E+06
  1.9000E+01  0.0000E+00  0.0000E+00  1.0000E+00  1.0000E+00  6.0000E-01  0.0000E+00  1.0000E+00  0.0000E+00  0.0000E+00 -2.5000E+00 -1.5000E+05  1.5000E+05  0.0000E+00  0.0000E+00  1.5000E+05  0.0000E+00  0.0000E+00
  1.9000E+01  1.3440E+03  9.3212E+00  0.0000E+00  1.0000E+00  0.0000E+00  0.0000E+00  1.0000E+00  5.7000E+01  8.0000E+00  9.3212E+06  9.3212E+00  9.8062E-25  9.3212E+06  9.3212E+00  9.8062E-25  9.3212E+00  9.3212E+06
  2.0000E+01  0.0000E+00  0.0000E+00  1.0000E+00  1.0000E+00  6.0000E-01  1.0000E+00  1.0000E+00  0.0000E+00  0.0000E+00 -2.5000E+00 -1.5000E+05  1.5000E+05  0.0000E+00  0.0000E+00  1.5000E+05  0.0000E+00  0.0000E+00
  2.0000E+01  1.3440E+03  1.2715E+01  0.0000E+00  1.0000E+00  0.0000E+00  0.0000E+00  1.0000E+00  5.7000E+01  8.0000E+00  1.2715E+07  1.2715E+01  9.8062E-25  1.2715E+07  1.2715E+01  9.8062E-25  1.2715E+01  1.2715E+07
  1.0100E+02  0.0000E+00  0.0000E+00  1.0000E+00  1.0000E+00  1.2000E+00  0.0000E+00  1.0000E+00  0.0000E+00  0.0000E+00 -2.5000E+00 -3.0000E+05  3.0000E+05  0.0000E+00  0.0000E+00  3.0000E+05  0.0000E+00  0.0000E+00
  1.0100E+02  3.3600E+02  6.6540E+02  0.0000E+00  1.0000E+00  0.0000E+00  1.0000E+00  1.0000E+00  1.5000E+01  2.0000E+00  3.6907E-01  8.5595E+01  5.7980E+02  6.1718E-01  6.6540E+02  1.5170E-02  6.6538E+02  1.4785E+03
  1.0200E+02  0.0000E+00  0.0000E+00  1.0000E+00  1.0000E+00  1.2000E+00  1.0000E+00  1.0000E+00  0.0000E+00  0.0000E+00 -2.5000E+00 -3.0000E+05  3.0000E+05  0.0000E+00  0.0000E+00  3.0000E+05  0.0000E+00  0.0000E+00
  1.0200E+02  3.3600E+02  7.2565E+03  0.0000E+00  1.0000E+00  0.0000E+00  1.0000E+00  1.0000E+00  1.5000E+01  2.0000E+00  3.9431E-01  9.8858E+02  6.2679E+03  9.1881E-01  7.2565E+03  1.5170E-02  7.2564E+03  1.6124E+04
  1.0300E+02  0.0000E+00  0.0000E+00  1.0000E+00  1.0000E+00  1.2000E+00  0.0000E+00  1.0000E+00  0.0000E+00  0.0000E+00 -2.5000E+00 -3.0000E+05  3.0000E+05  0.0000E+00  0.0000E+00  3.0000E+05  0.0000E+00  0.0000E+00
  1.0300E+02  6.7200E+02  4.9328E+02  0.0000E+00  1.0000E+00  0.0000E+00  1.0000E+00  1.0000E+00  2.9000E+01  4.0000E+00  3.7952E-01  6.5014E+01  4.2827E+02  1.0106E+00  4.9328E+02  7.6706E-10  4.9328E+02  4.9284E+08
  1.0400E+02  0.0000E+00  0.0000E+00  1.0000E+00  1.0000E+00  1.2000E+00  1.0000E+00  1.0000E+00  0.0000E+00  0.0000E+00 -2.5000E+00 -3.0000E+05  3.0000E+05  0.0000E+00  0.0000E+00  3.0000E+05  0.0000E+00  0.0000E+00
  1.0400E+02  6.7200E+02  9.4698E+02  0.0000E+00  1.0000E+00  0.0000E+00  1.0000E+00  1.0000E+00  2.9000E+01  4.0000E+00  3.8467E-01  1.2628E+02  8.2070E+02  1.0759E+00  9.4698E+02  7.6706E-10  9.4698E+02  9.4614E+08
  1.0500E+02  0.0000E+00  0.0000E+00  1.0000E+00  1.0000E+00  1.2000E+00  0.0000E+00  1.0000E+00  0.0000E+00  0.0000E+00 -2.5000E+00 -3.0000E+05  3.0000E+05  0.0000E+00  0.0000E+00  3.0000E+05  0.0000E+00  0.0000E+00
  1.0500E+02  6.7200E+02  9.3480E+02  0.0000E+00  1.0000E+00  0.0000E+00  1.0000E+00  1.0000E+00  2.9000E+01  4.0000E+00  3.8456E-01  1.2462E+02  8.1018E+02  1.0746E+00  9.3480E+02  7.6706E-10  9.3480E+02  9.3397E+08
  1.0600E+02  0.0000E+00  0.0000E+00  1.0000E+00  1.0000E+00  1.2000E+00  1.0000E+00  1.0000E+00  0.0000E+00  0.0000E+00 -2.5000E+00 -3.0000E+05  3.0000E+05  0.0000E+00  0.0000E+00  3.0000E+05  0.0000E+00  0.0000E+00
  1.0600E+02  1.0080E+03  9.9372E+01  0.0000E+00  1.0000E+00  0.0000E+00  1.0000E+00  1.0000E+00  4.3000E+01  6.0000E+00  3.7654E-01  1.3008E+01  8.6364E+01  1.1219E+00  9.9372E+01  3.8786E-17  9.9372E+01  9.9372E+07
  1.0700E+02  0.0000E+00  0.0000E+00  1.0000E+00  1.0000E+00  1.2000E+00  0.0000E+00  1.0000E+00  0.0000E+00  0.0000E+00 -2.5000E+00 -3.0000E+05  3.0000E+05  0.0000E+00  0.0000E+00  3.0000E+05  0.0000E+00  0.0000E+00
  1.0700E+02  1.0080E+03  7.8286E+01  0.0000E+00  1.0000E+00  0.0000E+00  1.0000E+00  1.0000E+00  4.3000E+01  6.0000E+00  3.7542E-01  1.0221E+01  6.8065E+01  1.1040E+00  7.8286E+01  3.8786E-17  7.8286E+01  7.8286E+07
  1.0800E+02  0.0000E+00  0.0000E+00  1.0000E+00  1.0000E+00  1.2000E+00  1.0000E+00  1.0000E+00  0.0000E+00  0.0000E+00 -2.5000E+00 -3.0000E+05  3.0000E+05  0.0000E+00  0.0000E+00  3.0000E+05  0.0000E+00  0.0000E+00
  1.0800E+02  1.3440E+03  1.0964E+01  0.0000E+00  1.0000E+00  0.0000E+00  1.0000E+00  1.0000E+00  5.7000E+01  8.0000E+00  1.0964E+07  1.0964E+01  1.9612E-24  1.0964E+07  1.0964E+01  1.9612E-24  1.0964E+01  1.0964E+07
  1.0900E+02  0.0000E+00  0.0000E+00  1.0000E+00  1.0000E+00  1.2000E+00  0.0000E+00  1.0000E+00  0.0000E+00  0.0000E+00 -2.5000E+00 -3.0000E+05  3.0000E+05  0.0000E+00  0.0000E+00  3.0000E+05  0.0000E+00  0.0000E+00
  1.0900E+02  1.3440E+03  9.6205E+00  0.0000E+00  1.0000E+00  0.0000E+00  1.0000E+00  1.0000E+00  5.7000E+01  8.0000E+00  9.6205E+06  9.6205E+00  1.9612E-24  9.6205E+06  9.6205E+00  1.9612E-24  9.6205E+00  9.6205E+06
  1.1000E+02  0.0000E+00  0.0000E+00  1.0000E+00  1.0000E+00  1.2000E+00  1.0000E+00  1.0000E+00  0.0000E+00  0.0000E+00 -2.5000E+00 -3.0000E+05  3.0000E+05  0.0000E+00  0.0000E+00  3.0000E+05  0.0000E+00  0.0000E+00
  1.1000E+02  1.3440E+03  1.3866E+01  0.0000E+00  1.0000E+00  0.0000E+00  1.0000E+00  1.0000E+00  5.7000E+01  8.0000E+00  1.3866E+07  1.3866E+01  1.9612E-24  1.3866E+07  1.3866E+01  1.9612E-24  1.3866E+01  1.3866E+07
  1.1100E+02  0.0000E+00  0.0000E+00  1.0000E+00  1.0000E+00  1.2000E+00  0.0000E+00  1.0000E+00  0.0000E+00  0.0000E+00 -2.5000E+00 -3.0000E+05  3.0000E+05  0.0000E+00  0.0000E+00  3.0000E+05  0.0000E+00  0.0000E+00
  1.1100E+02  3.3600E+02  1.8397E+02  0.0000E+00  1.0000E+00  0.0000E+00  0.0000E+00  1.0000E+00  1.5000E+01  2.0000E+00  3.6311E-01  2.3332E+01  1.6064E+02  5.0079E-01  1.8397E+02  1.5170E-02  1.8396E+02  4.0876E+02
  1.1200E+02  0.0000E+00  0.0000E+00  1.0000E+00  1.0000E+00  1.2000E+00  1.0000E+00  1.0000E+00  0.0000E+00  0.0000E+00 -2.5000E+00 -3.0000E+05  3.0000E+05  0.0000E+00  0.0000E+00  3.0000E+05  0.0000E+00  0.0000E+00
  1.1200E+02  3.3600E+02  6.4709E+03  0.0000E+00  1.0000E+00  0.0000E+00  0.0000E+00  1.0000E+00  1.5000E+01  2.0000E+00  3.9225E-01  8.7760E+02  5.5933E+03  9.0041E-01  6.4709E+03  1.5170E-02  6.4709E+03  1.4379E+04
  1.1300E+02  0.0000E+00  0.0000E+00  1.0000E+00  1.0000E+00  1.2000E+00  0.0000E+00  1.0000E+00  0.0000E+00  0.0000E+00 -2.5000E+00 -3.0000E+05  3.0000E+05  0.0000E+00  0.0000E+00  3.0000E+05  0.0000E+00  0.0000E+00
  1.1300E+02  6.7200E+02  3.8098E+02  0.0000E+00  1.0000E+00  0.0000E+00  0.0000E+00  1.0000E+00  2.9000E+01  4.0000E+00  3.7779E-01  5.0014E+01  3.3096E+02  9.8653E-01  3.8098E+02  7.6706E-10  3.8098E+02  3.8064E+08
  1.1400E+02  0.0000E+00  0.0000E+00  1.0000E+00  1.0000E+00  1.2000E+00  1.0000E+00  1.0000E+00  0.0000E+00  0.0000E+00 -2.5000E+00 -3.0000E+05  3.0000E+05  0.0000E+00  0.0000E+00  3.0000E+05  0.0000E+00  0.0000E+00
  1.1400E+02  6.7200E+02  1.4873E+03  0.0000E+00  1.0000E+00  0.0000E+00  0.0000E+00  1.0000E+00  2.9000E+01  4.0000E+00  3.8909E-01  2.0030E+02  1.2870E+03  1.1256E+00  1.4873E+03  7.6706E-10  1.4873E+03  1.4860E+09
  1.1500E+02  0.0000E+00  0.0000E+00  1.0000E+00  1.0000E+00  1.2000E+00  0.0000E+00  1.0000E+00  0.0000E+00  0.0000E+00 -2.5000E+00 -3.0000E+05  3.0000E+05  0.0000E+00  0.0000E+00  3.0000E+05  0.0000E+00  0.0000E+00
  1.1500E+02  6.7200E+02  1.0185E+03  0.0000E+00  1.0000E+00  0.0000E+00  0.0000E+00  1.0000E+00  2.9000E+01  4.0000E+00  3.8533E-01  1.3602E+02  8.8248E+02  1.0837E+00  1.0185E+03  7.6706E-10  1.0185E+03  1.0176E+09
  1.1600E+02  0.0000E+00  0.0000E+00  1.0000E+00  1.0000E+00  1.2000E+00  1.0000E+00  1.0000E+00  0.0000E+00  0.0000E+00 -2.5000E+00 -3.0000E+05  3.0000E+05  0.0000E+00  0.0000E+00  3.0000E+05  0.0000E+00  0.0000E+00
  1.1600E+02  1.0080E+03  6.9541E+01  0.0000E+00  1.0000E+00  0.0000E+00  0.0000E+00  1.0000E+00  4.3000E+01  6.0000E+00  3.7489E-01  9.0684E+00  6.0473E+01  1.0953E+00  6.9541E+01  3.8786E-17  6.9541E+01  6.9541E+07
  1.1700E+02  0.0000E+00  0.0000E+00  1.0000E+00  1.0000E+00  1.2000E+00  0.0000E+00  1.0000E+00  0.0000E+00  0.0000E+00 -2.5000E+00 -3.0000E+05  3.0000E+05  0.0000E+00  0.0000E+00  3.0000E+05  0.0000E+00  0.0000E+00
  1.1700E+02  1.0080E+03  5.9511E+01  0.0000E+00  1.0000E+00  0.0000E+00  0.0000E+00  1.0000E+00  4.3000E+01  6.0000E+00  3.7422E-01  7.7483E+00  5.1762E+01  1.0841E+00  5.9511E+01  3.8786E-17  5.9511E+01  5.9511E+07
  1.1800E+02  0.0000E+00  0.0000E+00  1.0000E+00  1.0000E+00  1.2000E+00  1.0000E+00  1.0000E+00  0.0000E+00  0.0000E+00 -2.5000E+00 -3.0000E+05  3.0000E+05  0.0000E+00  0.0000E+00  3.0000E+05  0.0000E+00  0.0000E+00
  1.1800E+02  1.3440E+03  8.6474E+00  0.0000E+00  1.0000E+00  0.0000E+00  0.0000E+00  1.0000E+00  5.7000E+01  8.0000E+00  8.6474E+06  8.6474E+00  1.9612E-24  8.6474E+06  8.6474E+00  1.9612E-24  8.6474E+00  8.6474E+06
  1.1900E+02  0.0000E+00  0.0000E+00  1.0000E+00  1.0000E+00  1.2000E+00  0.0000E+00  1.0000E+00  0.0000E+00  0.0000E+00 -2.5000E+00 -3.0000E+05  3.0000E+05  0.0000E+00  0.0000E+00  3.0000E+05  0.0000E+00  0.0000E+00
  1.1900E+02  1.3440E+03  1.1338E+01  0.0000E+00  1.0000E+00  0.0000E+00  0.0000E+00  1.0000E+00  5.7000E+01  8.0000E+00  1.1338E+07  1.1338E+01  1.9612E-24  1.1338E+07  1.1338E+01  1.9612E-24  1.1338E+01  1.1338E+07
  1.2000E+02  0.0000E+00  0.0000E+00  1.0000E+00  1.0000E+00  1.2000E+00  1.0000E+00  1.0000E+00  0.0000E+00  0.0000E+00 -2.5000E+00 -3.0000E+05  3.0000E+05  0.0000E+00  0.0000E+00  3.0000E+05  0.0000E+00  0.0000E+00
  1.2000E+02  1.3440E+03  1.1747E+01  0.0000E+00  1.0000E+00  0.0000E+00  0.0000E+00  1.0000E+00  5.7000E+01  8.0000E+00  1.1747E+07  1.1747E+01  1.9612E-24  1.1747E+07  1.1747E+01  1.9612E-24  1.1747E+01  1.1747E+07
