TABLE NO.  1
 ID          TIME        DV          MDV         CMT         AMT         LEFT        SITE        DAY         WEEK        IWRES       IRES        IPRED       CWRES       DV          PRED        RES         WRES
  1.0000E+00  0.0000E+00  0.0000E+00  1.0000E+00  1.0000E+00  6.0000E-01  0.0000E+00  1.0000E+00  0.0000E+00  0.0000E+00 -2.2160E+00 -1.8995E+04  1.8995E+04  0.0000E+00  0.0000E+00  1.8978E+04  0.0000E+00  0.0000E+00
  1.0000E+00  3.3600E+02  1.3165E+03  0.0000E+00  1.0000E+00  0.0000E+00  1.0000E+00  1.0000E+00  1.5000E+01  2.0000E+00 -1.1409E+00 -1.3972E+03  2.7136E+03 -1.1417E+00  1.3165E+03  2.7159E+03 -1.3994E+03 -1.1406E+00
  2.0000E+00  0.0000E+00  0.0000E+00  1.0000E+00  1.0000E+00  6.0000E-01  1.0000E+00  1.0000E+00  0.0000E+00  0.0000E+00 -2.2160E+00 -1.8990E+04  1.8990E+04  0.0000E+00  0.0000E+00  1.8978E+04  0.0000E+00  0.0000E+00
  2.0000E+00  3.3600E+02  2.3413E+03  0.0000E+00  1.0000E+00  0.0000E+00  1.0000E+00  1.0000E+00  1.5000E+01  2.0000E+00 -3.0449E-01 -3.7297E+02  2.7143E+03 -3.0553E-01  2.3413E+03  2.7159E+03 -3.7458E+02 -3.0529E-01
  3.0000E+00  0.0000E+00  0.0000E+00  1.0000E+00  1.0000E+00  6.0000E-01  0.0000E+00  1.0000E+00  0.0000E+00  0.0000E+00 -2.2160E+00 -1.8796E+04  1.8796E+04  0.0000E+00  0.0000E+00  1.8978E+04  0.0000E+00  0.0000E+00
  3.0000E+00  6.7200E+02  7.7622E+02  0.0000E+00  1.0000E+00  0.0000E+00  1.0000E+00  1.0000E+00  2.9000E+01  4.0000E+00  2.0890E+00  3.7667E+02  3.9955E+02  2.1319E+00  7.7622E+02  3.8868E+02  3.8754E+02  2.1869E+00
  4.0000E+00  0.0000E+00  0.0000E+00  1.0000E+00  1.0000E+00  6.0000E-01  1.0000E+00  1.0000E+00  0.0000E+00  0.0000E+00 -2.2160E+00 -1.8885E+04  1.8885E+04  0.0000E+00  0.0000E+00  1.8978E+04  0.0000E+00  0.0000E+00
  4.0000E+00  6.7200E+02  6.4204E+02  0.0000E+00  1.0000E+00  0.0000E+00  1.0000E+00  1.0000E+00  2.9000E+01  4.0000E+00  1.3934E+00  2.4786E+02  3.9418E+02  1.4124E+00  6.4204E+02  3.8868E+02  2.5336E+02  1.4297E+00
  5.0000E+00  0.0000E+00  0.0000E+00  1.0000E+00  1.0000E+00  6.0000E-01  0.0000E+00  1.0000E+00  0.0000E+00  0.0000E+00 -2.2160E+00 -1.8978E+04  1.8978E+04  0.0000E+00  0.0000E+00  1.8978E+04  0.0000E+00  0.0000E+00
  5.0000E+00  6.7200E+02  0.0000E+00  1.0000E+00  1.0000E+00  0.0000E+00  1.0000E+00  1.0000E+00  2.9000E+01  4.0000E+00 -2.2160E+00 -3.8868E+02  3.8868E+02  0.0000E+00  0.0000E+00  3.8868E+02  0.0000E+00  0.0000E+00
  6.0000E+00  0.0000E+00  0.0000E+00  1.0000E+00  1.0000E+00  6.0000E-01  1.0000E+00  1.0000E+00  0.0000E+00  0.0000E+00 -2.2160E+00 -1.9035E+04  1.9035E+04  0.0000E+00  0.0000E+00  1.8978E+04  0.0000E+00  0.0000E+00
  6.0000E+00  1.0080E+03  4.8956E+01  0.0000E+00  1.0000E+00  0.0000E+00  1.0000E+00  1.0000E+00  4.3000E+01  6.0000E+00 -2.3706E-01 -5.8645E+00  5.4821E+01 -2.6303E-01  4.8956E+01  5.5625E+01 -6.6682E+00 -2.5824E-01
  7.0000E+00  0.0000E+00  0.0000E+00  1.0000E+00  1.0000E+00  6.0000E-01  0.0000E+00  1.0000E+00  0.0000E+00  0.0000E+00 -2.2160E+00 -1.9006E+04  1.9006E+04  0.0000E+00  0.0000E+00  1.8978E+04  0.0000E+00  0.0000E+00
  7.0000E+00  1.0080E+03  5.8206E+01  0.0000E+00  1.0000E+00  0.0000E+00  1.0000E+00  1.0000E+00  4.3000E+01  6.0000E+00  1.1941E-01  2.9762E+00  5.5230E+01  1.0119E-01  5.8206E+01  5.5625E+01  2.5813E+00  9.9966E-02
  8.0000E+00  0.0000E+00  0.0000E+00  1.0000E+00  1.0000E+00  6.0000E-01  1.0000E+00  1.0000E+00  0.0000E+00  0.0000E+00 -2.2160E+00 -1.8845E+04  1.8845E+04  0.0000E+00  0.0000E+00  1.8978E+04  0.0000E+00  0.0000E+00
  8.0000E+00  1.3440E+03  1.2343E+01  0.0000E+00  1.0000E+00  0.0000E+00  1.0000E+00  1.0000E+00  5.7000E+01  8.0000E+00  1.0608E+00  3.9956E+00  8.3469E+00  1.1144E+00  1.2343E+01  7.9605E+00  4.3820E+00  1.1555E+00
  9.0000E+00  0.0000E+00  0.0000E+00  1.0000E+00  1.0000E+00  6.0000E-01  0.0000E+00  1.0000E+00  0.0000E+00  0.0000E+00 -2.2160E+00 -1.8947E+04  1.8947E+04  0.0000E+00  0.0000E+00  1.8978E+04  0.0000E+00  0.0000E+00
  9.0000E+00  1.3440E+03  1.0106E+01  0.0000E+00  1.0000E+00  0.0000E+00  1.0000E+00  1.0000E+00  5.7000E+01  8.0000E+00  5.6626E-01  2.0569E+00  8.0495E+00  5.6472E-01  1.0106E+01  7.9605E+00  2.1459E+00  5.6584E-01
  1.0000E+01  0.0000E+00  0.0000E+00  1.0000E+00  1.0000E+00  6.0000E-01  1.0000E+00  1.0000E+00  0.0000E+00  0.0000E+00 -2.2160E+00 -1.8698E+04  1.8698E+04  0.0000E+00  0.0000E+00  1.8978E+04  0.0000E+00  0.0000E+00
  1.0000E+01  1.3440E+03  1.5274E+01  0.0000E+00  1.0000E+00  0.0000E+00  1.0000E+00  1.0000E+00  5.7000E+01  8.0000E+00  1.6323E+00  6.4786E+00  8.7955E+00  1.7717E+00  1.5274E+01  7.9605E+00  7.3136E+00  1.9285E+00
  1.1000E+01  0.0000E+00  0.0000E+00  1.0000E+00  1.0000E+00  6.0000E-01  0.0000E+00  1.0000E+00  0.0000E+00  0.0000E+00 -2.2160E+00 -1.8984E+04  1.8984E+04  0.0000E+00  0.0000E+00  1.8978E+04  0.0000E+00  0.0000E+00
  1.1000E+01  3.3600E+02  2.7843E+03  0.0000E+00  1.0000E+00  0.0000E+00  0.0000E+00  1.0000E+00  1.5000E+01  2.0000E+00  5.6570E-02  6.9310E+01  2.7150E+03  5.5791E-02  2.7843E+03  2.7159E+03  6.8419E+01  5.5763E-02
  1.2000E+01  0.0000E+00  0.0000E+00  1.0000E+00  1.0000E+00  6.0000E-01  1.0000E+00  1.0000E+00  0.0000E+00  0.0000E+00 -2.2160E+00 -1.8985E+04  1.8985E+04  0.0000E+00  0.0000E+00  1.8978E+04  0.0000E+00  0.0000E+00
  1.2000E+01  3.3600E+02  2.7530E+03  0.0000E+00  1.0000E+00  0.0000E+00  0.0000E+00  1.0000E+00  1.5000E+01  2.0000E+00  3.1051E-02  3.8043E+01  2.7150E+03  3.0247E-02  2.7530E+03  2.7159E+03  3.7092E+01  3.0230E-02
  1.3000E+01  0.0000E+00  0.0000E+00  1.0000E+00  1.0000E+00  6.0000E-01  0.0000E+00  1.0000E+00  0.0000E+00  0.0000E+00 -2.2160E+00 -1.9014E+04  1.9014E+04  0.0000E+00  0.0000E+00  1.8978E+04  0.0000E+00  0.0000E+00
  1.3000E+01  6.7200E+02  3.3365E+02  0.0000E+00  1.0000E+00  0.0000E+00  0.0000E+00  1.0000E+00  2.9000E+01  4.0000E+00 -3.0311E-01 -5.2869E+01  3.8652E+02 -3.1279E-01  3.3365E+02  3.8868E+02 -5.5033E+01 -3.1054E-01
  1.4000E+01  0.0000E+00  0.0000E+00  1.0000E+00  1.0000E+00  6.0000E-01  1.0000E+00  1.0000E+00  0.0000E+00  0.0000E+00 -2.2160E+00 -1.9004E+04  1.9004E+04  0.0000E+00  0.0000E+00  1.8978E+04  0.0000E+00  0.0000E+00
  1.4000E+01  6.7200E+02  3.7741E+02  0.0000E+00  1.0000E+00  0.0000E+00  0.0000E+00  1.0000E+00  2.9000E+01  4.0000E+00 -5.5755E-02 -9.7408E+00  3.8715E+02 -6.3974E-02  3.7741E+02  3.8868E+02 -1.1275E+01 -6.3622E-02
  1.5000E+01  0.0000E+00  0.0000E+00  1.0000E+00  1.0000E+00  6.0000E-01  0.0000E+00  1.0000E+00  0.0000E+00  0.0000E+00 -2.2160E+00 -1.8978E+04  1.8978E+04  0.0000E+00  0.0000E+00  1.8978E+04  0.0000E+00  0.0000E+00
  1.5000E+01  6.7200E+02  0.0000E+00  1.0000E+00  1.0000E+00  0.0000E+00  0.0000E+00  1.0000E+00  2.9000E+01  4.0000E+00 -2.2160E+00 -3.8868E+02  3.8868E+02  0.0000E+00  0.0000E+00  3.8868E+02  0.0000E+00  0.0000E+00
  1.6000E+01  0.0000E+00  0.0000E+00  1.0000E+00  1.0000E+00  6.0000E-01  1.0000E+00  1.0000E+00  0.0000E+00  0.0000E+00 -2.2160E+00 -1.8782E+04  1.8782E+04  0.0000E+00  0.0000E+00  1.8978E+04  0.0000E+00  0.0000E+00
  1.6000E+01  1.0080E+03  1.0095E+02  0.0000E+00  1.0000E+00  0.0000E+00  0.0000E+00  1.0000E+00  4.3000E+01  6.0000E+00  1.6099E+00  4.2477E+01  5.8470E+01  1.6805E+00  1.0095E+02  5.5625E+01  4.5322E+01  1.7552E+00
  1.7000E+01  0.0000E+00  0.0000E+00  1.0000E+00  1.0000E+00  6.0000E-01  0.0000E+00  1.0000E+00  0.0000E+00  0.0000E+00 -2.2160E+00 -1.9017E+04  1.9017E+04  0.0000E+00  0.0000E+00  1.8978E+04  0.0000E+00  0.0000E+00
  1.7000E+01  1.0080E+03  5.4858E+01  0.0000E+00  1.0000E+00  0.0000E+00  0.0000E+00  1.0000E+00  4.3000E+01  6.0000E+00 -8.4327E-03 -2.0955E-01  5.5067E+01 -3.0063E-02  5.4858E+01  5.5625E+01 -7.6711E-01 -2.9707E-02
  1.8000E+01  0.0000E+00  0.0000E+00  1.0000E+00  1.0000E+00  6.0000E-01  1.0000E+00  1.0000E+00  0.0000E+00  0.0000E+00 -2.2160E+00 -1.8980E+04  1.8980E+04  0.0000E+00  0.0000E+00  1.8978E+04  0.0000E+00  0.0000E+00
  1.8000E+01  1.3440E+03  9.2840E+00  0.0000E+00  1.0000E+00  0.0000E+00  0.0000E+00  1.0000E+00  5.7000E+01  8.0000E+00  3.7049E-01  1.3299E+00  7.9541E+00  3.5232E-01  9.2840E+00  7.9605E+00  1.3234E+00  3.4896E-01
  1.9000E+01  0.0000E+00  0.0000E+00  1.0000E+00  1.0000E+00  6.0000E-01  0.0000E+00  1.0000E+00  0.0000E+00  0.0000E+00 -2.2160E+00 -1.8979E+04  1.8979E+04  0.0000E+00  0.0000E+00  1.8978E+04  0.0000E+00  0.0000E+00
  1.9000E+01  1.3440E+03  9.3212E+00  0.0000E+00  1.0000E+00  0.0000E+00  0.0000E+00  1.0000E+00  5.7000E+01  8.0000E+00  3.7953E-01  1.3630E+00  7.9582E+00  3.6206E-01  9.3212E+00  7.9605E+00  1.3607E+00  3.5879E-01
  2.0000E+01  0.0000E+00  0.0000E+00  1.0000E+00  1.0000E+00  6.0000E-01  1.0000E+00  1.0000E+00  0.0000E+00  0.0000E+00 -2.2160E+00 -1.8827E+04  1.8827E+04  0.0000E+00  0.0000E+00  1.8978E+04  0.0000E+00  0.0000E+00
  2.0000E+01  1.3440E+03  1.2715E+01  0.0000E+00  1.0000E+00  0.0000E+00  0.0000E+00  1.0000E+00  5.7000E+01  8.0000E+00  1.1379E+00  4.3138E+00  8.4008E+00  1.2018E+00  1.2715E+01  7.9605E+00  4.7540E+00  1.2535E+00
  1.0100E+02  0.0000E+00  0.0000E+00  1.0000E+00  1.0000E+00  1.2000E+00  0.0000E+00  1.0000E+00  0.0000E+00  0.0000E+00 -2.2160E+00 -3.7979E+04  3.7979E+04  0.0000E+00  0.0000E+00  3.7955E+04  0.0000E+00  0.0000E+00
  1.0100E+02  3.3600E+02  6.6540E+02  0.0000E+00  1.0000E+00  0.0000E+00  1.0000E+00  1.0000E+00  1.5000E+01  2.0000E+00 -1.9444E+00 -4.7633E+03  5.4287E+03 -1.9439E+00  6.6540E+02  5.4319E+03 -4.7665E+03 -1.9424E+00
  1.0200E+02  0.0000E+00  0.0000E+00  1.0000E+00  1.0000E+00  1.2000E+00  1.0000E+00  1.0000E+00  0.0000E+00  0.0000E+00 -2.2160E+00 -3.7937E+04  3.7937E+04  0.0000E+00  0.0000E+00  3.7955E+04  0.0000E+00  0.0000E+00
  1.0200E+02  3.3600E+02  7.2565E+03  0.0000E+00  1.0000E+00  0.0000E+00  1.0000E+00  1.0000E+00  1.5000E+01  2.0000E+00  7.4303E-01  1.8221E+03  5.4343E+03  7.4334E-01  7.2565E+03  5.4319E+03  1.8246E+03  7.4354E-01
  1.0300E+02  0.0000E+00  0.0000E+00  1.0000E+00  1.0000E+00  1.2000E+00  0.0000E+00  1.0000E+00  0.0000E+00  0.0000E+00 -2.2160E+00 -3.8055E+04  3.8055E+04  0.0000E+00  0.0000E+00  3.7955E+04  0.0000E+00  0.0000E+00
  1.0300E+02  6.7200E+02  4.9328E+02  0.0000E+00  1.0000E+00  0.0000E+00  1.0000E+00  1.0000E+00  2.9000E+01  4.0000E+00 -7.9917E-01 -2.7824E+02  7.7152E+02 -8.0890E-01  4.9328E+02  7.7736E+02 -2.8408E+02 -8.0152E-01
  1.0400E+02  0.0000E+00  0.0000E+00  1.0000E+00  1.0000E+00  1.2000E+00  1.0000E+00  1.0000E+00  0.0000E+00  0.0000E+00 -2.2160E+00 -3.7942E+04  3.7942E+04  0.0000E+00  0.0000E+00  3.7955E+04  0.0000E+00  0.0000E+00
  1.0400E+02  6.7200E+02  9.4698E+02  0.0000E+00  1.0000E+00  0.0000E+00  1.0000E+00  1.0000E+00  2.9000E+01  4.0000E+00  4.8072E-01  1.6881E+02  7.7817E+02  4.7891E-01  9.4698E+02  7.7736E+02  1.6962E+02  4.7858E-01
  1.0500E+02  0.0000E+00  0.0000E+00  1.0000E+00  1.0000E+00  1.2000E+00  0.0000E+00  1.0000E+00  0.0000E+00  0.0000E+00 -2.2160E+00 -3.7947E+04  3.7947E+04  0.0000E+00  0.0000E+00  3.7955E+04  0.0000E+00  0.0000E+00
  1.0500E+02  6.7200E+02  9.3480E+02  0.0000E+00  1.0000E+00  0.0000E+00  1.0000E+00  1.0000E+00  2.9000E+01  4.0000E+00  4.4703E-01  1.5692E+02  7.7788E+02  4.4469E-01  9.3480E+02  7.7736E+02  1.5744E+02  4.4422E-01
  1.0600E+02  0.0000E+00  0.0000E+00  1.0000E+00  1.0000E+00  1.2000E+00  1.0000E+00  1.0000E+00  0.0000E+00  0.0000E+00 -2.2160E+00 -3.8066E+04  3.8066E+04  0.0000E+00  0.0000E+00  3.7955E+04  0.0000E+00  0.0000E+00
  1.0600E+02  1.0080E+03  9.9372E+01  0.0000E+00  1.0000E+00  0.0000E+00  1.0000E+00  1.0000E+00  4.3000E+01  6.0000E+00 -2.0858E-01 -1.0325E+01  1.0970E+02 -2.3413E-01  9.9372E+01  1.1125E+02 -1.1877E+01 -2.2999E-01
  1.0700E+02  0.0000E+00  0.0000E+00  1.0000E+00  1.0000E+00  1.2000E+00  0.0000E+00  1.0000E+00  0.0000E+00  0.0000E+00 -2.2160E+00 -3.8111E+04  3.8111E+04  0.0000E+00  0.0000E+00  3.7955E+04  0.0000E+00  0.0000E+00
  1.0700E+02  1.0080E+03  7.8286E+01  0.0000E+00  1.0000E+00  0.0000E+00  1.0000E+00  1.0000E+00  4.3000E+01  6.0000E+00 -6.2542E-01 -3.0783E+01  1.0907E+02 -6.5363E-01  7.8286E+01  1.1125E+02 -3.2964E+01 -6.3828E-01
  1.0800E+02  0.0000E+00  0.0000E+00  1.0000E+00  1.0000E+00  1.2000E+00  1.0000E+00  1.0000E+00  0.0000E+00  0.0000E+00 -2.2160E+00 -3.8174E+04  3.8174E+04  0.0000E+00  0.0000E+00  3.7955E+04  0.0000E+00  0.0000E+00
  1.0800E+02  1.3440E+03  1.0964E+01  0.0000E+00  1.0000E+00  0.0000E+00  1.0000E+00  1.0000E+00  5.7000E+01  8.0000E+00 -6.2904E-01 -4.3461E+00  1.5311E+01 -6.8378E-01  1.0964E+01  1.5921E+01 -4.9567E+00 -6.5349E-01
  1.0900E+02  0.0000E+00  0.0000E+00  1.0000E+00  1.0000E+00  1.2000E+00  0.0000E+00  1.0000E+00  0.0000E+00  0.0000E+00 -2.2160E+00 -3.8190E+04  3.8190E+04  0.0000E+00  0.0000E+00  3.7955E+04  0.0000E+00  0.0000E+00
  1.0900E+02  1.3440E+03  9.6205E+00  0.0000E+00  1.0000E+00  0.0000E+00  1.0000E+00  1.0000E+00  5.7000E+01  8.0000E+00 -8.1952E-01 -5.6458E+00  1.5266E+01 -8.7181E-01  9.6205E+00  1.5921E+01 -6.3005E+00 -8.3067E-01
  1.1000E+02  0.0000E+00  0.0000E+00  1.0000E+00  1.0000E+00  1.2000E+00  1.0000E+00  1.0000E+00  0.0000E+00  0.0000E+00 -2.2160E+00 -3.8115E+04  3.8115E+04  0.0000E+00  0.0000E+00  3.7955E+04  0.0000E+00  0.0000E+00
  1.1000E+02  1.3440E+03  1.3866E+01  0.0000E+00  1.0000E+00  0.0000E+00  1.0000E+00  1.0000E+00  5.7000E+01  8.0000E+00 -2.3037E-01 -1.6087E+00  1.5475E+01 -2.8040E-01  1.3866E+01  1.5921E+01 -2.0552E+00 -2.7096E-01
  1.1100E+02  0.0000E+00  0.0000E+00  1.0000E+00  1.0000E+00  1.2000E+00  0.0000E+00  1.0000E+00  0.0000E+00  0.0000E+00 -2.2160E+00 -3.7973E+04  3.7973E+04  0.0000E+00  0.0000E+00  3.7955E+04  0.0000E+00  0.0000E+00
  1.1100E+02  3.3600E+02  1.8397E+02  0.0000E+00  1.0000E+00  0.0000E+00  0.0000E+00  1.0000E+00  1.5000E+01  2.0000E+00 -2.1409E+00 -5.2455E+03  5.4295E+03 -2.1399E+00  1.8397E+02  5.4319E+03 -5.2479E+03 -2.1386E+00
  1.1200E+02  0.0000E+00  0.0000E+00  1.0000E+00  1.0000E+00  1.2000E+00  1.0000E+00  1.0000E+00  0.0000E+00  0.0000E+00 -2.2160E+00 -3.7954E+04  3.7954E+04  0.0000E+00  0.0000E+00  3.7955E+04  0.0000E+00  0.0000E+00
  1.1200E+02  3.3600E+02  6.4709E+03  0.0000E+00  1.0000E+00  0.0000E+00  0.0000E+00  1.0000E+00  1.5000E+01  2.0000E+00  4.2377E-01  1.0388E+03  5.4321E+03  4.2348E-01  6.4709E+03  5.4319E+03  1.0390E+03  4.2342E-01
  1.1300E+02  0.0000E+00  0.0000E+00  1.0000E+00  1.0000E+00  1.2000E+00  0.0000E+00  1.0000E+00  0.0000E+00  0.0000E+00 -2.2160E+00 -3.8059E+04  3.8059E+04  0.0000E+00  0.0000E+00  3.7955E+04  0.0000E+00  0.0000E+00
  1.1300E+02  6.7200E+02  3.8098E+02  0.0000E+00  1.0000E+00  0.0000E+00  0.0000E+00  1.0000E+00  2.9000E+01  4.0000E+00 -1.1214E+00 -3.9028E+02  7.7126E+02 -1.1291E+00  3.8098E+02  7.7736E+02 -3.9638E+02 -1.1184E+00
  1.1400E+02  0.0000E+00  0.0000E+00  1.0000E+00  1.0000E+00  1.2000E+00  1.0000E+00  1.0000E+00  0.0000E+00  0.0000E+00 -2.2160E+00 -3.7638E+04  3.7638E+04  0.0000E+00  0.0000E+00  3.7955E+04  0.0000E+00  0.0000E+00
  1.1400E+02  6.7200E+02  1.4873E+03  0.0000E+00  1.0000E+00  0.0000E+00  0.0000E+00  1.0000E+00  2.9000E+01  4.0000E+00  1.9229E+00  6.9097E+02  7.9631E+02  1.9594E+00  1.4873E+03  7.7736E+02  7.0992E+02  2.0030E+00
  1.1500E+02  0.0000E+00  0.0000E+00  1.0000E+00  1.0000E+00  1.2000E+00  0.0000E+00  1.0000E+00  0.0000E+00  0.0000E+00 -2.2160E+00 -3.7911E+04  3.7911E+04  0.0000E+00  0.0000E+00  3.7955E+04  0.0000E+00  0.0000E+00
  1.1500E+02  6.7200E+02  1.0185E+03  0.0000E+00  1.0000E+00  0.0000E+00  0.0000E+00  1.0000E+00  2.9000E+01  4.0000E+00  6.7761E-01  2.3851E+02  7.7999E+02  6.7925E-01  1.0185E+03  7.7736E+02  2.4113E+02  6.8034E-01
  1.1600E+02  0.0000E+00  0.0000E+00  1.0000E+00  1.0000E+00  1.2000E+00  1.0000E+00  1.0000E+00  0.0000E+00  0.0000E+00 -2.2160E+00 -3.8122E+04  3.8122E+04  0.0000E+00  0.0000E+00  3.7955E+04  0.0000E+00  0.0000E+00
  1.1600E+02  1.0080E+03  6.9541E+01  0.0000E+00  1.0000E+00  0.0000E+00  0.0000E+00  1.0000E+00  4.3000E+01  6.0000E+00 -8.0112E-01 -3.9376E+01  1.0892E+02 -8.2819E-01  6.9541E+01  1.1125E+02 -4.1708E+01 -8.0760E-01
  1.1700E+02  0.0000E+00  0.0000E+00  1.0000E+00  1.0000E+00  1.2000E+00  0.0000E+00  1.0000E+00  0.0000E+00  0.0000E+00 -2.2160E+00 -3.8128E+04  3.8128E+04  0.0000E+00  0.0000E+00  3.7955E+04  0.0000E+00  0.0000E+00
  1.1700E+02  1.0080E+03  5.9511E+01  0.0000E+00  1.0000E+00  0.0000E+00  0.0000E+00  1.0000E+00  4.3000E+01  6.0000E+00 -1.0042E+00 -4.9316E+01  1.0883E+02 -1.0283E+00  5.9511E+01  1.1125E+02 -5.1739E+01 -1.0018E+00
  1.1800E+02  0.0000E+00  0.0000E+00  1.0000E+00  1.0000E+00  1.2000E+00  1.0000E+00  1.0000E+00  0.0000E+00  0.0000E+00 -2.2160E+00 -3.8197E+04  3.8197E+04  0.0000E+00  0.0000E+00  3.7955E+04  0.0000E+00  0.0000E+00
  1.1800E+02  1.3440E+03  8.6474E+00  0.0000E+00  1.0000E+00  0.0000E+00  0.0000E+00  1.0000E+00  5.7000E+01  8.0000E+00 -9.5926E-01 -6.6005E+00  1.5248E+01 -1.0078E+00  8.6474E+00  1.5921E+01 -7.2737E+00 -9.5897E-01
  1.1900E+02  0.0000E+00  0.0000E+00  1.0000E+00  1.0000E+00  1.2000E+00  0.0000E+00  1.0000E+00  0.0000E+00  0.0000E+00 -2.2160E+00 -3.8168E+04  3.8168E+04  0.0000E+00  0.0000E+00  3.7955E+04  0.0000E+00  0.0000E+00
  1.1900E+02  1.3440E+03  1.1338E+01  0.0000E+00  1.0000E+00  0.0000E+00  0.0000E+00  1.0000E+00  5.7000E+01  8.0000E+00 -5.7675E-01 -3.9890E+00  1.5327E+01 -6.3162E-01  1.1338E+01  1.5921E+01 -4.5836E+00 -6.0430E-01
  1.2000E+02  0.0000E+00  0.0000E+00  1.0000E+00  1.0000E+00  1.2000E+00  1.0000E+00  1.0000E+00  0.0000E+00  0.0000E+00 -2.2160E+00 -3.8161E+04  3.8161E+04  0.0000E+00  0.0000E+00  3.7955E+04  0.0000E+00  0.0000E+00
  1.2000E+02  1.3440E+03  1.1747E+01  0.0000E+00  1.0000E+00  0.0000E+00  0.0000E+00  1.0000E+00  5.7000E+01  8.0000E+00 -5.1966E-01 -3.5987E+00  1.5346E+01 -5.7442E-01  1.1747E+01  1.5921E+01 -4.1739E+00 -5.5029E-01
