   1    0             1 1 0.6 0 2  0 0 1
   1  336 42240.35849 0 1     1 2 15 2 0
   2    0             1 1 0.6 0 2  0 0 1
   2  336 75106.87709 0 1     1 2 15 2 0
   3    0             1 1 0.6 0 2  0 0 1
   3  672 12154.53797 0 1     1 2 29 4 0
   4    0             1 1 0.6 0 2  0 0 1
   4  672 8792.259713 0 1     1 2 29 4 0
   5    0             1 1 0.6 0 2  0 0 1
   5  672             1 1     1 2 29 4 2
   6    0             1 1 0.6 0 2  0 0 1
   6 1008 851.2623874 0 1     1 2 43 6 0
   7    0             1 1 0.6 0 2  0 0 1
   7 1008 2700.214311 0 1     1 2 43 6 0
   8    0             1 1 0.6 0 2  0 0 1
   8 1344 18.11363264 0 1     1 2 57 8 0
   9    0             1 1 0.6 0 2  0 0 1
   9 1344 83.83429213 0 1     1 2 57 8 0
  10    0             1 1 0.6 0 2  0 0 1
  10 1344 139.3757433 0 1     1 2 57 8 0
  11    0             1 1 0.6 1 2  0 0 1
  11  336 89013.32901 0 1     0 2 15 2 0
  12    0             1 1 0.6 1 2  0 0 1
  12  336  54966.5089 0 1     0 2 15 2 0
  13    0             1 1 0.6 1 2  0 0 1
  13  672  7560.62633 0 1     0 2 29 4 0
  14    0             1 1 0.6 1 2  0 0 1
  14  672 5880.515364 0 1     0 2 29 4 0
  15    0             1 1 0.6 1 2  0 0 1
  15  672 1613.135133 0 1     0 2 29 4 0
  16    0             1 1 0.6 1 2  0 0 1
  16 1008 1873.966939 0 1     0 2 43 6 0
  17    0             1 1 0.6 1 2  0 0 1
  17 1008  2061.63863 0 1     0 2 43 6 0
  18    0             1 1 0.6 1 2  0 0 1
  18 1344 89.04319564 0 1     0 2 57 8 0
  19    0             1 1 0.6 1 2  0 0 1
  19 1344 91.73521787 0 1     0 2 57 8 0
  20    0             1 1 0.6 1 2  0 0 1
  20 1344 144.2870591 0 1     0 2 57 8 0
 101    0             1 1 1.2 0 2  0 0 1
 101  336 135943.1722 0 1     1 2 15 2 0
 102    0             1 1 1.2 0 2  0 0 1
 102  336  102463.794 0 1     1 2 15 2 0
 103    0             1 1 1.2 0 2  0 0 1
 103  672 14700.65672 0 1     1 2 29 4 0
 104    0             1 1 1.2 0 2  0 0 1
 104  672 16893.97982 0 1     1 2 29 4 0
 105    0             1 1 1.2 0 2  0 0 1
 105  672 14890.90579 0 1     1 2 29 4 0
 106    0             1 1 1.2 0 2  0 0 1
 106 1008 1031.359912 0 1     1 2 43 6 0
 107    0             1 1 1.2 0 2  0 0 1
 107 1008 1702.972349 0 1     1 2 43 6 0
 108    0             1 1 1.2 0 2  0 0 1
 108 1344 96.05774768 0 1     1 2 57 8 0
 109    0             1 1 1.2 0 2  0 0 1
 109 1344 91.25822326 0 1     1 2 57 8 0
 110    0             1 1 1.2 0 2  0 0 1
 110 1344 177.7286909 0 1     1 2 57 8 0
 111    0             1 1 1.2 1 2  0 0 1
 111  336 166469.6904 0 1     0 2 15 2 0
 112    0             1 1 1.2 1 2  0 0 1
 112  336  184619.229 0 1     0 2 15 2 0
 113    0             1 1 1.2 1 2  0 0 1
 113  672  8860.19238 0 1     0 2 29 4 0
 114    0             1 1 1.2 1 2  0 0 1
 114  672 18939.44565 0 1     0 2 29 4 0
 115    0             1 1 1.2 1 2  0 0 1
 115  672 12609.26092 0 1     0 2 29 4 0
 116    0             1 1 1.2 1 2  0 0 1
 116 1008 970.1947493 0 1     0 2 43 6 0
 117    0             1 1 1.2 1 2  0 0 1
 117 1008  980.567674 0 1     0 2 43 6 0
 118    0             1 1 1.2 1 2  0 0 1
 118 1344 81.59633557 0 1     0 2 57 8 0
 119    0             1 1 1.2 1 2  0 0 1
 119 1344 139.8584286 0 1     0 2 57 8 0
 120    0             1 1 1.2 1 2  0 0 1
 120 1344 143.8614329 0 1     0 2 57 8 0
