TABLE NO.  2
 ID          CL          V1          V2          Q           ETA1        ETA2        ETA3        ETA4
  1.0000E+00  4.6404E-06  2.8079E-04  2.4329E-04  3.3625E-06  0.0000E+00  0.0000E+00  0.0000E+00  0.0000E+00
  1.0000E+00  4.6404E-06  2.8079E-04  2.4329E-04  3.3625E-06  0.0000E+00  0.0000E+00  0.0000E+00  0.0000E+00
  2.0000E+00  4.6404E-06  2.8079E-04  2.4329E-04  3.3625E-06  0.0000E+00  0.0000E+00  0.0000E+00  0.0000E+00
  2.0000E+00  4.6404E-06  2.8079E-04  2.4329E-04  3.3625E-06  0.0000E+00  0.0000E+00  0.0000E+00  0.0000E+00
  3.0000E+00  4.6404E-06  2.8079E-04  2.4329E-04  3.3625E-06  0.0000E+00  0.0000E+00  0.0000E+00  0.0000E+00
  3.0000E+00  4.6404E-06  2.8079E-04  2.4329E-04  3.3625E-06  0.0000E+00  0.0000E+00  0.0000E+00  0.0000E+00
  4.0000E+00  4.6404E-06  2.8079E-04  2.4329E-04  3.3625E-06  0.0000E+00  0.0000E+00  0.0000E+00  0.0000E+00
  4.0000E+00  4.6404E-06  2.8079E-04  2.4329E-04  3.3625E-06  0.0000E+00  0.0000E+00  0.0000E+00  0.0000E+00
  5.0000E+00  4.6404E-06  2.8079E-04  2.4329E-04  3.3625E-06  0.0000E+00  0.0000E+00  0.0000E+00  0.0000E+00
  5.0000E+00  4.6404E-06  2.8079E-04  2.4329E-04  3.3625E-06  0.0000E+00  0.0000E+00  0.0000E+00  0.0000E+00
  6.0000E+00  4.6404E-06  2.8079E-04  2.4329E-04  3.3625E-06  0.0000E+00  0.0000E+00  0.0000E+00  0.0000E+00
  6.0000E+00  4.6404E-06  2.8079E-04  2.4329E-04  3.3625E-06  0.0000E+00  0.0000E+00  0.0000E+00  0.0000E+00
  7.0000E+00  4.6404E-06  2.8079E-04  2.4329E-04  3.3625E-06  0.0000E+00  0.0000E+00  0.0000E+00  0.0000E+00
  7.0000E+00  4.6404E-06  2.8079E-04  2.4329E-04  3.3625E-06  0.0000E+00  0.0000E+00  0.0000E+00  0.0000E+00
  8.0000E+00  4.6404E-06  2.8079E-04  2.4329E-04  3.3625E-06  0.0000E+00  0.0000E+00  0.0000E+00  0.0000E+00
  8.0000E+00  4.6404E-06  2.8079E-04  2.4329E-04  3.3625E-06  0.0000E+00  0.0000E+00  0.0000E+00  0.0000E+00
  9.0000E+00  4.6404E-06  2.8079E-04  2.4329E-04  3.3625E-06  0.0000E+00  0.0000E+00  0.0000E+00  0.0000E+00
  9.0000E+00  4.6404E-06  2.8079E-04  2.4329E-04  3.3625E-06  0.0000E+00  0.0000E+00  0.0000E+00  0.0000E+00
  1.0000E+01  4.6404E-06  2.8079E-04  2.4329E-04  3.3625E-06  0.0000E+00  0.0000E+00  0.0000E+00  0.0000E+00
  1.0000E+01  4.6404E-06  2.8079E-04  2.4329E-04  3.3625E-06  0.0000E+00  0.0000E+00  0.0000E+00  0.0000E+00
  1.1000E+01  4.6404E-06  2.8079E-04  2.4329E-04  3.3625E-06  0.0000E+00  0.0000E+00  0.0000E+00  0.0000E+00
  1.1000E+01  4.6404E-06  2.8079E-04  2.4329E-04  3.3625E-06  0.0000E+00  0.0000E+00  0.0000E+00  0.0000E+00
  1.2000E+01  4.6404E-06  2.8079E-04  2.4329E-04  3.3625E-06  0.0000E+00  0.0000E+00  0.0000E+00  0.0000E+00
  1.2000E+01  4.6404E-06  2.8079E-04  2.4329E-04  3.3625E-06  0.0000E+00  0.0000E+00  0.0000E+00  0.0000E+00
  1.3000E+01  4.6404E-06  2.8079E-04  2.4329E-04  3.3625E-06  0.0000E+00  0.0000E+00  0.0000E+00  0.0000E+00
  1.3000E+01  4.6404E-06  2.8079E-04  2.4329E-04  3.3625E-06  0.0000E+00  0.0000E+00  0.0000E+00  0.0000E+00
  1.4000E+01  4.6404E-06  2.8079E-04  2.4329E-04  3.3625E-06  0.0000E+00  0.0000E+00  0.0000E+00  0.0000E+00
  1.4000E+01  4.6404E-06  2.8079E-04  2.4329E-04  3.3625E-06  0.0000E+00  0.0000E+00  0.0000E+00  0.0000E+00
  1.5000E+01  4.6404E-06  2.8079E-04  2.4329E-04  3.3625E-06  0.0000E+00  0.0000E+00  0.0000E+00  0.0000E+00
  1.5000E+01  4.6404E-06  2.8079E-04  2.4329E-04  3.3625E-06  0.0000E+00  0.0000E+00  0.0000E+00  0.0000E+00
  1.6000E+01  4.6404E-06  2.8079E-04  2.4329E-04  3.3625E-06  0.0000E+00  0.0000E+00  0.0000E+00  0.0000E+00
  1.6000E+01  4.6404E-06  2.8079E-04  2.4329E-04  3.3625E-06  0.0000E+00  0.0000E+00  0.0000E+00  0.0000E+00
  1.7000E+01  4.6404E-06  2.8079E-04  2.4329E-04  3.3625E-06  0.0000E+00  0.0000E+00  0.0000E+00  0.0000E+00
  1.7000E+01  4.6404E-06  2.8079E-04  2.4329E-04  3.3625E-06  0.0000E+00  0.0000E+00  0.0000E+00  0.0000E+00
  1.8000E+01  4.6404E-06  2.8079E-04  2.4329E-04  3.3625E-06  0.0000E+00  0.0000E+00  0.0000E+00  0.0000E+00
  1.8000E+01  4.6404E-06  2.8079E-04  2.4329E-04  3.3625E-06  0.0000E+00  0.0000E+00  0.0000E+00  0.0000E+00
  1.9000E+01  4.6404E-06  2.8079E-04  2.4329E-04  3.3625E-06  0.0000E+00  0.0000E+00  0.0000E+00  0.0000E+00
  1.9000E+01  4.6404E-06  2.8079E-04  2.4329E-04  3.3625E-06  0.0000E+00  0.0000E+00  0.0000E+00  0.0000E+00
  2.0000E+01  4.6404E-06  2.8079E-04  2.4329E-04  3.3625E-06  0.0000E+00  0.0000E+00  0.0000E+00  0.0000E+00
  2.0000E+01  4.6404E-06  2.8079E-04  2.4329E-04  3.3625E-06  0.0000E+00  0.0000E+00  0.0000E+00  0.0000E+00
  1.0100E+02  4.6404E-06  2.8079E-04  2.4329E-04  3.3625E-06  0.0000E+00  0.0000E+00  0.0000E+00  0.0000E+00
  1.0100E+02  4.6404E-06  2.8079E-04  2.4329E-04  3.3625E-06  0.0000E+00  0.0000E+00  0.0000E+00  0.0000E+00
  1.0200E+02  4.6404E-06  2.8079E-04  2.4329E-04  3.3625E-06  0.0000E+00  0.0000E+00  0.0000E+00  0.0000E+00
  1.0200E+02  4.6404E-06  2.8079E-04  2.4329E-04  3.3625E-06  0.0000E+00  0.0000E+00  0.0000E+00  0.0000E+00
  1.0300E+02  4.6404E-06  2.8079E-04  2.4329E-04  3.3625E-06  0.0000E+00  0.0000E+00  0.0000E+00  0.0000E+00
  1.0300E+02  4.6404E-06  2.8079E-04  2.4329E-04  3.3625E-06  0.0000E+00  0.0000E+00  0.0000E+00  0.0000E+00
  1.0400E+02  4.6404E-06  2.8079E-04  2.4329E-04  3.3625E-06  0.0000E+00  0.0000E+00  0.0000E+00  0.0000E+00
  1.0400E+02  4.6404E-06  2.8079E-04  2.4329E-04  3.3625E-06  0.0000E+00  0.0000E+00  0.0000E+00  0.0000E+00
  1.0500E+02  4.6404E-06  2.8079E-04  2.4329E-04  3.3625E-06  0.0000E+00  0.0000E+00  0.0000E+00  0.0000E+00
  1.0500E+02  4.6404E-06  2.8079E-04  2.4329E-04  3.3625E-06  0.0000E+00  0.0000E+00  0.0000E+00  0.0000E+00
  1.0600E+02  4.6404E-06  2.8079E-04  2.4329E-04  3.3625E-06  0.0000E+00  0.0000E+00  0.0000E+00  0.0000E+00
  1.0600E+02  4.6404E-06  2.8079E-04  2.4329E-04  3.3625E-06  0.0000E+00  0.0000E+00  0.0000E+00  0.0000E+00
  1.0700E+02  4.6404E-06  2.8079E-04  2.4329E-04  3.3625E-06  0.0000E+00  0.0000E+00  0.0000E+00  0.0000E+00
  1.0700E+02  4.6404E-06  2.8079E-04  2.4329E-04  3.3625E-06  0.0000E+00  0.0000E+00  0.0000E+00  0.0000E+00
  1.0800E+02  4.6404E-06  2.8079E-04  2.4329E-04  3.3625E-06  0.0000E+00  0.0000E+00  0.0000E+00  0.0000E+00
  1.0800E+02  4.6404E-06  2.8079E-04  2.4329E-04  3.3625E-06  0.0000E+00  0.0000E+00  0.0000E+00  0.0000E+00
  1.0900E+02  4.6404E-06  2.8079E-04  2.4329E-04  3.3625E-06  0.0000E+00  0.0000E+00  0.0000E+00  0.0000E+00
  1.0900E+02  4.6404E-06  2.8079E-04  2.4329E-04  3.3625E-06  0.0000E+00  0.0000E+00  0.0000E+00  0.0000E+00
  1.1000E+02  4.6404E-06  2.8079E-04  2.4329E-04  3.3625E-06  0.0000E+00  0.0000E+00  0.0000E+00  0.0000E+00
  1.1000E+02  4.6404E-06  2.8079E-04  2.4329E-04  3.3625E-06  0.0000E+00  0.0000E+00  0.0000E+00  0.0000E+00
  1.1100E+02  4.6404E-06  2.8079E-04  2.4329E-04  3.3625E-06  0.0000E+00  0.0000E+00  0.0000E+00  0.0000E+00
  1.1100E+02  4.6404E-06  2.8079E-04  2.4329E-04  3.3625E-06  0.0000E+00  0.0000E+00  0.0000E+00  0.0000E+00
  1.1200E+02  4.6404E-06  2.8079E-04  2.4329E-04  3.3625E-06  0.0000E+00  0.0000E+00  0.0000E+00  0.0000E+00
  1.1200E+02  4.6404E-06  2.8079E-04  2.4329E-04  3.3625E-06  0.0000E+00  0.0000E+00  0.0000E+00  0.0000E+00
  1.1300E+02  4.6404E-06  2.8079E-04  2.4329E-04  3.3625E-06  0.0000E+00  0.0000E+00  0.0000E+00  0.0000E+00
  1.1300E+02  4.6404E-06  2.8079E-04  2.4329E-04  3.3625E-06  0.0000E+00  0.0000E+00  0.0000E+00  0.0000E+00
  1.1400E+02  4.6404E-06  2.8079E-04  2.4329E-04  3.3625E-06  0.0000E+00  0.0000E+00  0.0000E+00  0.0000E+00
  1.1400E+02  4.6404E-06  2.8079E-04  2.4329E-04  3.3625E-06  0.0000E+00  0.0000E+00  0.0000E+00  0.0000E+00
  1.1500E+02  4.6404E-06  2.8079E-04  2.4329E-04  3.3625E-06  0.0000E+00  0.0000E+00  0.0000E+00  0.0000E+00
  1.1500E+02  4.6404E-06  2.8079E-04  2.4329E-04  3.3625E-06  0.0000E+00  0.0000E+00  0.0000E+00  0.0000E+00
  1.1600E+02  4.6404E-06  2.8079E-04  2.4329E-04  3.3625E-06  0.0000E+00  0.0000E+00  0.0000E+00  0.0000E+00
  1.1600E+02  4.6404E-06  2.8079E-04  2.4329E-04  3.3625E-06  0.0000E+00  0.0000E+00  0.0000E+00  0.0000E+00
  1.1700E+02  4.6404E-06  2.8079E-04  2.4329E-04  3.3625E-06  0.0000E+00  0.0000E+00  0.0000E+00  0.0000E+00
  1.1700E+02  4.6404E-06  2.8079E-04  2.4329E-04  3.3625E-06  0.0000E+00  0.0000E+00  0.0000E+00  0.0000E+00
  1.1800E+02  4.6404E-06  2.8079E-04  2.4329E-04  3.3625E-06  0.0000E+00  0.0000E+00  0.0000E+00  0.0000E+00
  1.1800E+02  4.6404E-06  2.8079E-04  2.4329E-04  3.3625E-06  0.0000E+00  0.0000E+00  0.0000E+00  0.0000E+00
  1.1900E+02  4.6404E-06  2.8079E-04  2.4329E-04  3.3625E-06  0.0000E+00  0.0000E+00  0.0000E+00  0.0000E+00
  1.1900E+02  4.6404E-06  2.8079E-04  2.4329E-04  3.3625E-06  0.0000E+00  0.0000E+00  0.0000E+00  0.0000E+00
  1.2000E+02  4.6404E-06  2.8079E-04  2.4329E-04  3.3625E-06  0.0000E+00  0.0000E+00  0.0000E+00  0.0000E+00
  1.2000E+02  4.6404E-06  2.8079E-04  2.4329E-04  3.3625E-06  0.0000E+00  0.0000E+00  0.0000E+00  0.0000E+00
