TABLE NO.  2
 ID          CL          V1          V2          Q           ETA1        ETA2        ETA3        ETA4
  1.0000E+00  5.0689E-07  1.0997E-05  4.3049E-06  2.9156E-08  3.9795E-06  0.0000E+00  0.0000E+00  0.0000E+00
  1.0000E+00  5.0689E-07  1.0997E-05  4.3049E-06  2.9156E-08  3.9795E-06  0.0000E+00  0.0000E+00  0.0000E+00
  2.0000E+00  5.0689E-07  1.0997E-05  4.3049E-06  2.9156E-08  7.3251E-07  0.0000E+00  0.0000E+00  0.0000E+00
  2.0000E+00  5.0689E-07  1.0997E-05  4.3049E-06  2.9156E-08  7.3251E-07  0.0000E+00  0.0000E+00  0.0000E+00
  3.0000E+00  5.0688E-07  1.0997E-05  4.3049E-06  2.9156E-08 -5.3964E-06  0.0000E+00  0.0000E+00  0.0000E+00
  3.0000E+00  5.0688E-07  1.0997E-05  4.3049E-06  2.9156E-08 -5.3964E-06  0.0000E+00  0.0000E+00  0.0000E+00
  4.0000E+00  5.0689E-07  1.0997E-05  4.3049E-06  2.9156E-08  9.2794E-07  0.0000E+00  0.0000E+00  0.0000E+00
  4.0000E+00  5.0689E-07  1.0997E-05  4.3049E-06  2.9156E-08  9.2794E-07  0.0000E+00  0.0000E+00  0.0000E+00
  5.0000E+00  5.0689E-07  1.0997E-05  4.3049E-06  2.9156E-08  0.0000E+00  0.0000E+00  0.0000E+00  0.0000E+00
  5.0000E+00  5.0689E-07  1.0997E-05  4.3049E-06  2.9156E-08  0.0000E+00  0.0000E+00  0.0000E+00  0.0000E+00
  6.0000E+00  5.0689E-07  1.0997E-05  4.3049E-06  2.9156E-08  3.0035E-06  0.0000E+00  0.0000E+00  0.0000E+00
  6.0000E+00  5.0689E-07  1.0997E-05  4.3049E-06  2.9156E-08  3.0035E-06  0.0000E+00  0.0000E+00  0.0000E+00
  7.0000E+00  5.0686E-07  1.0997E-05  4.3049E-06  2.9156E-08 -4.9280E-05  0.0000E+00  0.0000E+00  0.0000E+00
  7.0000E+00  5.0686E-07  1.0997E-05  4.3049E-06  2.9156E-08 -4.9280E-05  0.0000E+00  0.0000E+00  0.0000E+00
  8.0000E+00  5.0689E-07  1.0997E-05  4.3049E-06  2.9156E-08  4.0281E-06  0.0000E+00  0.0000E+00  0.0000E+00
  8.0000E+00  5.0689E-07  1.0997E-05  4.3049E-06  2.9156E-08  4.0281E-06  0.0000E+00  0.0000E+00  0.0000E+00
  9.0000E+00  5.0689E-07  1.0997E-05  4.3049E-06  2.9156E-08  4.2533E-06  0.0000E+00  0.0000E+00  0.0000E+00
  9.0000E+00  5.0689E-07  1.0997E-05  4.3049E-06  2.9156E-08  4.2533E-06  0.0000E+00  0.0000E+00  0.0000E+00
  1.0000E+01  5.0689E-07  1.0997E-05  4.3049E-06  2.9156E-08 -9.7401E-07  0.0000E+00  0.0000E+00  0.0000E+00
  1.0000E+01  5.0689E-07  1.0997E-05  4.3049E-06  2.9156E-08 -9.7401E-07  0.0000E+00  0.0000E+00  0.0000E+00
  1.1000E+01  5.0689E-07  1.0997E-05  4.3049E-06  2.9156E-08 -1.8441E-06  0.0000E+00  0.0000E+00  0.0000E+00
  1.1000E+01  5.0689E-07  1.0997E-05  4.3049E-06  2.9156E-08 -1.8441E-06  0.0000E+00  0.0000E+00  0.0000E+00
  1.2000E+01  5.0689E-07  1.0997E-05  4.3049E-06  2.9156E-08  3.1962E-06  0.0000E+00  0.0000E+00  0.0000E+00
  1.2000E+01  5.0689E-07  1.0997E-05  4.3049E-06  2.9156E-08  3.1962E-06  0.0000E+00  0.0000E+00  0.0000E+00
  1.3000E+01  5.0689E-07  1.0997E-05  4.3049E-06  2.9156E-08  2.4490E-06  0.0000E+00  0.0000E+00  0.0000E+00
  1.3000E+01  5.0689E-07  1.0997E-05  4.3049E-06  2.9156E-08  2.4490E-06  0.0000E+00  0.0000E+00  0.0000E+00
  1.4000E+01  5.0689E-07  1.0997E-05  4.3049E-06  2.9156E-08  3.8360E-06  0.0000E+00  0.0000E+00  0.0000E+00
  1.4000E+01  5.0689E-07  1.0997E-05  4.3049E-06  2.9156E-08  3.8360E-06  0.0000E+00  0.0000E+00  0.0000E+00
  1.5000E+01  5.0689E-07  1.0997E-05  4.3049E-06  2.9156E-08  3.7896E-06  0.0000E+00  0.0000E+00  0.0000E+00
  1.5000E+01  5.0689E-07  1.0997E-05  4.3049E-06  2.9156E-08  3.7896E-06  0.0000E+00  0.0000E+00  0.0000E+00
  1.6000E+01  5.0688E-07  1.0997E-05  4.3049E-06  2.9156E-08 -1.6919E-05  0.0000E+00  0.0000E+00  0.0000E+00
  1.6000E+01  5.0688E-07  1.0997E-05  4.3049E-06  2.9156E-08 -1.6919E-05  0.0000E+00  0.0000E+00  0.0000E+00
  1.7000E+01  5.0688E-07  1.0997E-05  4.3049E-06  2.9156E-08 -2.2994E-05  0.0000E+00  0.0000E+00  0.0000E+00
  1.7000E+01  5.0688E-07  1.0997E-05  4.3049E-06  2.9156E-08 -2.2994E-05  0.0000E+00  0.0000E+00  0.0000E+00
  1.8000E+01  5.0689E-07  1.0997E-05  4.3049E-06  2.9156E-08  3.9739E-06  0.0000E+00  0.0000E+00  0.0000E+00
  1.8000E+01  5.0689E-07  1.0997E-05  4.3049E-06  2.9156E-08  3.9739E-06  0.0000E+00  0.0000E+00  0.0000E+00
  1.9000E+01  5.0689E-07  1.0997E-05  4.3049E-06  2.9156E-08  3.8125E-06  0.0000E+00  0.0000E+00  0.0000E+00
  1.9000E+01  5.0689E-07  1.0997E-05  4.3049E-06  2.9156E-08  3.8125E-06  0.0000E+00  0.0000E+00  0.0000E+00
  2.0000E+01  5.0689E-07  1.0997E-05  4.3049E-06  2.9156E-08 -1.6751E-06  0.0000E+00  0.0000E+00  0.0000E+00
  2.0000E+01  5.0689E-07  1.0997E-05  4.3049E-06  2.9156E-08 -1.6751E-06  0.0000E+00  0.0000E+00  0.0000E+00
  1.0100E+02  5.0689E-07  1.0997E-05  4.3049E-06  2.9156E-08  1.7769E-06  0.0000E+00  0.0000E+00  0.0000E+00
  1.0100E+02  5.0689E-07  1.0997E-05  4.3049E-06  2.9156E-08  1.7769E-06  0.0000E+00  0.0000E+00  0.0000E+00
  1.0200E+02  5.0689E-07  1.0997E-05  4.3049E-06  2.9156E-08  3.4882E-06  0.0000E+00  0.0000E+00  0.0000E+00
  1.0200E+02  5.0689E-07  1.0997E-05  4.3049E-06  2.9156E-08  3.4882E-06  0.0000E+00  0.0000E+00  0.0000E+00
  1.0300E+02  5.0689E-07  1.0997E-05  4.3049E-06  2.9156E-08  2.6661E-06  0.0000E+00  0.0000E+00  0.0000E+00
  1.0300E+02  5.0689E-07  1.0997E-05  4.3049E-06  2.9156E-08  2.6661E-06  0.0000E+00  0.0000E+00  0.0000E+00
  1.0400E+02  5.0689E-07  1.0997E-05  4.3049E-06  2.9156E-08  1.3974E-06  0.0000E+00  0.0000E+00  0.0000E+00
  1.0400E+02  5.0689E-07  1.0997E-05  4.3049E-06  2.9156E-08  1.3974E-06  0.0000E+00  0.0000E+00  0.0000E+00
  1.0500E+02  5.0689E-07  1.0997E-05  4.3049E-06  2.9156E-08  2.5695E-06  0.0000E+00  0.0000E+00  0.0000E+00
  1.0500E+02  5.0689E-07  1.0997E-05  4.3049E-06  2.9156E-08  2.5695E-06  0.0000E+00  0.0000E+00  0.0000E+00
  1.0600E+02  5.0689E-07  1.0997E-05  4.3049E-06  2.9156E-08  4.6848E-06  0.0000E+00  0.0000E+00  0.0000E+00
  1.0600E+02  5.0689E-07  1.0997E-05  4.3049E-06  2.9156E-08  4.6848E-06  0.0000E+00  0.0000E+00  0.0000E+00
  1.0700E+02  5.0689E-07  1.0997E-05  4.3049E-06  2.9156E-08  3.0015E-06  0.0000E+00  0.0000E+00  0.0000E+00
  1.0700E+02  5.0689E-07  1.0997E-05  4.3049E-06  2.9156E-08  3.0015E-06  0.0000E+00  0.0000E+00  0.0000E+00
  1.0800E+02  5.0689E-07  1.0997E-05  4.3049E-06  2.9156E-08  4.9922E-06  0.0000E+00  0.0000E+00  0.0000E+00
  1.0800E+02  5.0689E-07  1.0997E-05  4.3049E-06  2.9156E-08  4.9922E-06  0.0000E+00  0.0000E+00  0.0000E+00
  1.0900E+02  5.0689E-07  1.0997E-05  4.3049E-06  2.9156E-08  4.9680E-06  0.0000E+00  0.0000E+00  0.0000E+00
  1.0900E+02  5.0689E-07  1.0997E-05  4.3049E-06  2.9156E-08  4.9680E-06  0.0000E+00  0.0000E+00  0.0000E+00
  1.1000E+02  5.0689E-07  1.0997E-05  4.3049E-06  2.9156E-08  3.9842E-06  0.0000E+00  0.0000E+00  0.0000E+00
  1.1000E+02  5.0689E-07  1.0997E-05  4.3049E-06  2.9156E-08  3.9842E-06  0.0000E+00  0.0000E+00  0.0000E+00
  1.1100E+02  5.0689E-07  1.0997E-05  4.3049E-06  2.9156E-08 -6.8662E-07  0.0000E+00  0.0000E+00  0.0000E+00
  1.1100E+02  5.0689E-07  1.0997E-05  4.3049E-06  2.9156E-08 -6.8662E-07  0.0000E+00  0.0000E+00  0.0000E+00
  1.1200E+02  5.0689E-07  1.0997E-05  4.3049E-06  2.9156E-08 -2.5597E-06  0.0000E+00  0.0000E+00  0.0000E+00
  1.1200E+02  5.0689E-07  1.0997E-05  4.3049E-06  2.9156E-08 -2.5597E-06  0.0000E+00  0.0000E+00  0.0000E+00
  1.1300E+02  5.0689E-07  1.0997E-05  4.3049E-06  2.9156E-08  4.3947E-06  0.0000E+00  0.0000E+00  0.0000E+00
  1.1300E+02  5.0689E-07  1.0997E-05  4.3049E-06  2.9156E-08  4.3947E-06  0.0000E+00  0.0000E+00  0.0000E+00
  1.1400E+02  5.0689E-07  1.0997E-05  4.3049E-06  2.9156E-08 -9.0597E-08  0.0000E+00  0.0000E+00  0.0000E+00
  1.1400E+02  5.0689E-07  1.0997E-05  4.3049E-06  2.9156E-08 -9.0597E-08  0.0000E+00  0.0000E+00  0.0000E+00
  1.1500E+02  5.0689E-07  1.0997E-05  4.3049E-06  2.9156E-08  3.5608E-06  0.0000E+00  0.0000E+00  0.0000E+00
  1.1500E+02  5.0689E-07  1.0997E-05  4.3049E-06  2.9156E-08  3.5608E-06  0.0000E+00  0.0000E+00  0.0000E+00
  1.1600E+02  5.0689E-07  1.0997E-05  4.3049E-06  2.9156E-08  4.7188E-06  0.0000E+00  0.0000E+00  0.0000E+00
  1.1600E+02  5.0689E-07  1.0997E-05  4.3049E-06  2.9156E-08  4.7188E-06  0.0000E+00  0.0000E+00  0.0000E+00
  1.1700E+02  5.0689E-07  1.0997E-05  4.3049E-06  2.9156E-08  4.7144E-06  0.0000E+00  0.0000E+00  0.0000E+00
  1.1700E+02  5.0689E-07  1.0997E-05  4.3049E-06  2.9156E-08  4.7144E-06  0.0000E+00  0.0000E+00  0.0000E+00
  1.1800E+02  5.0689E-07  1.0997E-05  4.3049E-06  2.9156E-08  4.8911E-06  0.0000E+00  0.0000E+00  0.0000E+00
  1.1800E+02  5.0689E-07  1.0997E-05  4.3049E-06  2.9156E-08  4.8911E-06  0.0000E+00  0.0000E+00  0.0000E+00
  1.1900E+02  5.0689E-07  1.0997E-05  4.3049E-06  2.9156E-08  4.7852E-06  0.0000E+00  0.0000E+00  0.0000E+00
  1.1900E+02  5.0689E-07  1.0997E-05  4.3049E-06  2.9156E-08  4.7852E-06  0.0000E+00  0.0000E+00  0.0000E+00
  1.2000E+02  5.0689E-07  1.0997E-05  4.3049E-06  2.9156E-08  4.7278E-06  0.0000E+00  0.0000E+00  0.0000E+00
  1.2000E+02  5.0689E-07  1.0997E-05  4.3049E-06  2.9156E-08  4.7278E-06  0.0000E+00  0.0000E+00  0.0000E+00
