TABLE NO.  2
 ID          CL          V           ETA1        ETA2
  1.0000E+00  5.6228E-06  5.9568E-04  0.0000E+00 -3.1795E-01
  1.0000E+00  5.6228E-06  5.9568E-04  0.0000E+00 -3.1795E-01
  2.0000E+00  5.6228E-06  8.3782E-04  0.0000E+00  2.3151E-02
  2.0000E+00  5.6228E-06  8.3782E-04  0.0000E+00  2.3151E-02
  3.0000E+00  5.6228E-06  9.5867E-04  0.0000E+00  1.5789E-01
  3.0000E+00  5.6228E-06  9.5867E-04  0.0000E+00  1.5789E-01
  4.0000E+00  5.6228E-06  8.6504E-04  0.0000E+00  5.5119E-02
  4.0000E+00  5.6228E-06  8.6504E-04  0.0000E+00  5.5119E-02
  5.0000E+00  5.6228E-06  8.1865E-04  0.0000E+00  0.0000E+00
  5.0000E+00  5.6228E-06  8.1865E-04  0.0000E+00  0.0000E+00
  6.0000E+00  5.6228E-06  8.4220E-04  0.0000E+00  2.8369E-02
  6.0000E+00  5.6228E-06  8.4220E-04  0.0000E+00  2.8369E-02
  7.0000E+00  5.6228E-06  1.0604E-03  0.0000E+00  2.5875E-01
  7.0000E+00  5.6228E-06  1.0604E-03  0.0000E+00  2.5875E-01
  8.0000E+00  5.6228E-06  7.0223E-04  0.0000E+00 -1.5340E-01
  8.0000E+00  5.6228E-06  7.0223E-04  0.0000E+00 -1.5340E-01
  9.0000E+00  5.6228E-06  8.3440E-04  0.0000E+00  1.9055E-02
  9.0000E+00  5.6228E-06  8.3440E-04  0.0000E+00  1.9055E-02
  1.0000E+01  5.6228E-06  8.9083E-04  0.0000E+00  8.4504E-02
  1.0000E+01  5.6228E-06  8.9083E-04  0.0000E+00  8.4504E-02
  1.1000E+01  5.6228E-06  9.7944E-04  0.0000E+00  1.7933E-01
  1.1000E+01  5.6228E-06  9.7944E-04  0.0000E+00  1.7933E-01
  1.2000E+01  5.6228E-06  6.8094E-04  0.0000E+00 -1.8418E-01
  1.2000E+01  5.6228E-06  6.8094E-04  0.0000E+00 -1.8418E-01
  1.3000E+01  5.6228E-06  8.2817E-04  0.0000E+00  1.1559E-02
  1.3000E+01  5.6228E-06  8.2817E-04  0.0000E+00  1.1559E-02
  1.4000E+01  5.6228E-06  7.7407E-04  0.0000E+00 -5.5995E-02
  1.4000E+01  5.6228E-06  7.7407E-04  0.0000E+00 -5.5995E-02
  1.5000E+01  5.6228E-06  5.8544E-04  0.0000E+00 -3.3529E-01
  1.5000E+01  5.6228E-06  5.8544E-04  0.0000E+00 -3.3529E-01
  1.6000E+01  5.6228E-06  9.7885E-04  0.0000E+00  1.7872E-01
  1.6000E+01  5.6228E-06  9.7885E-04  0.0000E+00  1.7872E-01
  1.7000E+01  5.6228E-06  9.9879E-04  0.0000E+00  1.9889E-01
  1.7000E+01  5.6228E-06  9.9879E-04  0.0000E+00  1.9889E-01
  1.8000E+01  5.6228E-06  8.4069E-04  0.0000E+00  2.6568E-02
  1.8000E+01  5.6228E-06  8.4069E-04  0.0000E+00  2.6568E-02
  1.9000E+01  5.6228E-06  8.4384E-04  0.0000E+00  3.0304E-02
  1.9000E+01  5.6228E-06  8.4384E-04  0.0000E+00  3.0304E-02
  2.0000E+01  5.6228E-06  8.9498E-04  0.0000E+00  8.9144E-02
  2.0000E+01  5.6228E-06  8.9498E-04  0.0000E+00  8.9144E-02
  1.0100E+02  5.6228E-06  7.7772E-04  0.0000E+00 -5.1287E-02
  1.0100E+02  5.6228E-06  7.7772E-04  0.0000E+00 -5.1287E-02
  1.0200E+02  5.6228E-06  6.5524E-04  0.0000E+00 -2.2266E-01
  1.0200E+02  5.6228E-06  6.5524E-04  0.0000E+00 -2.2266E-01
  1.0300E+02  5.6228E-06  8.2167E-04  0.0000E+00  3.6806E-03
  1.0300E+02  5.6228E-06  8.2167E-04  0.0000E+00  3.6806E-03
  1.0400E+02  5.6228E-06  8.5489E-04  0.0000E+00  4.3315E-02
  1.0400E+02  5.6228E-06  8.5489E-04  0.0000E+00  4.3315E-02
  1.0500E+02  5.6228E-06  8.2462E-04  0.0000E+00  7.2620E-03
  1.0500E+02  5.6228E-06  8.2462E-04  0.0000E+00  7.2620E-03
  1.0600E+02  5.6228E-06  7.7490E-04  0.0000E+00 -5.4922E-02
  1.0600E+02  5.6228E-06  7.7490E-04  0.0000E+00 -5.4922E-02
  1.0700E+02  5.6228E-06  8.4224E-04  0.0000E+00  2.8414E-02
  1.0700E+02  5.6228E-06  8.4224E-04  0.0000E+00  2.8414E-02
  1.0800E+02  5.6228E-06  7.8064E-04  0.0000E+00 -4.7535E-02
  1.0800E+02  5.6228E-06  7.8064E-04  0.0000E+00 -4.7535E-02
  1.0900E+02  5.6228E-06  7.7606E-04  0.0000E+00 -5.3420E-02
  1.0900E+02  5.6228E-06  7.7606E-04  0.0000E+00 -5.3420E-02
  1.1000E+02  5.6228E-06  8.4048E-04  0.0000E+00  2.6317E-02
  1.1000E+02  5.6228E-06  8.4048E-04  0.0000E+00  2.6317E-02
  1.1100E+02  5.6228E-06  9.1558E-04  0.0000E+00  1.1190E-01
  1.1100E+02  5.6228E-06  9.1558E-04  0.0000E+00  1.1190E-01
  1.1200E+02  5.6228E-06  1.0203E-03  0.0000E+00  2.2018E-01
  1.1200E+02  5.6228E-06  1.0203E-03  0.0000E+00  2.2018E-01
  1.1300E+02  5.6228E-06  7.2186E-04  0.0000E+00 -1.2583E-01
  1.1300E+02  5.6228E-06  7.2186E-04  0.0000E+00 -1.2583E-01
  1.1400E+02  5.6228E-06  8.8460E-04  0.0000E+00  7.7480E-02
  1.1400E+02  5.6228E-06  8.8460E-04  0.0000E+00  7.7480E-02
  1.1500E+02  5.6228E-06  7.8824E-04  0.0000E+00 -3.7847E-02
  1.1500E+02  5.6228E-06  7.8824E-04  0.0000E+00 -3.7847E-02
  1.1600E+02  5.6228E-06  7.6747E-04  0.0000E+00 -6.4550E-02
  1.1600E+02  5.6228E-06  7.6747E-04  0.0000E+00 -6.4550E-02
  1.1700E+02  5.6228E-06  7.6875E-04  0.0000E+00 -6.2883E-02
  1.1700E+02  5.6228E-06  7.6875E-04  0.0000E+00 -6.2883E-02
  1.1800E+02  5.6228E-06  7.6626E-04  0.0000E+00 -6.6137E-02
  1.1800E+02  5.6228E-06  7.6626E-04  0.0000E+00 -6.6137E-02
  1.1900E+02  5.6228E-06  8.1605E-04  0.0000E+00 -3.1749E-03
  1.1900E+02  5.6228E-06  8.1605E-04  0.0000E+00 -3.1749E-03
  1.2000E+02  5.6228E-06  8.1885E-04  0.0000E+00  2.4794E-04
  1.2000E+02  5.6228E-06  8.1885E-04  0.0000E+00  2.4794E-04
