TABLE NO.  2
 ID          CL          V1          V2          Q           ETA1        ETA2        ETA3        ETA4
  1.0000E+00  4.4909E-06  1.1699E-05  4.6556E-04  1.1037E-05  0.0000E+00 -1.9130E-01  0.0000E+00  0.0000E+00
  1.0000E+00  4.4909E-06  1.1699E-05  4.6556E-04  1.1037E-05  0.0000E+00 -1.9130E-01  0.0000E+00  0.0000E+00
  2.0000E+00  4.4909E-06  1.4315E-05  4.6556E-04  1.1037E-05  0.0000E+00  1.0517E-02  0.0000E+00  0.0000E+00
  2.0000E+00  4.4909E-06  1.4315E-05  4.6556E-04  1.1037E-05  0.0000E+00  1.0517E-02  0.0000E+00  0.0000E+00
  3.0000E+00  4.4909E-06  8.5186E-05  4.6556E-04  1.1037E-05  0.0000E+00  1.7940E+00  0.0000E+00  0.0000E+00
  3.0000E+00  4.4909E-06  8.5186E-05  4.6556E-04  1.1037E-05  0.0000E+00  1.7940E+00  0.0000E+00  0.0000E+00
  4.0000E+00  4.4909E-06  1.9677E-05  4.6556E-04  1.1037E-05  0.0000E+00  3.2862E-01  0.0000E+00  0.0000E+00
  4.0000E+00  4.4909E-06  1.9677E-05  4.6556E-04  1.1037E-05  0.0000E+00  3.2862E-01  0.0000E+00  0.0000E+00
  5.0000E+00  4.4909E-06  1.4166E-05  4.6556E-04  1.1037E-05  0.0000E+00  0.0000E+00  0.0000E+00  0.0000E+00
  5.0000E+00  4.4909E-06  1.4166E-05  4.6556E-04  1.1037E-05  0.0000E+00  0.0000E+00  0.0000E+00  0.0000E+00
  6.0000E+00  4.4909E-06  1.6951E-05  4.6556E-04  1.1037E-05  0.0000E+00  1.7949E-01  0.0000E+00  0.0000E+00
  6.0000E+00  4.4909E-06  1.6951E-05  4.6556E-04  1.1037E-05  0.0000E+00  1.7949E-01  0.0000E+00  0.0000E+00
  7.0000E+00  4.4909E-06  2.0208E-04  4.6556E-04  1.1037E-05  0.0000E+00  2.6578E+00  0.0000E+00  0.0000E+00
  7.0000E+00  4.4909E-06  2.0208E-04  4.6556E-04  1.1037E-05  0.0000E+00  2.6578E+00  0.0000E+00  0.0000E+00
  8.0000E+00  4.4909E-06  8.3905E-06  4.6556E-04  1.1037E-05  0.0000E+00 -5.2372E-01  0.0000E+00  0.0000E+00
  8.0000E+00  4.4909E-06  8.3905E-06  4.6556E-04  1.1037E-05  0.0000E+00 -5.2372E-01  0.0000E+00  0.0000E+00
  9.0000E+00  4.4909E-06  1.4929E-05  4.6556E-04  1.1037E-05  0.0000E+00  5.2501E-02  0.0000E+00  0.0000E+00
  9.0000E+00  4.4909E-06  1.4929E-05  4.6556E-04  1.1037E-05  0.0000E+00  5.2501E-02  0.0000E+00  0.0000E+00
  1.0000E+01  4.4909E-06  6.2278E-05  4.6556E-04  1.1037E-05  0.0000E+00  1.4808E+00  0.0000E+00  0.0000E+00
  1.0000E+01  4.4909E-06  6.2278E-05  4.6556E-04  1.1037E-05  0.0000E+00  1.4808E+00  0.0000E+00  0.0000E+00
  1.1000E+01  4.4909E-06  1.8157E-05  4.6556E-04  1.1037E-05  0.0000E+00  2.4824E-01  0.0000E+00  0.0000E+00
  1.1000E+01  4.4909E-06  1.8157E-05  4.6556E-04  1.1037E-05  0.0000E+00  2.4824E-01  0.0000E+00  0.0000E+00
  1.2000E+01  4.4909E-06  1.2194E-05  4.6556E-04  1.1037E-05  0.0000E+00 -1.4990E-01  0.0000E+00  0.0000E+00
  1.2000E+01  4.4909E-06  1.2194E-05  4.6556E-04  1.1037E-05  0.0000E+00 -1.4990E-01  0.0000E+00  0.0000E+00
  1.3000E+01  4.4909E-06  1.3823E-05  4.6556E-04  1.1037E-05  0.0000E+00 -2.4470E-02  0.0000E+00  0.0000E+00
  1.3000E+01  4.4909E-06  1.3823E-05  4.6556E-04  1.1037E-05  0.0000E+00 -2.4470E-02  0.0000E+00  0.0000E+00
  1.4000E+01  4.4909E-06  1.0960E-05  4.6556E-04  1.1037E-05  0.0000E+00 -2.5654E-01  0.0000E+00  0.0000E+00
  1.4000E+01  4.4909E-06  1.0960E-05  4.6556E-04  1.1037E-05  0.0000E+00 -2.5654E-01  0.0000E+00  0.0000E+00
  1.5000E+01  4.4909E-06  1.0433E-05  4.6556E-04  1.1037E-05  0.0000E+00 -3.0588E-01  0.0000E+00  0.0000E+00
  1.5000E+01  4.4909E-06  1.0433E-05  4.6556E-04  1.1037E-05  0.0000E+00 -3.0588E-01  0.0000E+00  0.0000E+00
  1.6000E+01  4.4909E-06  1.3323E-04  4.6556E-04  1.1037E-05  0.0000E+00  2.2413E+00  0.0000E+00  0.0000E+00
  1.6000E+01  4.4909E-06  1.3323E-04  4.6556E-04  1.1037E-05  0.0000E+00  2.2413E+00  0.0000E+00  0.0000E+00
  1.7000E+01  4.4909E-06  1.5050E-04  4.6556E-04  1.1037E-05  0.0000E+00  2.3631E+00  0.0000E+00  0.0000E+00
  1.7000E+01  4.4909E-06  1.5050E-04  4.6556E-04  1.1037E-05  0.0000E+00  2.3631E+00  0.0000E+00  0.0000E+00
  1.8000E+01  4.4909E-06  1.7841E-05  4.6556E-04  1.1037E-05  0.0000E+00  2.3066E-01  0.0000E+00  0.0000E+00
  1.8000E+01  4.4909E-06  1.7841E-05  4.6556E-04  1.1037E-05  0.0000E+00  2.3066E-01  0.0000E+00  0.0000E+00
  1.9000E+01  4.4909E-06  1.9673E-05  4.6556E-04  1.1037E-05  0.0000E+00  3.2843E-01  0.0000E+00  0.0000E+00
  1.9000E+01  4.4909E-06  1.9673E-05  4.6556E-04  1.1037E-05  0.0000E+00  3.2843E-01  0.0000E+00  0.0000E+00
  2.0000E+01  4.4909E-06  6.6321E-05  4.6556E-04  1.1037E-05  0.0000E+00  1.5437E+00  0.0000E+00  0.0000E+00
  2.0000E+01  4.4909E-06  6.6321E-05  4.6556E-04  1.1037E-05  0.0000E+00  1.5437E+00  0.0000E+00  0.0000E+00
  1.0100E+02  4.4909E-06  1.3297E-05  4.6556E-04  1.1037E-05  0.0000E+00 -6.3291E-02  0.0000E+00  0.0000E+00
  1.0100E+02  4.4909E-06  1.3297E-05  4.6556E-04  1.1037E-05  0.0000E+00 -6.3291E-02  0.0000E+00  0.0000E+00
  1.0200E+02  4.4909E-06  1.1999E-05  4.6556E-04  1.1037E-05  0.0000E+00 -1.6597E-01  0.0000E+00  0.0000E+00
  1.0200E+02  4.4909E-06  1.1999E-05  4.6556E-04  1.1037E-05  0.0000E+00 -1.6597E-01  0.0000E+00  0.0000E+00
  1.0300E+02  4.4909E-06  1.3274E-05  4.6556E-04  1.1037E-05  0.0000E+00 -6.5014E-02  0.0000E+00  0.0000E+00
  1.0300E+02  4.4909E-06  1.3274E-05  4.6556E-04  1.1037E-05  0.0000E+00 -6.5014E-02  0.0000E+00  0.0000E+00
  1.0400E+02  4.4909E-06  1.7384E-05  4.6556E-04  1.1037E-05  0.0000E+00  2.0473E-01  0.0000E+00  0.0000E+00
  1.0400E+02  4.4909E-06  1.7384E-05  4.6556E-04  1.1037E-05  0.0000E+00  2.0473E-01  0.0000E+00  0.0000E+00
  1.0500E+02  4.4909E-06  1.3512E-05  4.6556E-04  1.1037E-05  0.0000E+00 -4.7203E-02  0.0000E+00  0.0000E+00
  1.0500E+02  4.4909E-06  1.3512E-05  4.6556E-04  1.1037E-05  0.0000E+00 -4.7203E-02  0.0000E+00  0.0000E+00
  1.0600E+02  4.4909E-06  9.2354E-06  4.6556E-04  1.1037E-05  0.0000E+00 -4.2777E-01  0.0000E+00  0.0000E+00
  1.0600E+02  4.4909E-06  9.2354E-06  4.6556E-04  1.1037E-05  0.0000E+00 -4.2777E-01  0.0000E+00  0.0000E+00
  1.0700E+02  4.4909E-06  1.6964E-05  4.6556E-04  1.1037E-05  0.0000E+00  1.8028E-01  0.0000E+00  0.0000E+00
  1.0700E+02  4.4909E-06  1.6964E-05  4.6556E-04  1.1037E-05  0.0000E+00  1.8028E-01  0.0000E+00  0.0000E+00
  1.0800E+02  4.4909E-06  8.1659E-06  4.6556E-04  1.1037E-05  0.0000E+00 -5.5085E-01  0.0000E+00  0.0000E+00
  1.0800E+02  4.4909E-06  8.1659E-06  4.6556E-04  1.1037E-05  0.0000E+00 -5.5085E-01  0.0000E+00  0.0000E+00
  1.0900E+02  4.4909E-06  8.0687E-06  4.6556E-04  1.1037E-05  0.0000E+00 -5.6283E-01  0.0000E+00  0.0000E+00
  1.0900E+02  4.4909E-06  8.0687E-06  4.6556E-04  1.1037E-05  0.0000E+00 -5.6283E-01  0.0000E+00  0.0000E+00
  1.1000E+02  4.4909E-06  1.7727E-05  4.6556E-04  1.1037E-05  0.0000E+00  2.2425E-01  0.0000E+00  0.0000E+00
  1.1000E+02  4.4909E-06  1.7727E-05  4.6556E-04  1.1037E-05  0.0000E+00  2.2425E-01  0.0000E+00  0.0000E+00
  1.1100E+02  4.4909E-06  1.6118E-05  4.6556E-04  1.1037E-05  0.0000E+00  1.2914E-01  0.0000E+00  0.0000E+00
  1.1100E+02  4.4909E-06  1.6118E-05  4.6556E-04  1.1037E-05  0.0000E+00  1.2914E-01  0.0000E+00  0.0000E+00
  1.1200E+02  4.4909E-06  1.9834E-05  4.6556E-04  1.1037E-05  0.0000E+00  3.3658E-01  0.0000E+00  0.0000E+00
  1.1200E+02  4.4909E-06  1.9834E-05  4.6556E-04  1.1037E-05  0.0000E+00  3.3658E-01  0.0000E+00  0.0000E+00
  1.1300E+02  4.4909E-06  1.0063E-05  4.6556E-04  1.1037E-05  0.0000E+00 -3.4196E-01  0.0000E+00  0.0000E+00
  1.1300E+02  4.4909E-06  1.0063E-05  4.6556E-04  1.1037E-05  0.0000E+00 -3.4196E-01  0.0000E+00  0.0000E+00
  1.1400E+02  4.4909E-06  2.7011E-05  4.6556E-04  1.1037E-05  0.0000E+00  6.4541E-01  0.0000E+00  0.0000E+00
  1.1400E+02  4.4909E-06  2.7011E-05  4.6556E-04  1.1037E-05  0.0000E+00  6.4541E-01  0.0000E+00  0.0000E+00
  1.1500E+02  4.4909E-06  1.1429E-05  4.6556E-04  1.1037E-05  0.0000E+00 -2.1467E-01  0.0000E+00  0.0000E+00
  1.1500E+02  4.4909E-06  1.1429E-05  4.6556E-04  1.1037E-05  0.0000E+00 -2.1467E-01  0.0000E+00  0.0000E+00
  1.1600E+02  4.4909E-06  9.0660E-06  4.6556E-04  1.1037E-05  0.0000E+00 -4.4628E-01  0.0000E+00  0.0000E+00
  1.1600E+02  4.4909E-06  9.0660E-06  4.6556E-04  1.1037E-05  0.0000E+00 -4.4628E-01  0.0000E+00  0.0000E+00
  1.1700E+02  4.4909E-06  9.0919E-06  4.6556E-04  1.1037E-05  0.0000E+00 -4.4343E-01  0.0000E+00  0.0000E+00
  1.1700E+02  4.4909E-06  9.0919E-06  4.6556E-04  1.1037E-05  0.0000E+00 -4.4343E-01  0.0000E+00  0.0000E+00
  1.1800E+02  4.4909E-06  7.9362E-06  4.6556E-04  1.1037E-05  0.0000E+00 -5.7938E-01  0.0000E+00  0.0000E+00
  1.1800E+02  4.4909E-06  7.9362E-06  4.6556E-04  1.1037E-05  0.0000E+00 -5.7938E-01  0.0000E+00  0.0000E+00
  1.1900E+02  4.4909E-06  1.0496E-05  4.6556E-04  1.1037E-05  0.0000E+00 -2.9979E-01  0.0000E+00  0.0000E+00
  1.1900E+02  4.4909E-06  1.0496E-05  4.6556E-04  1.1037E-05  0.0000E+00 -2.9979E-01  0.0000E+00  0.0000E+00
  1.2000E+02  4.4909E-06  1.0917E-05  4.6556E-04  1.1037E-05  0.0000E+00 -2.6045E-01  0.0000E+00  0.0000E+00
  1.2000E+02  4.4909E-06  1.0917E-05  4.6556E-04  1.1037E-05  0.0000E+00 -2.6045E-01  0.0000E+00  0.0000E+00
