TABLE NO.  2
 ID          CL          V           ETA1        ETA2
  1.0000E+00  7.3990E-06  9.0181E-04  1.9788E-01  0.0000E+00
  1.0000E+00  7.3990E-06  9.0181E-04  1.9788E-01  0.0000E+00
  2.0000E+00  5.8549E-06  9.0181E-04 -3.6180E-02  0.0000E+00
  2.0000E+00  5.8549E-06  9.0181E-04 -3.6180E-02  0.0000E+00
  3.0000E+00  5.3715E-06  9.0181E-04 -1.2235E-01  0.0000E+00
  3.0000E+00  5.3715E-06  9.0181E-04 -1.2235E-01  0.0000E+00
  4.0000E+00  5.8060E-06  9.0181E-04 -4.4562E-02  0.0000E+00
  4.0000E+00  5.8060E-06  9.0181E-04 -4.4562E-02  0.0000E+00
  5.0000E+00  6.0706E-06  9.0181E-04  0.0000E+00  0.0000E+00
  5.0000E+00  6.0706E-06  9.0181E-04  0.0000E+00  0.0000E+00
  6.0000E+00  5.9596E-06  9.0181E-04 -1.8455E-02  0.0000E+00
  6.0000E+00  5.9596E-06  9.0181E-04 -1.8455E-02  0.0000E+00
  7.0000E+00  4.9269E-06  9.0181E-04 -2.0874E-01  0.0000E+00
  7.0000E+00  4.9269E-06  9.0181E-04 -2.0874E-01  0.0000E+00
  8.0000E+00  7.0530E-06  9.0181E-04  1.5000E-01  0.0000E+00
  8.0000E+00  7.0530E-06  9.0181E-04  1.5000E-01  0.0000E+00
  9.0000E+00  6.0250E-06  9.0181E-04 -7.5463E-03  0.0000E+00
  9.0000E+00  6.0250E-06  9.0181E-04 -7.5463E-03  0.0000E+00
  1.0000E+01  5.6839E-06  9.0181E-04 -6.5822E-02  0.0000E+00
  1.0000E+01  5.6839E-06  9.0181E-04 -6.5822E-02  0.0000E+00
  1.1000E+01  5.3992E-06  9.0181E-04 -1.1720E-01  0.0000E+00
  1.1000E+01  5.3992E-06  9.0181E-04 -1.1720E-01  0.0000E+00
  1.2000E+01  6.6924E-06  9.0181E-04  9.7514E-02  0.0000E+00
  1.2000E+01  6.6924E-06  9.0181E-04  9.7514E-02  0.0000E+00
  1.3000E+01  6.0085E-06  9.0181E-04 -1.0279E-02  0.0000E+00
  1.3000E+01  6.0085E-06  9.0181E-04 -1.0279E-02  0.0000E+00
  1.4000E+01  6.3457E-06  9.0181E-04  4.4325E-02  0.0000E+00
  1.4000E+01  6.3457E-06  9.0181E-04  4.4325E-02  0.0000E+00
  1.5000E+01  8.0814E-06  9.0181E-04  2.8611E-01  0.0000E+00
  1.5000E+01  8.0814E-06  9.0181E-04  2.8611E-01  0.0000E+00
  1.6000E+01  5.2537E-06  9.0181E-04 -1.4453E-01  0.0000E+00
  1.6000E+01  5.2537E-06  9.0181E-04 -1.4453E-01  0.0000E+00
  1.7000E+01  5.1683E-06  9.0181E-04 -1.6091E-01  0.0000E+00
  1.7000E+01  5.1683E-06  9.0181E-04 -1.6091E-01  0.0000E+00
  1.8000E+01  5.9845E-06  9.0181E-04 -1.4282E-02  0.0000E+00
  1.8000E+01  5.9845E-06  9.0181E-04 -1.4282E-02  0.0000E+00
  1.9000E+01  5.9645E-06  9.0181E-04 -1.7627E-02  0.0000E+00
  1.9000E+01  5.9645E-06  9.0181E-04 -1.7627E-02  0.0000E+00
  2.0000E+01  5.6606E-06  9.0181E-04 -6.9918E-02  0.0000E+00
  2.0000E+01  5.6606E-06  9.0181E-04 -6.9918E-02  0.0000E+00
  1.0100E+02  6.1227E-06  9.0181E-04  8.5401E-03  0.0000E+00
  1.0100E+02  6.1227E-06  9.0181E-04  8.5401E-03  0.0000E+00
  1.0200E+02  6.8812E-06  9.0181E-04  1.2533E-01  0.0000E+00
  1.0200E+02  6.8812E-06  9.0181E-04  1.2533E-01  0.0000E+00
  1.0300E+02  6.0464E-06  9.0181E-04 -3.9991E-03  0.0000E+00
  1.0300E+02  6.0464E-06  9.0181E-04 -3.9991E-03  0.0000E+00
  1.0400E+02  5.8598E-06  9.0181E-04 -3.5346E-02  0.0000E+00
  1.0400E+02  5.8598E-06  9.0181E-04 -3.5346E-02  0.0000E+00
  1.0500E+02  6.0291E-06  9.0181E-04 -6.8567E-03  0.0000E+00
  1.0500E+02  6.0291E-06  9.0181E-04 -6.8567E-03  0.0000E+00
  1.0600E+02  6.4080E-06  9.0181E-04  5.4089E-02  0.0000E+00
  1.0600E+02  6.4080E-06  9.0181E-04  5.4089E-02  0.0000E+00
  1.0700E+02  5.9593E-06  9.0181E-04 -1.8495E-02  0.0000E+00
  1.0700E+02  5.9593E-06  9.0181E-04 -1.8495E-02  0.0000E+00
  1.0800E+02  6.3987E-06  9.0181E-04  5.2640E-02  0.0000E+00
  1.0800E+02  6.3987E-06  9.0181E-04  5.2640E-02  0.0000E+00
  1.0900E+02  6.4331E-06  9.0181E-04  5.8001E-02  0.0000E+00
  1.0900E+02  6.4331E-06  9.0181E-04  5.8001E-02  0.0000E+00
  1.1000E+02  5.9859E-06  9.0181E-04 -1.4057E-02  0.0000E+00
  1.1000E+02  5.9859E-06  9.0181E-04 -1.4057E-02  0.0000E+00
  1.1100E+02  5.5793E-06  9.0181E-04 -8.4399E-02  0.0000E+00
  1.1100E+02  5.5793E-06  9.0181E-04 -8.4399E-02  0.0000E+00
  1.1200E+02  5.3017E-06  9.0181E-04 -1.3542E-01  0.0000E+00
  1.1200E+02  5.3017E-06  9.0181E-04 -1.3542E-01  0.0000E+00
  1.1300E+02  6.7258E-06  9.0181E-04  1.0249E-01  0.0000E+00
  1.1300E+02  6.7258E-06  9.0181E-04  1.0249E-01  0.0000E+00
  1.1400E+02  5.7064E-06  9.0181E-04 -6.1865E-02  0.0000E+00
  1.1400E+02  5.7064E-06  9.0181E-04 -6.1865E-02  0.0000E+00
  1.1500E+02  6.2523E-06  9.0181E-04  2.9490E-02  0.0000E+00
  1.1500E+02  6.2523E-06  9.0181E-04  2.9490E-02  0.0000E+00
  1.1600E+02  6.4627E-06  9.0181E-04  6.2588E-02  0.0000E+00
  1.1600E+02  6.4627E-06  9.0181E-04  6.2588E-02  0.0000E+00
  1.1700E+02  6.4532E-06  9.0181E-04  6.1115E-02  0.0000E+00
  1.1700E+02  6.4532E-06  9.0181E-04  6.1115E-02  0.0000E+00
  1.1800E+02  6.5082E-06  9.0181E-04  6.9605E-02  0.0000E+00
  1.1800E+02  6.5082E-06  9.0181E-04  6.9605E-02  0.0000E+00
  1.1900E+02  6.1466E-06  9.0181E-04  1.2449E-02  0.0000E+00
  1.1900E+02  6.1466E-06  9.0181E-04  1.2449E-02  0.0000E+00
  1.2000E+02  6.1277E-06  9.0181E-04  9.3641E-03  0.0000E+00
  1.2000E+02  6.1277E-06  9.0181E-04  9.3641E-03  0.0000E+00
