TABLE NO.  1
 ID          TIME        DV          MDV         CMT         AMT         LEFT        SITE        DAY         WEEK        IWRES       IRES        IPRED       CWRES       DV          PRED        RES         WRES
  1.0000E+00  0.0000E+00  0.0000E+00  1.0000E+00  1.0000E+00  6.0000E-01  0.0000E+00  2.0000E+00  0.0000E+00  0.0000E+00 -2.0000E+02 -6.6533E+05  6.6533E+05  0.0000E+00  0.0000E+00  6.6533E+05  0.0000E+00  0.0000E+00
  1.0000E+00  3.3600E+02  4.2240E+04  0.0000E+00  1.0000E+00  0.0000E+00  1.0000E+00  2.0000E+00  1.5000E+01  2.0000E+00 -3.3074E-02 -6.9865E+00  4.2247E+04 -2.0383E+00  4.2240E+04  6.9302E+04 -2.7062E+04 -1.7776E+00
  2.0000E+00  0.0000E+00  0.0000E+00  1.0000E+00  1.0000E+00  6.0000E-01  0.0000E+00  2.0000E+00  0.0000E+00  0.0000E+00 -2.0000E+02 -6.6533E+05  6.6533E+05  0.0000E+00  0.0000E+00  6.6533E+05  0.0000E+00  0.0000E+00
  2.0000E+00  3.3600E+02  7.5107E+04  0.0000E+00  1.0000E+00  0.0000E+00  1.0000E+00  2.0000E+00  1.5000E+01  2.0000E+00  1.3795E-02  5.1801E+00  7.5102E+04  3.7284E-01  7.5107E+04  6.9302E+04  5.8049E+03  3.8130E-01
  3.0000E+00  0.0000E+00  0.0000E+00  1.0000E+00  1.0000E+00  6.0000E-01  0.0000E+00  2.0000E+00  0.0000E+00  0.0000E+00 -2.0000E+02 -6.6533E+05  6.6533E+05  0.0000E+00  0.0000E+00  6.6533E+05  0.0000E+00  0.0000E+00
  3.0000E+00  6.7200E+02  1.2155E+04  0.0000E+00  1.0000E+00  0.0000E+00  1.0000E+00  2.0000E+00  2.9000E+01  4.0000E+00  2.1208E-02  1.2887E+00  1.2153E+04  1.2602E+00  1.2155E+04  7.2186E+03  4.9359E+03  1.5566E+00
  4.0000E+00  0.0000E+00  0.0000E+00  1.0000E+00  1.0000E+00  6.0000E-01  0.0000E+00  2.0000E+00  0.0000E+00  0.0000E+00 -2.0000E+02 -6.6533E+05  6.6533E+05  0.0000E+00  0.0000E+00  6.6533E+05  0.0000E+00  0.0000E+00
  4.0000E+00  6.7200E+02  8.7923E+03  0.0000E+00  1.0000E+00  0.0000E+00  1.0000E+00  2.0000E+00  2.9000E+01  4.0000E+00  1.0462E-02  4.5989E-01  8.7918E+03  4.5903E-01  8.7923E+03  7.2186E+03  1.5736E+03  4.9628E-01
  5.0000E+00  0.0000E+00  0.0000E+00  1.0000E+00  1.0000E+00  6.0000E-01  0.0000E+00  2.0000E+00  0.0000E+00  0.0000E+00 -2.0000E+02 -6.6533E+05  6.6533E+05  0.0000E+00  0.0000E+00  6.6533E+05  0.0000E+00  0.0000E+00
  5.0000E+00  6.7200E+02  0.0000E+00  1.0000E+00  1.0000E+00  0.0000E+00  1.0000E+00  2.0000E+00  2.9000E+01  4.0000E+00 -2.0000E+02 -7.2186E+03  7.2186E+03  0.0000E+00  0.0000E+00  7.2186E+03  0.0000E+00  0.0000E+00
  6.0000E+00  0.0000E+00  0.0000E+00  1.0000E+00  1.0000E+00  6.0000E-01  0.0000E+00  2.0000E+00  0.0000E+00  0.0000E+00 -2.0000E+02 -6.6533E+05  6.6533E+05  0.0000E+00  0.0000E+00  6.6533E+05  0.0000E+00  0.0000E+00
  6.0000E+00  1.0080E+03  8.5126E+02  0.0000E+00  1.0000E+00  0.0000E+00  1.0000E+00  2.0000E+00  4.3000E+01  6.0000E+00  6.4691E-03  2.7534E-02  8.5123E+02  1.9012E-01  8.5126E+02  7.5190E+02  9.9358E+01  2.0056E-01
  7.0000E+00  0.0000E+00  0.0000E+00  1.0000E+00  1.0000E+00  6.0000E-01  0.0000E+00  2.0000E+00  0.0000E+00  0.0000E+00 -2.0000E+02 -6.6533E+05  6.6533E+05  0.0000E+00  0.0000E+00  6.6533E+05  0.0000E+00  0.0000E+00
  7.0000E+00  1.0080E+03  2.7002E+03  0.0000E+00  1.0000E+00  0.0000E+00  1.0000E+00  2.0000E+00  4.3000E+01  6.0000E+00  2.5099E-02  3.3882E-01  2.6999E+03  2.1500E+00  2.7002E+03  7.5190E+02  1.9483E+03  3.9327E+00
  8.0000E+00  0.0000E+00  0.0000E+00  1.0000E+00  1.0000E+00  6.0000E-01  0.0000E+00  2.0000E+00  0.0000E+00  0.0000E+00 -2.0000E+02 -6.6533E+05  6.6533E+05  0.0000E+00  0.0000E+00  6.6533E+05  0.0000E+00  0.0000E+00
  8.0000E+00  1.3440E+03  1.8114E+01  0.0000E+00  1.0000E+00  0.0000E+00  1.0000E+00  2.0000E+00  5.7000E+01  8.0000E+00 -2.5680E-03 -2.3258E-04  1.8114E+01 -1.5448E+00  1.8114E+01  7.8320E+01 -6.0206E+01 -8.7505E-01
  9.0000E+00  0.0000E+00  0.0000E+00  1.0000E+00  1.0000E+00  6.0000E-01  0.0000E+00  2.0000E+00  0.0000E+00  0.0000E+00 -2.0000E+02 -6.6533E+05  6.6533E+05  0.0000E+00  0.0000E+00  6.6533E+05  0.0000E+00  0.0000E+00
  9.0000E+00  1.3440E+03  8.3834E+01  0.0000E+00  1.0000E+00  0.0000E+00  1.0000E+00  2.0000E+00  5.7000E+01  8.0000E+00  5.4456E-03  2.2826E-03  8.3832E+01  7.7749E-02  8.3834E+01  7.8320E+01  5.5146E+00  8.0151E-02
  1.0000E+01  0.0000E+00  0.0000E+00  1.0000E+00  1.0000E+00  6.0000E-01  0.0000E+00  2.0000E+00  0.0000E+00  0.0000E+00 -2.0000E+02 -6.6533E+05  6.6533E+05  0.0000E+00  0.0000E+00  6.6533E+05  0.0000E+00  0.0000E+00
  1.0000E+01  1.3440E+03  1.3938E+02  0.0000E+00  1.0000E+00  0.0000E+00  1.0000E+00  2.0000E+00  5.7000E+01  8.0000E+00  9.1205E-03  6.3556E-03  1.3937E+02  6.7794E-01  1.3938E+02  7.8320E+01  6.1056E+01  8.8740E-01
  1.1000E+01  0.0000E+00  0.0000E+00  1.0000E+00  1.0000E+00  6.0000E-01  1.0000E+00  2.0000E+00  0.0000E+00  0.0000E+00 -2.0000E+02 -6.6533E+05  6.6533E+05  0.0000E+00  0.0000E+00  6.6533E+05  0.0000E+00  0.0000E+00
  1.1000E+01  3.3600E+02  8.9013E+04  0.0000E+00  1.0000E+00  0.0000E+00  0.0000E+00  2.0000E+00  1.5000E+01  2.0000E+00  3.5890E-02  1.5971E+01  8.8997E+04  1.2075E+00  8.9013E+04  6.9302E+04  1.9711E+04  1.2948E+00
  1.2000E+01  0.0000E+00  0.0000E+00  1.0000E+00  1.0000E+00  6.0000E-01  1.0000E+00  2.0000E+00  0.0000E+00  0.0000E+00 -2.0000E+02 -6.6533E+05  6.6533E+05  0.0000E+00  0.0000E+00  6.6533E+05  0.0000E+00  0.0000E+00
  1.2000E+01  3.3600E+02  5.4967E+04  0.0000E+00  1.0000E+00  0.0000E+00  0.0000E+00  2.0000E+00  1.5000E+01  2.0000E+00 -1.5742E-02 -4.3266E+00  5.4971E+04 -1.0044E+00  5.4967E+04  6.9302E+04 -1.4335E+04 -9.4164E-01
  1.3000E+01  0.0000E+00  0.0000E+00  1.0000E+00  1.0000E+00  6.0000E-01  1.0000E+00  2.0000E+00  0.0000E+00  0.0000E+00 -2.0000E+02 -6.6533E+05  6.6533E+05  0.0000E+00  0.0000E+00  6.6533E+05  0.0000E+00  0.0000E+00
  1.3000E+01  6.7200E+02  7.5606E+03  0.0000E+00  1.0000E+00  0.0000E+00  0.0000E+00  2.0000E+00  2.9000E+01  4.0000E+00  6.2173E-03  2.3503E-01  7.5604E+03  1.0593E-01  7.5606E+03  7.2186E+03  3.4201E+02  1.0786E-01
  1.4000E+01  0.0000E+00  0.0000E+00  1.0000E+00  1.0000E+00  6.0000E-01  1.0000E+00  2.0000E+00  0.0000E+00  0.0000E+00 -2.0000E+02 -6.6533E+05  6.6533E+05  0.0000E+00  0.0000E+00  6.6533E+05  0.0000E+00  0.0000E+00
  1.4000E+01  6.7200E+02  5.8805E+03  0.0000E+00  1.0000E+00  0.0000E+00  0.0000E+00  2.0000E+00  2.9000E+01  4.0000E+00  2.8762E-05  8.4568E-04  5.8805E+03 -4.5647E-01  5.8805E+03  7.2186E+03 -1.3381E+03 -4.2199E-01
  1.5000E+01  0.0000E+00  0.0000E+00  1.0000E+00  1.0000E+00  6.0000E-01  1.0000E+00  2.0000E+00  0.0000E+00  0.0000E+00 -2.0000E+02 -6.6533E+05  6.6533E+05  0.0000E+00  0.0000E+00  6.6533E+05  0.0000E+00  0.0000E+00
  1.5000E+01  6.7200E+02  1.6131E+03  0.0000E+00  1.0000E+00  0.0000E+00  0.0000E+00  2.0000E+00  2.9000E+01  4.0000E+00 -2.0199E-02 -1.6293E-01  1.6133E+03 -2.9467E+00  1.6131E+03  7.2186E+03 -5.6055E+03 -1.7678E+00
  1.6000E+01  0.0000E+00  0.0000E+00  1.0000E+00  1.0000E+00  6.0000E-01  1.0000E+00  2.0000E+00  0.0000E+00  0.0000E+00 -2.0000E+02 -6.6533E+05  6.6533E+05  0.0000E+00  0.0000E+00  6.6533E+05  0.0000E+00  0.0000E+00
  1.6000E+01  1.0080E+03  1.8740E+03  0.0000E+00  1.0000E+00  0.0000E+00  0.0000E+00  2.0000E+00  4.3000E+01  6.0000E+00  1.8051E-02  1.6912E-01  1.8738E+03  1.4886E+00  1.8740E+03  7.5190E+02  1.1221E+03  2.2649E+00
  1.7000E+01  0.0000E+00  0.0000E+00  1.0000E+00  1.0000E+00  6.0000E-01  1.0000E+00  2.0000E+00  0.0000E+00  0.0000E+00 -2.0000E+02 -6.6533E+05  6.6533E+05  0.0000E+00  0.0000E+00  6.6533E+05  0.0000E+00  0.0000E+00
  1.7000E+01  1.0080E+03  2.0616E+03  0.0000E+00  1.0000E+00  0.0000E+00  0.0000E+00  2.0000E+00  4.3000E+01  6.0000E+00  1.9770E-02  2.0378E-01  2.0614E+03  1.6573E+00  2.0616E+03  7.5190E+02  1.3097E+03  2.6437E+00
  1.8000E+01  0.0000E+00  0.0000E+00  1.0000E+00  1.0000E+00  6.0000E-01  1.0000E+00  2.0000E+00  0.0000E+00  0.0000E+00 -2.0000E+02 -6.6533E+05  6.6533E+05  0.0000E+00  0.0000E+00  6.6533E+05  0.0000E+00  0.0000E+00
  1.8000E+01  1.3440E+03  8.9043E+01  0.0000E+00  1.0000E+00  0.0000E+00  0.0000E+00  2.0000E+00  5.7000E+01  8.0000E+00  5.8491E-03  2.6040E-03  8.9041E+01  1.4712E-01  8.9043E+01  7.8320E+01  1.0724E+01  1.5586E-01
  1.9000E+01  0.0000E+00  0.0000E+00  1.0000E+00  1.0000E+00  6.0000E-01  1.0000E+00  2.0000E+00  0.0000E+00  0.0000E+00 -2.0000E+02 -6.6533E+05  6.6533E+05  0.0000E+00  0.0000E+00  6.6533E+05  0.0000E+00  0.0000E+00
  1.9000E+01  1.3440E+03  9.1735E+01  0.0000E+00  1.0000E+00  0.0000E+00  0.0000E+00  2.0000E+00  5.7000E+01  8.0000E+00  6.0515E-03  2.7756E-03  9.1732E+01  1.8157E-01  9.1735E+01  7.8320E+01  1.3416E+01  1.9498E-01
  2.0000E+01  0.0000E+00  0.0000E+00  1.0000E+00  1.0000E+00  6.0000E-01  1.0000E+00  2.0000E+00  0.0000E+00  0.0000E+00 -2.0000E+02 -6.6533E+05  6.6533E+05  0.0000E+00  0.0000E+00  6.6533E+05  0.0000E+00  0.0000E+00
  2.0000E+01  1.3440E+03  1.4429E+02  0.0000E+00  1.0000E+00  0.0000E+00  0.0000E+00  2.0000E+00  5.7000E+01  8.0000E+00  9.3949E-03  6.7775E-03  1.4428E+02  7.2013E-01  1.4429E+02  7.8320E+01  6.5967E+01  9.5879E-01
  1.0100E+02  0.0000E+00  0.0000E+00  1.0000E+00  1.0000E+00  1.2000E+00  0.0000E+00  2.0000E+00  0.0000E+00  0.0000E+00 -2.0000E+02 -1.3307E+06  1.3307E+06  0.0000E+00  0.0000E+00  1.3307E+06  0.0000E+00  0.0000E+00
  1.0100E+02  3.3600E+02  1.3594E+05  0.0000E+00  1.0000E+00  0.0000E+00  1.0000E+00  2.0000E+00  1.5000E+01  2.0000E+00  3.0145E-03  2.0490E+00  1.3594E+05 -8.7863E-02  1.3594E+05  1.3860E+05 -2.6608E+03 -8.7388E-02
  1.0200E+02  0.0000E+00  0.0000E+00  1.0000E+00  1.0000E+00  1.2000E+00  0.0000E+00  2.0000E+00  0.0000E+00  0.0000E+00 -2.0000E+02 -1.3307E+06  1.3307E+06  0.0000E+00  0.0000E+00  1.3307E+06  0.0000E+00  0.0000E+00
  1.0200E+02  3.3600E+02  1.0246E+05  0.0000E+00  1.0000E+00  0.0000E+00  1.0000E+00  2.0000E+00  1.5000E+01  2.0000E+00 -2.0928E-02 -1.0723E+01  1.0247E+05 -1.2909E+00  1.0246E+05  1.3860E+05 -3.6140E+04 -1.1869E+00
  1.0300E+02  0.0000E+00  0.0000E+00  1.0000E+00  1.0000E+00  1.2000E+00  0.0000E+00  2.0000E+00  0.0000E+00  0.0000E+00 -2.0000E+02 -1.3307E+06  1.3307E+06  0.0000E+00  0.0000E+00  1.3307E+06  0.0000E+00  0.0000E+00
  1.0300E+02  6.7200E+02  1.4701E+04  0.0000E+00  1.0000E+00  0.0000E+00  1.0000E+00  2.0000E+00  2.9000E+01  4.0000E+00  5.4706E-03  4.0209E-01  1.4700E+04  4.1246E-02  1.4701E+04  1.4437E+04  2.6342E+02  4.1537E-02
  1.0400E+02  0.0000E+00  0.0000E+00  1.0000E+00  1.0000E+00  1.2000E+00  0.0000E+00  2.0000E+00  0.0000E+00  0.0000E+00 -2.0000E+02 -1.3307E+06  1.3307E+06  0.0000E+00  0.0000E+00  1.3307E+06  0.0000E+00  0.0000E+00
  1.0400E+02  6.7200E+02  1.6894E+04  0.0000E+00  1.0000E+00  0.0000E+00  1.0000E+00  2.0000E+00  2.9000E+01  4.0000E+00  9.2926E-03  7.8491E-01  1.6893E+04  3.6411E-01  1.6894E+04  1.4437E+04  2.4567E+03  3.8739E-01
  1.0500E+02  0.0000E+00  0.0000E+00  1.0000E+00  1.0000E+00  1.2000E+00  0.0000E+00  2.0000E+00  0.0000E+00  0.0000E+00 -2.0000E+02 -1.3307E+06  1.3307E+06  0.0000E+00  0.0000E+00  1.3307E+06  0.0000E+00  0.0000E+00
  1.0500E+02  6.7200E+02  1.4891E+04  0.0000E+00  1.0000E+00  0.0000E+00  1.0000E+00  2.0000E+00  2.9000E+01  4.0000E+00  5.8092E-03  4.3251E-01  1.4890E+04  7.0679E-02  1.4891E+04  1.4437E+04  4.5367E+02  7.1537E-02
  1.0600E+02  0.0000E+00  0.0000E+00  1.0000E+00  1.0000E+00  1.2000E+00  0.0000E+00  2.0000E+00  0.0000E+00  0.0000E+00 -2.0000E+02 -1.3307E+06  1.3307E+06  0.0000E+00  0.0000E+00  1.3307E+06  0.0000E+00  0.0000E+00
  1.0600E+02  1.0080E+03  1.0314E+03  0.0000E+00  1.0000E+00  0.0000E+00  1.0000E+00  2.0000E+00  4.3000E+01  6.0000E+00  9.9502E-04  5.1311E-03  1.0314E+03 -5.5704E-01  1.0314E+03  1.5038E+03 -4.7245E+02 -4.7682E-01
  1.0700E+02  0.0000E+00  0.0000E+00  1.0000E+00  1.0000E+00  1.2000E+00  0.0000E+00  2.0000E+00  0.0000E+00  0.0000E+00 -2.0000E+02 -1.3307E+06  1.3307E+06  0.0000E+00  0.0000E+00  1.3307E+06  0.0000E+00  0.0000E+00
  1.0700E+02  1.0080E+03  1.7030E+03  0.0000E+00  1.0000E+00  0.0000E+00  1.0000E+00  2.0000E+00  4.3000E+01  6.0000E+00  6.4723E-03  5.5109E-02  1.7029E+03  1.9052E-01  1.7030E+03  1.5038E+03  1.9916E+02  2.0101E-01
  1.0800E+02  0.0000E+00  0.0000E+00  1.0000E+00  1.0000E+00  1.2000E+00  0.0000E+00  2.0000E+00  0.0000E+00  0.0000E+00 -2.0000E+02 -1.3307E+06  1.3307E+06  0.0000E+00  0.0000E+00  1.3307E+06  0.0000E+00  0.0000E+00
  1.0800E+02  1.3440E+03  9.6058E+01  0.0000E+00  1.0000E+00  0.0000E+00  1.0000E+00  2.0000E+00  5.7000E+01  8.0000E+00  2.0725E-03  9.9539E-04  9.6057E+01 -5.4212E-01  9.6058E+01  1.5664E+02 -6.0582E+01 -4.4025E-01
  1.0900E+02  0.0000E+00  0.0000E+00  1.0000E+00  1.0000E+00  1.2000E+00  0.0000E+00  2.0000E+00  0.0000E+00  0.0000E+00 -2.0000E+02 -1.3307E+06  1.3307E+06  0.0000E+00  0.0000E+00  1.3307E+06  0.0000E+00  0.0000E+00
  1.0900E+02  1.3440E+03  9.1258E+01  0.0000E+00  1.0000E+00  0.0000E+00  1.0000E+00  2.0000E+00  5.7000E+01  8.0000E+00  1.7916E-03  8.1751E-04  9.1257E+01 -5.9732E-01  9.1258E+01  1.5664E+02 -6.5381E+01 -4.7513E-01
  1.1000E+02  0.0000E+00  0.0000E+00  1.0000E+00  1.0000E+00  1.2000E+00  0.0000E+00  2.0000E+00  0.0000E+00  0.0000E+00 -2.0000E+02 -1.3307E+06  1.3307E+06  0.0000E+00  0.0000E+00  1.3307E+06  0.0000E+00  0.0000E+00
  1.1000E+02  1.3440E+03  1.7773E+02  0.0000E+00  1.0000E+00  0.0000E+00  1.0000E+00  2.0000E+00  5.7000E+01  8.0000E+00  5.8355E-03  5.1855E-03  1.7772E+02  1.4480E-01  1.7773E+02  1.5664E+02  2.1089E+01  1.5326E-01
  1.1100E+02  0.0000E+00  0.0000E+00  1.0000E+00  1.0000E+00  1.2000E+00  1.0000E+00  2.0000E+00  0.0000E+00  0.0000E+00 -2.0000E+02 -1.3307E+06  1.3307E+06  0.0000E+00  0.0000E+00  1.3307E+06  0.0000E+00  0.0000E+00
  1.1100E+02  3.3600E+02  1.6647E+05  0.0000E+00  1.0000E+00  0.0000E+00  0.0000E+00  2.0000E+00  1.5000E+01  2.0000E+00  2.6529E-02  2.2078E+01  1.6645E+05  8.6960E-01  1.6647E+05  1.3860E+05  2.7866E+04  9.1519E-01
  1.1200E+02  0.0000E+00  0.0000E+00  1.0000E+00  1.0000E+00  1.2000E+00  1.0000E+00  2.0000E+00  0.0000E+00  0.0000E+00 -2.0000E+02 -1.3307E+06  1.3307E+06  0.0000E+00  0.0000E+00  1.3307E+06  0.0000E+00  0.0000E+00
  1.1200E+02  3.3600E+02  1.8462E+05  0.0000E+00  1.0000E+00  0.0000E+00  0.0000E+00  2.0000E+00  1.5000E+01  2.0000E+00  4.1350E-02  3.8162E+01  1.8458E+05  1.3953E+00  1.8462E+05  1.3860E+05  4.6015E+04  1.5113E+00
  1.1300E+02  0.0000E+00  0.0000E+00  1.0000E+00  1.0000E+00  1.2000E+00  1.0000E+00  2.0000E+00  0.0000E+00  0.0000E+00 -2.0000E+02 -1.3307E+06  1.3307E+06  0.0000E+00  0.0000E+00  1.3307E+06  0.0000E+00  0.0000E+00
  1.1300E+02  6.7200E+02  8.8602E+03  0.0000E+00  1.0000E+00  0.0000E+00  0.0000E+00  2.0000E+00  2.9000E+01  4.0000E+00 -5.8453E-03 -2.5896E-01  8.8605E+03 -1.0555E+00  8.8602E+03  1.4437E+04 -5.5770E+03 -8.7941E-01
  1.1400E+02  0.0000E+00  0.0000E+00  1.0000E+00  1.0000E+00  1.2000E+00  1.0000E+00  2.0000E+00  0.0000E+00  0.0000E+00 -2.0000E+02 -1.3307E+06  1.3307E+06  0.0000E+00  0.0000E+00  1.3307E+06  0.0000E+00  0.0000E+00
  1.1400E+02  6.7200E+02  1.8939E+04  0.0000E+00  1.0000E+00  0.0000E+00  0.0000E+00  2.0000E+00  2.9000E+01  4.0000E+00  1.2715E-02  1.2040E+00  1.8938E+04  6.3725E-01  1.8939E+04  1.4437E+04  4.5022E+03  7.0993E-01
  1.1500E+02  0.0000E+00  0.0000E+00  1.0000E+00  1.0000E+00  1.2000E+00  1.0000E+00  2.0000E+00  0.0000E+00  0.0000E+00 -2.0000E+02 -1.3307E+06  1.3307E+06  0.0000E+00  0.0000E+00  1.3307E+06  0.0000E+00  0.0000E+00
  1.1500E+02  6.7200E+02  1.2609E+04  0.0000E+00  1.0000E+00  0.0000E+00  0.0000E+00  2.0000E+00  2.9000E+01  4.0000E+00  1.6431E-03  1.0359E-01  1.2609E+04 -3.0368E-01  1.2609E+04  1.4437E+04 -1.8280E+03 -2.8824E-01
  1.1600E+02  0.0000E+00  0.0000E+00  1.0000E+00  1.0000E+00  1.2000E+00  1.0000E+00  2.0000E+00  0.0000E+00  0.0000E+00 -2.0000E+02 -1.3307E+06  1.3307E+06  0.0000E+00  0.0000E+00  1.3307E+06  0.0000E+00  0.0000E+00
  1.1600E+02  1.0080E+03  9.7019E+02  0.0000E+00  1.0000E+00  0.0000E+00  0.0000E+00  2.0000E+00  4.3000E+01  6.0000E+00  4.0498E-04  1.9645E-03  9.7019E+02 -6.4457E-01  9.7019E+02  1.5038E+03 -5.3361E+02 -5.3856E-01
  1.1700E+02  0.0000E+00  0.0000E+00  1.0000E+00  1.0000E+00  1.2000E+00  1.0000E+00  2.0000E+00  0.0000E+00  0.0000E+00 -2.0000E+02 -1.3307E+06  1.3307E+06  0.0000E+00  0.0000E+00  1.3307E+06  0.0000E+00  0.0000E+00
  1.1700E+02  1.0080E+03  9.8057E+02  0.0000E+00  1.0000E+00  0.0000E+00  0.0000E+00  2.0000E+00  4.3000E+01  6.0000E+00  5.0652E-04  2.4834E-03  9.8057E+02 -6.2940E-01  9.8057E+02  1.5038E+03 -5.2324E+02 -5.2809E-01
  1.1800E+02  0.0000E+00  0.0000E+00  1.0000E+00  1.0000E+00  1.2000E+00  1.0000E+00  2.0000E+00  0.0000E+00  0.0000E+00 -2.0000E+02 -1.3307E+06  1.3307E+06  0.0000E+00  0.0000E+00  1.3307E+06  0.0000E+00  0.0000E+00
  1.1800E+02  1.3440E+03  8.1596E+01  0.0000E+00  1.0000E+00  0.0000E+00  0.0000E+00  2.0000E+00  5.7000E+01  8.0000E+00  1.1942E-03  4.8719E-04  8.1596E+01 -7.1684E-01  8.1596E+01  1.5664E+02 -7.5043E+01 -5.4535E-01
  1.1900E+02  0.0000E+00  0.0000E+00  1.0000E+00  1.0000E+00  1.2000E+00  1.0000E+00  2.0000E+00  0.0000E+00  0.0000E+00 -2.0000E+02 -1.3307E+06  1.3307E+06  0.0000E+00  0.0000E+00  1.3307E+06  0.0000E+00  0.0000E+00
  1.1900E+02  1.3440E+03  1.3986E+02  0.0000E+00  1.0000E+00  0.0000E+00  0.0000E+00  2.0000E+00  5.7000E+01  8.0000E+00  4.2792E-03  2.9923E-03  1.3986E+02 -1.2819E-01  1.3986E+02  1.5664E+02 -1.6781E+01 -1.2195E-01
  1.2000E+02  0.0000E+00  0.0000E+00  1.0000E+00  1.0000E+00  1.2000E+00  1.0000E+00  2.0000E+00  0.0000E+00  0.0000E+00 -2.0000E+02 -1.3307E+06  1.3307E+06  0.0000E+00  0.0000E+00  1.3307E+06  0.0000E+00  0.0000E+00
  1.2000E+02  1.3440E+03  1.4386E+02  0.0000E+00  1.0000E+00  0.0000E+00  0.0000E+00  2.0000E+00  5.7000E+01  8.0000E+00  4.4561E-03  3.2052E-03  1.4386E+02 -9.6414E-02  1.4386E+02  1.5664E+02 -1.2778E+01 -9.2858E-02
