TABLE NO.  1
 ID          TIME        DV          MDV         CMT         AMT         LEFT        SITE        DAY         WEEK        IWRES       IRES        IPRED       CWRES       DV          PRED        RES         WRES
  1.0000E+00  0.0000E+00  0.0000E+00  1.0000E+00  1.0000E+00  6.0000E-01  0.0000E+00  2.0000E+00  0.0000E+00  0.0000E+00 -2.5000E+02 -6.5881E+05  6.5881E+05  0.0000E+00  0.0000E+00  6.5880E+05  0.0000E+00  0.0000E+00
  1.0000E+00  3.3600E+02  4.2240E+04  0.0000E+00  1.0000E+00  0.0000E+00  1.0000E+00  2.0000E+00  1.5000E+01  2.0000E+00 -2.6131E-02 -4.4156E+00  4.2245E+04 -2.0132E+00  4.2240E+04  6.8859E+04 -2.6619E+04 -1.7591E+00
  2.0000E+00  0.0000E+00  0.0000E+00  1.0000E+00  1.0000E+00  6.0000E-01  0.0000E+00  2.0000E+00  0.0000E+00  0.0000E+00 -2.5000E+02 -6.5880E+05  6.5880E+05  0.0000E+00  0.0000E+00  6.5880E+05  0.0000E+00  0.0000E+00
  2.0000E+00  3.3600E+02  7.5107E+04  0.0000E+00  1.0000E+00  0.0000E+00  1.0000E+00  2.0000E+00  1.5000E+01  2.0000E+00  1.1626E-02  3.4927E+00  7.5103E+04  4.0298E-01  7.5107E+04  6.8859E+04  6.2475E+03  4.1286E-01
  3.0000E+00  0.0000E+00  0.0000E+00  1.0000E+00  1.0000E+00  6.0000E-01  0.0000E+00  2.0000E+00  0.0000E+00  0.0000E+00 -2.5000E+02 -6.5879E+05  6.5879E+05  0.0000E+00  0.0000E+00  6.5880E+05  0.0000E+00  0.0000E+00
  3.0000E+00  6.7200E+02  1.2155E+04  0.0000E+00  1.0000E+00  0.0000E+00  1.0000E+00  2.0000E+00  2.9000E+01  4.0000E+00  1.7047E-02  8.2876E-01  1.2154E+04  1.2674E+00  1.2155E+04  7.1973E+03  4.9572E+03  1.5672E+00
  4.0000E+00  0.0000E+00  0.0000E+00  1.0000E+00  1.0000E+00  6.0000E-01  0.0000E+00  2.0000E+00  0.0000E+00  0.0000E+00 -2.5000E+02 -6.5880E+05  6.5880E+05  0.0000E+00  0.0000E+00  6.5880E+05  0.0000E+00  0.0000E+00
  4.0000E+00  6.7200E+02  8.7923E+03  0.0000E+00  1.0000E+00  0.0000E+00  1.0000E+00  2.0000E+00  2.9000E+01  4.0000E+00  8.4362E-03  2.9668E-01  8.7920E+03  4.6586E-01  8.7923E+03  7.1973E+03  1.5949E+03  5.0424E-01
  5.0000E+00  0.0000E+00  0.0000E+00  1.0000E+00  1.0000E+00  6.0000E-01  0.0000E+00  2.0000E+00  0.0000E+00  0.0000E+00 -2.5000E+02 -6.5880E+05  6.5880E+05  0.0000E+00  0.0000E+00  6.5880E+05  0.0000E+00  0.0000E+00
  5.0000E+00  6.7200E+02  0.0000E+00  1.0000E+00  1.0000E+00  0.0000E+00  1.0000E+00  2.0000E+00  2.9000E+01  4.0000E+00 -2.5000E+02 -7.1973E+03  7.1973E+03  0.0000E+00  0.0000E+00  7.1973E+03  0.0000E+00  0.0000E+00
  6.0000E+00  0.0000E+00  0.0000E+00  1.0000E+00  1.0000E+00  6.0000E-01  0.0000E+00  2.0000E+00  0.0000E+00  0.0000E+00 -2.5000E+02 -6.5880E+05  6.5880E+05  0.0000E+00  0.0000E+00  6.5880E+05  0.0000E+00  0.0000E+00
  6.0000E+00  1.0080E+03  8.5126E+02  0.0000E+00  1.0000E+00  0.0000E+00  1.0000E+00  2.0000E+00  4.3000E+01  6.0000E+00  5.1695E-03  1.7602E-02  8.5124E+02  1.8925E-01  8.5126E+02  7.5228E+02  9.8979E+01  1.9959E-01
  7.0000E+00  0.0000E+00  0.0000E+00  1.0000E+00  1.0000E+00  6.0000E-01  0.0000E+00  2.0000E+00  0.0000E+00  0.0000E+00 -2.5000E+02 -6.5879E+05  6.5879E+05  0.0000E+00  0.0000E+00  6.5880E+05  0.0000E+00  0.0000E+00
  7.0000E+00  1.0080E+03  2.7002E+03  0.0000E+00  1.0000E+00  0.0000E+00  1.0000E+00  2.0000E+00  4.3000E+01  6.0000E+00  2.0065E-02  2.1670E-01  2.7000E+03  2.1484E+00  2.7002E+03  7.5228E+02  1.9479E+03  3.9281E+00
  8.0000E+00  0.0000E+00  0.0000E+00  1.0000E+00  1.0000E+00  6.0000E-01  0.0000E+00  2.0000E+00  0.0000E+00  0.0000E+00 -2.5000E+02 -6.5881E+05  6.5881E+05  0.0000E+00  0.0000E+00  6.5880E+05  0.0000E+00  0.0000E+00
  8.0000E+00  1.3440E+03  1.8114E+01  0.0000E+00  1.0000E+00  0.0000E+00  1.0000E+00  2.0000E+00  5.7000E+01  8.0000E+00 -2.0593E-03 -1.4921E-04  1.8114E+01 -1.5478E+00  1.8114E+01  7.8630E+01 -6.0517E+01 -8.7567E-01
  9.0000E+00  0.0000E+00  0.0000E+00  1.0000E+00  1.0000E+00  6.0000E-01  0.0000E+00  2.0000E+00  0.0000E+00  0.0000E+00 -2.5000E+02 -6.5880E+05  6.5880E+05  0.0000E+00  0.0000E+00  6.5880E+05  0.0000E+00  0.0000E+00
  9.0000E+00  1.3440E+03  8.3834E+01  0.0000E+00  1.0000E+00  0.0000E+00  1.0000E+00  2.0000E+00  5.7000E+01  8.0000E+00  4.3352E-03  1.4537E-03  8.3833E+01  7.3172E-02  8.3834E+01  7.8630E+01  5.2038E+00  7.5298E-02
  1.0000E+01  0.0000E+00  0.0000E+00  1.0000E+00  1.0000E+00  6.0000E-01  0.0000E+00  2.0000E+00  0.0000E+00  0.0000E+00 -2.5000E+02 -6.5880E+05  6.5880E+05  0.0000E+00  0.0000E+00  6.5880E+05  0.0000E+00  0.0000E+00
  1.0000E+01  1.3440E+03  1.3938E+02  0.0000E+00  1.0000E+00  0.0000E+00  1.0000E+00  2.0000E+00  5.7000E+01  8.0000E+00  7.2690E-03  4.0523E-03  1.3937E+02  6.7283E-01  1.3938E+02  7.8630E+01  6.0745E+01  8.7897E-01
  1.1000E+01  0.0000E+00  0.0000E+00  1.0000E+00  1.0000E+00  6.0000E-01  1.0000E+00  2.0000E+00  0.0000E+00  0.0000E+00 -2.5000E+02 -6.5880E+05  6.5880E+05  0.0000E+00  0.0000E+00  6.5880E+05  0.0000E+00  0.0000E+00
  1.1000E+01  3.3600E+02  8.9013E+04  0.0000E+00  1.0000E+00  0.0000E+00  0.0000E+00  2.0000E+00  1.5000E+01  2.0000E+00  2.9459E-02  1.0488E+01  8.9003E+04  1.2401E+00  8.9013E+04  6.8859E+04  2.0154E+04  1.3318E+00
  1.2000E+01  0.0000E+00  0.0000E+00  1.0000E+00  1.0000E+00  6.0000E-01  1.0000E+00  2.0000E+00  0.0000E+00  0.0000E+00 -2.5000E+02 -6.5880E+05  6.5880E+05  0.0000E+00  0.0000E+00  6.5880E+05  0.0000E+00  0.0000E+00
  1.2000E+01  3.3600E+02  5.4967E+04  0.0000E+00  1.0000E+00  0.0000E+00  0.0000E+00  2.0000E+00  1.5000E+01  2.0000E+00 -1.2180E-02 -2.6781E+00  5.4969E+04 -9.7746E-01  5.4967E+04  6.8859E+04 -1.3893E+04 -9.1809E-01
  1.3000E+01  0.0000E+00  0.0000E+00  1.0000E+00  1.0000E+00  6.0000E-01  1.0000E+00  2.0000E+00  0.0000E+00  0.0000E+00 -2.5000E+02 -6.5880E+05  6.5880E+05  0.0000E+00  0.0000E+00  6.5880E+05  0.0000E+00  0.0000E+00
  1.3000E+01  6.7200E+02  7.5606E+03  0.0000E+00  1.0000E+00  0.0000E+00  0.0000E+00  2.0000E+00  2.9000E+01  4.0000E+00  5.0363E-03  1.5231E-01  7.5605E+03  1.1266E-01  7.5606E+03  7.1973E+03  3.6328E+02  1.1485E-01
  1.4000E+01  0.0000E+00  0.0000E+00  1.0000E+00  1.0000E+00  6.0000E-01  1.0000E+00  2.0000E+00  0.0000E+00  0.0000E+00 -2.5000E+02 -6.5880E+05  6.5880E+05  0.0000E+00  0.0000E+00  6.5880E+05  0.0000E+00  0.0000E+00
  1.4000E+01  6.7200E+02  5.8805E+03  0.0000E+00  1.0000E+00  0.0000E+00  0.0000E+00  2.0000E+00  2.9000E+01  4.0000E+00  8.0758E-05  1.8996E-03  5.8805E+03 -4.4982E-01  5.8805E+03  7.1973E+03 -1.3168E+03 -4.1632E-01
  1.5000E+01  0.0000E+00  0.0000E+00  1.0000E+00  1.0000E+00  6.0000E-01  1.0000E+00  2.0000E+00  0.0000E+00  0.0000E+00 -2.5000E+02 -6.5882E+05  6.5882E+05  0.0000E+00  0.0000E+00  6.5880E+05  0.0000E+00  0.0000E+00
  1.5000E+01  6.7200E+02  1.6131E+03  0.0000E+00  1.0000E+00  0.0000E+00  0.0000E+00  2.0000E+00  2.9000E+01  4.0000E+00 -1.6103E-02 -1.0391E-01  1.6132E+03 -2.9396E+00  1.6131E+03  7.1973E+03 -5.5842E+03 -1.7655E+00
  1.6000E+01  0.0000E+00  0.0000E+00  1.0000E+00  1.0000E+00  6.0000E-01  1.0000E+00  2.0000E+00  0.0000E+00  0.0000E+00 -2.5000E+02 -6.5879E+05  6.5879E+05  0.0000E+00  0.0000E+00  6.5880E+05  0.0000E+00  0.0000E+00
  1.6000E+01  1.0080E+03  1.8740E+03  0.0000E+00  1.0000E+00  0.0000E+00  0.0000E+00  2.0000E+00  4.3000E+01  6.0000E+00  1.4428E-02  1.0815E-01  1.8739E+03  1.4872E+00  1.8740E+03  7.5228E+02  1.1217E+03  2.2619E+00
  1.7000E+01  0.0000E+00  0.0000E+00  1.0000E+00  1.0000E+00  6.0000E-01  1.0000E+00  2.0000E+00  0.0000E+00  0.0000E+00 -2.5000E+02 -6.5879E+05  6.5879E+05  0.0000E+00  0.0000E+00  6.5880E+05  0.0000E+00  0.0000E+00
  1.7000E+01  1.0080E+03  2.0616E+03  0.0000E+00  1.0000E+00  0.0000E+00  0.0000E+00  2.0000E+00  4.3000E+01  6.0000E+00  1.5803E-02  1.3031E-01  2.0615E+03  1.6559E+00  2.0616E+03  7.5228E+02  1.3094E+03  2.6404E+00
  1.8000E+01  0.0000E+00  0.0000E+00  1.0000E+00  1.0000E+00  6.0000E-01  1.0000E+00  2.0000E+00  0.0000E+00  0.0000E+00 -2.5000E+02 -6.5880E+05  6.5880E+05  0.0000E+00  0.0000E+00  6.5880E+05  0.0000E+00  0.0000E+00
  1.8000E+01  1.3440E+03  8.9043E+01  0.0000E+00  1.0000E+00  0.0000E+00  0.0000E+00  2.0000E+00  5.7000E+01  8.0000E+00  4.6573E-03  1.6588E-03  8.9042E+01  1.4248E-01  8.9043E+01  7.8630E+01  1.0413E+01  1.5067E-01
  1.9000E+01  0.0000E+00  0.0000E+00  1.0000E+00  1.0000E+00  6.0000E-01  1.0000E+00  2.0000E+00  0.0000E+00  0.0000E+00 -2.5000E+02 -6.5880E+05  6.5880E+05  0.0000E+00  0.0000E+00  6.5880E+05  0.0000E+00  0.0000E+00
  1.9000E+01  1.3440E+03  9.1735E+01  0.0000E+00  1.0000E+00  0.0000E+00  0.0000E+00  2.0000E+00  5.7000E+01  8.0000E+00  4.8189E-03  1.7682E-03  9.1733E+01  1.7690E-01  9.1735E+01  7.8630E+01  1.3105E+01  1.8962E-01
  2.0000E+01  0.0000E+00  0.0000E+00  1.0000E+00  1.0000E+00  6.0000E-01  1.0000E+00  2.0000E+00  0.0000E+00  0.0000E+00 -2.5000E+02 -6.5880E+05  6.5880E+05  0.0000E+00  0.0000E+00  6.5880E+05  0.0000E+00  0.0000E+00
  2.0000E+01  1.3440E+03  1.4429E+02  0.0000E+00  1.0000E+00  0.0000E+00  0.0000E+00  2.0000E+00  5.7000E+01  8.0000E+00  7.4881E-03  4.3216E-03  1.4428E+02  7.1498E-01  1.4429E+02  7.8630E+01  6.5657E+01  9.5004E-01
  1.0100E+02  0.0000E+00  0.0000E+00  1.0000E+00  1.0000E+00  1.2000E+00  0.0000E+00  2.0000E+00  0.0000E+00  0.0000E+00 -2.5000E+02 -1.3176E+06  1.3176E+06  0.0000E+00  0.0000E+00  1.3176E+06  0.0000E+00  0.0000E+00
  1.0100E+02  3.3600E+02  1.3594E+05  0.0000E+00  1.0000E+00  0.0000E+00  1.0000E+00  2.0000E+00  1.5000E+01  2.0000E+00  2.9330E-03  1.5949E+00  1.3594E+05 -5.8883E-02  1.3594E+05  1.3772E+05 -1.7756E+03 -5.8670E-02
  1.0200E+02  0.0000E+00  0.0000E+00  1.0000E+00  1.0000E+00  1.2000E+00  0.0000E+00  2.0000E+00  0.0000E+00  0.0000E+00 -2.5000E+02 -1.3176E+06  1.3176E+06  0.0000E+00  0.0000E+00  1.3176E+06  0.0000E+00  0.0000E+00
  1.0200E+02  3.3600E+02  1.0246E+05  0.0000E+00  1.0000E+00  0.0000E+00  1.0000E+00  2.0000E+00  1.5000E+01  2.0000E+00 -1.6356E-02 -6.7040E+00  1.0247E+05 -1.2646E+00  1.0246E+05  1.3772E+05 -3.5255E+04 -1.1649E+00
  1.0300E+02  0.0000E+00  0.0000E+00  1.0000E+00  1.0000E+00  1.2000E+00  0.0000E+00  2.0000E+00  0.0000E+00  0.0000E+00 -2.5000E+02 -1.3176E+06  1.3176E+06  0.0000E+00  0.0000E+00  1.3176E+06  0.0000E+00  0.0000E+00
  1.0300E+02  6.7200E+02  1.4701E+04  0.0000E+00  1.0000E+00  0.0000E+00  1.0000E+00  2.0000E+00  2.9000E+01  4.0000E+00  4.4383E-03  2.6098E-01  1.4700E+04  4.7971E-02  1.4701E+04  1.4395E+04  3.0596E+02  4.8366E-02
  1.0400E+02  0.0000E+00  0.0000E+00  1.0000E+00  1.0000E+00  1.2000E+00  0.0000E+00  2.0000E+00  0.0000E+00  0.0000E+00 -2.5000E+02 -1.3176E+06  1.3176E+06  0.0000E+00  0.0000E+00  1.3176E+06  0.0000E+00  0.0000E+00
  1.0400E+02  6.7200E+02  1.6894E+04  0.0000E+00  1.0000E+00  0.0000E+00  1.0000E+00  2.0000E+00  2.9000E+01  4.0000E+00  7.4995E-03  5.0677E-01  1.6893E+04  3.7091E-01  1.6894E+04  1.4395E+04  2.4993E+03  3.9508E-01
  1.0500E+02  0.0000E+00  0.0000E+00  1.0000E+00  1.0000E+00  1.2000E+00  0.0000E+00  2.0000E+00  0.0000E+00  0.0000E+00 -2.5000E+02 -1.3176E+06  1.3176E+06  0.0000E+00  0.0000E+00  1.3176E+06  0.0000E+00  0.0000E+00
  1.0500E+02  6.7200E+02  1.4891E+04  0.0000E+00  1.0000E+00  0.0000E+00  1.0000E+00  2.0000E+00  2.9000E+01  4.0000E+00  4.7095E-03  2.8051E-01  1.4891E+04  7.7410E-02  1.4891E+04  1.4395E+04  4.9621E+02  7.8440E-02
  1.0600E+02  0.0000E+00  0.0000E+00  1.0000E+00  1.0000E+00  1.2000E+00  0.0000E+00  2.0000E+00  0.0000E+00  0.0000E+00 -2.5000E+02 -1.3176E+06  1.3176E+06  0.0000E+00  0.0000E+00  1.3176E+06  0.0000E+00  0.0000E+00
  1.0600E+02  1.0080E+03  1.0314E+03  0.0000E+00  1.0000E+00  0.0000E+00  1.0000E+00  2.0000E+00  4.3000E+01  6.0000E+00  7.9564E-04  3.2824E-03  1.0314E+03 -5.5748E-01  1.0314E+03  1.5046E+03 -4.7321E+02 -4.7712E-01
  1.0700E+02  0.0000E+00  0.0000E+00  1.0000E+00  1.0000E+00  1.2000E+00  0.0000E+00  2.0000E+00  0.0000E+00  0.0000E+00 -2.5000E+02 -1.3176E+06  1.3176E+06  0.0000E+00  0.0000E+00  1.3176E+06  0.0000E+00  0.0000E+00
  1.0700E+02  1.0080E+03  1.7030E+03  0.0000E+00  1.0000E+00  0.0000E+00  1.0000E+00  2.0000E+00  4.3000E+01  6.0000E+00  5.1720E-03  3.5230E-02  1.7029E+03  1.8965E-01  1.7030E+03  1.5046E+03  1.9840E+02  2.0005E-01
  1.0800E+02  0.0000E+00  0.0000E+00  1.0000E+00  1.0000E+00  1.2000E+00  0.0000E+00  2.0000E+00  0.0000E+00  0.0000E+00 -2.5000E+02 -1.3176E+06  1.3176E+06  0.0000E+00  0.0000E+00  1.3176E+06  0.0000E+00  0.0000E+00
  1.0800E+02  1.3440E+03  9.6058E+01  0.0000E+00  1.0000E+00  0.0000E+00  1.0000E+00  2.0000E+00  5.7000E+01  8.0000E+00  1.6431E-03  6.3134E-04  9.6057E+01 -5.4611E-01  9.6058E+01  1.5726E+02 -6.1203E+01 -4.4280E-01
  1.0900E+02  0.0000E+00  0.0000E+00  1.0000E+00  1.0000E+00  1.2000E+00  0.0000E+00  2.0000E+00  0.0000E+00  0.0000E+00 -2.5000E+02 -1.3176E+06  1.3176E+06  0.0000E+00  0.0000E+00  1.3176E+06  0.0000E+00  0.0000E+00
  1.0900E+02  1.3440E+03  9.1258E+01  0.0000E+00  1.0000E+00  0.0000E+00  1.0000E+00  2.0000E+00  5.7000E+01  8.0000E+00  1.4190E-03  5.1799E-04  9.1258E+01 -6.0126E-01  9.1258E+01  1.5726E+02 -6.6003E+01 -4.7752E-01
  1.1000E+02  0.0000E+00  0.0000E+00  1.0000E+00  1.0000E+00  1.2000E+00  0.0000E+00  2.0000E+00  0.0000E+00  0.0000E+00 -2.5000E+02 -1.3176E+06  1.3176E+06  0.0000E+00  0.0000E+00  1.3176E+06  0.0000E+00  0.0000E+00
  1.1000E+02  1.3440E+03  1.7773E+02  0.0000E+00  1.0000E+00  0.0000E+00  1.0000E+00  2.0000E+00  5.7000E+01  8.0000E+00  4.6465E-03  3.3032E-03  1.7773E+02  1.4016E-01  1.7773E+02  1.5726E+02  2.0468E+01  1.4808E-01
  1.1100E+02  0.0000E+00  0.0000E+00  1.0000E+00  1.0000E+00  1.2000E+00  1.0000E+00  2.0000E+00  0.0000E+00  0.0000E+00 -2.5000E+02 -1.3176E+06  1.3176E+06  0.0000E+00  0.0000E+00  1.3176E+06  0.0000E+00  0.0000E+00
  1.1100E+02  3.3600E+02  1.6647E+05  0.0000E+00  1.0000E+00  0.0000E+00  0.0000E+00  2.0000E+00  1.5000E+01  2.0000E+00  2.1901E-02  1.4582E+01  1.6646E+05  9.0113E-01  1.6647E+05  1.3772E+05  2.8751E+04  9.4998E-01
  1.1200E+02  0.0000E+00  0.0000E+00  1.0000E+00  1.0000E+00  1.2000E+00  1.0000E+00  2.0000E+00  0.0000E+00  0.0000E+00 -2.5000E+02 -1.3176E+06  1.3176E+06  0.0000E+00  0.0000E+00  1.3176E+06  0.0000E+00  0.0000E+00
  1.1200E+02  3.3600E+02  1.8462E+05  0.0000E+00  1.0000E+00  0.0000E+00  0.0000E+00  2.0000E+00  1.5000E+01  2.0000E+00  3.3868E-02  2.5008E+01  1.8459E+05  1.4284E+00  1.8462E+05  1.3772E+05  4.6900E+04  1.5497E+00
  1.1300E+02  0.0000E+00  0.0000E+00  1.0000E+00  1.0000E+00  1.2000E+00  1.0000E+00  2.0000E+00  0.0000E+00  0.0000E+00 -2.5000E+02 -1.3176E+06  1.3176E+06  0.0000E+00  0.0000E+00  1.3176E+06  0.0000E+00  0.0000E+00
  1.1300E+02  6.7200E+02  8.8602E+03  0.0000E+00  1.0000E+00  0.0000E+00  0.0000E+00  2.0000E+00  2.9000E+01  4.0000E+00 -4.6212E-03 -1.6378E-01  8.8604E+03 -1.0489E+00  8.8602E+03  1.4395E+04 -5.5345E+03 -8.7488E-01
  1.1400E+02  0.0000E+00  0.0000E+00  1.0000E+00  1.0000E+00  1.2000E+00  1.0000E+00  2.0000E+00  0.0000E+00  0.0000E+00 -2.5000E+02 -1.3176E+06  1.3176E+06  0.0000E+00  0.0000E+00  1.3176E+06  0.0000E+00  0.0000E+00
  1.1400E+02  6.7200E+02  1.8939E+04  0.0000E+00  1.0000E+00  0.0000E+00  0.0000E+00  2.0000E+00  2.9000E+01  4.0000E+00  1.0241E-02  7.7582E-01  1.8939E+04  6.4414E-01  1.8939E+04  1.4395E+04  4.5448E+03  7.1842E-01
  1.1500E+02  0.0000E+00  0.0000E+00  1.0000E+00  1.0000E+00  1.2000E+00  1.0000E+00  2.0000E+00  0.0000E+00  0.0000E+00 -2.5000E+02 -1.3176E+06  1.3176E+06  0.0000E+00  0.0000E+00  1.3176E+06  0.0000E+00  0.0000E+00
  1.1500E+02  6.7200E+02  1.2609E+04  0.0000E+00  1.0000E+00  0.0000E+00  0.0000E+00  2.0000E+00  2.9000E+01  4.0000E+00  1.3733E-03  6.9265E-02  1.2609E+04 -2.9701E-01  1.2609E+04  1.4395E+04 -1.7854E+03 -2.8224E-01
  1.1600E+02  0.0000E+00  0.0000E+00  1.0000E+00  1.0000E+00  1.2000E+00  1.0000E+00  2.0000E+00  0.0000E+00  0.0000E+00 -2.5000E+02 -1.3176E+06  1.3176E+06  0.0000E+00  0.0000E+00  1.3176E+06  0.0000E+00  0.0000E+00
  1.1600E+02  1.0080E+03  9.7019E+02  0.0000E+00  1.0000E+00  0.0000E+00  0.0000E+00  2.0000E+00  4.3000E+01  6.0000E+00  3.2427E-04  1.2584E-03  9.7019E+02 -6.4495E-01  9.7019E+02  1.5046E+03 -5.3437E+02 -5.3879E-01
  1.1700E+02  0.0000E+00  0.0000E+00  1.0000E+00  1.0000E+00  1.2000E+00  1.0000E+00  2.0000E+00  0.0000E+00  0.0000E+00 -2.5000E+02 -1.3176E+06  1.3176E+06  0.0000E+00  0.0000E+00  1.3176E+06  0.0000E+00  0.0000E+00
  1.1700E+02  1.0080E+03  9.8057E+02  0.0000E+00  1.0000E+00  0.0000E+00  0.0000E+00  2.0000E+00  4.3000E+01  6.0000E+00  4.0539E-04  1.5900E-03  9.8057E+02 -6.2979E-01  9.8057E+02  1.5046E+03 -5.2400E+02 -5.2833E-01
  1.1800E+02  0.0000E+00  0.0000E+00  1.0000E+00  1.0000E+00  1.2000E+00  1.0000E+00  2.0000E+00  0.0000E+00  0.0000E+00 -2.5000E+02 -1.3176E+06  1.3176E+06  0.0000E+00  0.0000E+00  1.3176E+06  0.0000E+00  0.0000E+00
  1.1800E+02  1.3440E+03  8.1596E+01  0.0000E+00  1.0000E+00  0.0000E+00  0.0000E+00  2.0000E+00  5.7000E+01  8.0000E+00  9.4224E-04  3.0753E-04  8.1596E+01 -7.2065E-01  8.1596E+01  1.5726E+02 -7.5665E+01 -5.4743E-01
  1.1900E+02  0.0000E+00  0.0000E+00  1.0000E+00  1.0000E+00  1.2000E+00  1.0000E+00  2.0000E+00  0.0000E+00  0.0000E+00 -2.5000E+02 -1.3176E+06  1.3176E+06  0.0000E+00  0.0000E+00  1.3176E+06  0.0000E+00  0.0000E+00
  1.1900E+02  1.3440E+03  1.3986E+02  0.0000E+00  1.0000E+00  0.0000E+00  0.0000E+00  2.0000E+00  5.7000E+01  8.0000E+00  3.4042E-03  1.9044E-03  1.3986E+02 -1.3257E-01  1.3986E+02  1.5726E+02 -1.7403E+01 -1.2591E-01
  1.2000E+02  0.0000E+00  0.0000E+00  1.0000E+00  1.0000E+00  1.2000E+00  1.0000E+00  2.0000E+00  0.0000E+00  0.0000E+00 -2.5000E+02 -1.3176E+06  1.3176E+06  0.0000E+00  0.0000E+00  1.3176E+06  0.0000E+00  0.0000E+00
  1.2000E+02  1.3440E+03  1.4386E+02  0.0000E+00  1.0000E+00  0.0000E+00  0.0000E+00  2.0000E+00  5.7000E+01  8.0000E+00  3.5455E-03  2.0402E-03  1.4386E+02 -1.0083E-01  1.4386E+02  1.5726E+02 -1.3400E+01 -9.6944E-02
