TABLE NO.  1
 ID          TIME        DV          MDV         CMT         AMT         LEFT        SITE        DAY         WEEK        IWRES       IRES        IPRED       CWRES       DV          PRED        RES         WRES
  1.0000E+00  0.0000E+00  0.0000E+00  1.0000E+00  1.0000E+00  6.0000E-01  0.0000E+00  2.0000E+00  0.0000E+00  0.0000E+00 -1.8184E+00 -5.4562E+07  5.4562E+07  0.0000E+00  0.0000E+00  5.4562E+07  0.0000E+00  0.0000E+00
  1.0000E+00  3.3600E+02  4.2240E+04  0.0000E+00  1.0000E+00  0.0000E+00  1.0000E+00  2.0000E+00  1.5000E+01  2.0000E+00 -6.1682E-01 -2.1685E+04  6.3925E+04 -6.1683E-01  4.2240E+04  6.3925E+04 -2.1685E+04 -6.1682E-01
  2.0000E+00  0.0000E+00  0.0000E+00  1.0000E+00  1.0000E+00  6.0000E-01  0.0000E+00  2.0000E+00  0.0000E+00  0.0000E+00 -1.8184E+00 -5.4562E+07  5.4562E+07  0.0000E+00  0.0000E+00  5.4562E+07  0.0000E+00  0.0000E+00
  2.0000E+00  3.3600E+02  7.5107E+04  0.0000E+00  1.0000E+00  0.0000E+00  1.0000E+00  2.0000E+00  1.5000E+01  2.0000E+00  3.1806E-01  1.1182E+04  6.3925E+04  3.1805E-01  7.5107E+04  6.3925E+04  1.1181E+04  3.1805E-01
  3.0000E+00  0.0000E+00  0.0000E+00  1.0000E+00  1.0000E+00  6.0000E-01  0.0000E+00  2.0000E+00  0.0000E+00  0.0000E+00 -1.8184E+00 -5.4562E+07  5.4562E+07  0.0000E+00  0.0000E+00  5.4562E+07  0.0000E+00  0.0000E+00
  3.0000E+00  6.7200E+02  1.2155E+04  0.0000E+00  1.0000E+00  0.0000E+00  1.0000E+00  2.0000E+00  2.9000E+01  4.0000E+00  1.1008E+00  4.5834E+03  7.5711E+03  1.1008E+00  1.2155E+04  7.5710E+03  4.5835E+03  1.1008E+00
  4.0000E+00  0.0000E+00  0.0000E+00  1.0000E+00  1.0000E+00  6.0000E-01  0.0000E+00  2.0000E+00  0.0000E+00  0.0000E+00 -1.8184E+00 -5.4562E+07  5.4562E+07  0.0000E+00  0.0000E+00  5.4562E+07  0.0000E+00  0.0000E+00
  4.0000E+00  6.7200E+02  8.7923E+03  0.0000E+00  1.0000E+00  0.0000E+00  1.0000E+00  2.0000E+00  2.9000E+01  4.0000E+00  2.9332E-01  1.2213E+03  7.5710E+03  2.9331E-01  8.7923E+03  7.5710E+03  1.2212E+03  2.9331E-01
  5.0000E+00  0.0000E+00  0.0000E+00  1.0000E+00  1.0000E+00  6.0000E-01  0.0000E+00  2.0000E+00  0.0000E+00  0.0000E+00 -1.8184E+00 -5.4562E+07  5.4562E+07  0.0000E+00  0.0000E+00  5.4562E+07  0.0000E+00  0.0000E+00
  5.0000E+00  6.7200E+02  0.0000E+00  1.0000E+00  1.0000E+00  0.0000E+00  1.0000E+00  2.0000E+00  2.9000E+01  4.0000E+00 -1.8184E+00 -7.5710E+03  7.5710E+03  0.0000E+00  0.0000E+00  7.5710E+03  0.0000E+00  0.0000E+00
  6.0000E+00  0.0000E+00  0.0000E+00  1.0000E+00  1.0000E+00  6.0000E-01  0.0000E+00  2.0000E+00  0.0000E+00  0.0000E+00 -1.8184E+00 -5.4562E+07  5.4562E+07  0.0000E+00  0.0000E+00  5.4562E+07  0.0000E+00  0.0000E+00
  6.0000E+00  1.0080E+03  8.5126E+02  0.0000E+00  1.0000E+00  0.0000E+00  1.0000E+00  2.0000E+00  4.3000E+01  6.0000E+00 -9.2173E-02 -4.5455E+01  8.9672E+02 -9.2186E-02  8.5126E+02  8.9672E+02 -4.5462E+01 -9.2185E-02
  7.0000E+00  0.0000E+00  0.0000E+00  1.0000E+00  1.0000E+00  6.0000E-01  0.0000E+00  2.0000E+00  0.0000E+00  0.0000E+00 -1.8184E+00 -5.4562E+07  5.4562E+07  0.0000E+00  0.0000E+00  5.4562E+07  0.0000E+00  0.0000E+00
  7.0000E+00  1.0080E+03  2.7002E+03  0.0000E+00  1.0000E+00  0.0000E+00  1.0000E+00  2.0000E+00  4.3000E+01  6.0000E+00  3.6564E+00  1.8034E+03  8.9684E+02  3.6566E+00  2.7002E+03  8.9672E+02  1.8035E+03  3.6570E+00
  8.0000E+00  0.0000E+00  0.0000E+00  1.0000E+00  1.0000E+00  6.0000E-01  0.0000E+00  2.0000E+00  0.0000E+00  0.0000E+00 -1.8184E+00 -5.4562E+07  5.4562E+07  0.0000E+00  0.0000E+00  5.4562E+07  0.0000E+00  0.0000E+00
  8.0000E+00  1.3440E+03  1.8114E+01  0.0000E+00  1.0000E+00  0.0000E+00  1.0000E+00  2.0000E+00  5.7000E+01  8.0000E+00 -1.5082E+00 -8.8095E+01  1.0621E+02 -1.5082E+00  1.8114E+01  1.0621E+02 -8.8096E+01 -1.5082E+00
  9.0000E+00  0.0000E+00  0.0000E+00  1.0000E+00  1.0000E+00  6.0000E-01  0.0000E+00  2.0000E+00  0.0000E+00  0.0000E+00 -1.8184E+00 -5.4562E+07  5.4562E+07  0.0000E+00  0.0000E+00  5.4562E+07  0.0000E+00  0.0000E+00
  9.0000E+00  1.3440E+03  8.3834E+01  0.0000E+00  1.0000E+00  0.0000E+00  1.0000E+00  2.0000E+00  5.7000E+01  8.0000E+00 -3.8306E-01 -2.2374E+01  1.0621E+02 -3.8307E-01  8.3834E+01  1.0621E+02 -2.2375E+01 -3.8307E-01
  1.0000E+01  0.0000E+00  0.0000E+00  1.0000E+00  1.0000E+00  6.0000E-01  0.0000E+00  2.0000E+00  0.0000E+00  0.0000E+00 -1.8184E+00 -5.4562E+07  5.4562E+07  0.0000E+00  0.0000E+00  5.4562E+07  0.0000E+00  0.0000E+00
  1.0000E+01  1.3440E+03  1.3938E+02  0.0000E+00  1.0000E+00  0.0000E+00  1.0000E+00  2.0000E+00  5.7000E+01  8.0000E+00  5.6781E-01  3.3166E+01  1.0621E+02  5.6781E-01  1.3938E+02  1.0621E+02  3.3166E+01  5.6781E-01
  1.1000E+01  0.0000E+00  0.0000E+00  1.0000E+00  1.0000E+00  6.0000E-01  1.0000E+00  2.0000E+00  0.0000E+00  0.0000E+00 -1.8184E+00 -5.4562E+07  5.4562E+07  0.0000E+00  0.0000E+00  5.4562E+07  0.0000E+00  0.0000E+00
  1.1000E+01  3.3600E+02  8.9013E+04  0.0000E+00  1.0000E+00  0.0000E+00  0.0000E+00  2.0000E+00  1.5000E+01  2.0000E+00  7.1361E-01  2.5088E+04  6.3926E+04  7.1361E-01  8.9013E+04  6.3925E+04  2.5088E+04  7.1362E-01
  1.2000E+01  0.0000E+00  0.0000E+00  1.0000E+00  1.0000E+00  6.0000E-01  1.0000E+00  2.0000E+00  0.0000E+00  0.0000E+00 -1.8184E+00 -5.4562E+07  5.4562E+07  0.0000E+00  0.0000E+00  5.4562E+07  0.0000E+00  0.0000E+00
  1.2000E+01  3.3600E+02  5.4967E+04  0.0000E+00  1.0000E+00  0.0000E+00  0.0000E+00  2.0000E+00  1.5000E+01  2.0000E+00 -2.5483E-01 -8.9585E+03  6.3925E+04 -2.5484E-01  5.4967E+04  6.3925E+04 -8.9589E+03 -2.5483E-01
  1.3000E+01  0.0000E+00  0.0000E+00  1.0000E+00  1.0000E+00  6.0000E-01  1.0000E+00  2.0000E+00  0.0000E+00  0.0000E+00 -1.8184E+00 -5.4562E+07  5.4562E+07  0.0000E+00  0.0000E+00  5.4562E+07  0.0000E+00  0.0000E+00
  1.3000E+01  6.7200E+02  7.5606E+03  0.0000E+00  1.0000E+00  0.0000E+00  0.0000E+00  2.0000E+00  2.9000E+01  4.0000E+00 -2.4840E-03 -1.0342E+01  7.5710E+03 -2.4948E-03  7.5606E+03  7.5710E+03 -1.0387E+01 -2.4948E-03
  1.4000E+01  0.0000E+00  0.0000E+00  1.0000E+00  1.0000E+00  6.0000E-01  1.0000E+00  2.0000E+00  0.0000E+00  0.0000E+00 -1.8184E+00 -5.4562E+07  5.4562E+07  0.0000E+00  0.0000E+00  5.4562E+07  0.0000E+00  0.0000E+00
  1.4000E+01  6.7200E+02  5.8805E+03  0.0000E+00  1.0000E+00  0.0000E+00  0.0000E+00  2.0000E+00  2.9000E+01  4.0000E+00 -4.0600E-01 -1.6904E+03  7.5709E+03 -4.0601E-01  5.8805E+03  7.5710E+03 -1.6905E+03 -4.0601E-01
  1.5000E+01  0.0000E+00  0.0000E+00  1.0000E+00  1.0000E+00  6.0000E-01  1.0000E+00  2.0000E+00  0.0000E+00  0.0000E+00 -1.8184E+00 -5.4562E+07  5.4562E+07  0.0000E+00  0.0000E+00  5.4562E+07  0.0000E+00  0.0000E+00
  1.5000E+01  6.7200E+02  1.6131E+03  0.0000E+00  1.0000E+00  0.0000E+00  0.0000E+00  2.0000E+00  2.9000E+01  4.0000E+00 -1.4309E+00 -5.9578E+03  7.5709E+03 -1.4309E+00  1.6131E+03  7.5710E+03 -5.9579E+03 -1.4309E+00
  1.6000E+01  0.0000E+00  0.0000E+00  1.0000E+00  1.0000E+00  6.0000E-01  1.0000E+00  2.0000E+00  0.0000E+00  0.0000E+00 -1.8184E+00 -5.4562E+07  5.4562E+07  0.0000E+00  0.0000E+00  5.4562E+07  0.0000E+00  0.0000E+00
  1.6000E+01  1.0080E+03  1.8740E+03  0.0000E+00  1.0000E+00  0.0000E+00  0.0000E+00  2.0000E+00  4.3000E+01  6.0000E+00  1.9815E+00  9.7720E+02  8.9676E+02  1.9815E+00  1.8740E+03  8.9672E+02  9.7724E+02  1.9816E+00
  1.7000E+01  0.0000E+00  0.0000E+00  1.0000E+00  1.0000E+00  6.0000E-01  1.0000E+00  2.0000E+00  0.0000E+00  0.0000E+00 -1.8184E+00 -5.4562E+07  5.4562E+07  0.0000E+00  0.0000E+00  5.4562E+07  0.0000E+00  0.0000E+00
  1.7000E+01  1.0080E+03  2.0616E+03  0.0000E+00  1.0000E+00  0.0000E+00  0.0000E+00  2.0000E+00  4.3000E+01  6.0000E+00  2.3619E+00  1.1649E+03  8.9678E+02  2.3620E+00  2.0616E+03  8.9672E+02  1.1649E+03  2.3622E+00
  1.8000E+01  0.0000E+00  0.0000E+00  1.0000E+00  1.0000E+00  6.0000E-01  1.0000E+00  2.0000E+00  0.0000E+00  0.0000E+00 -1.8184E+00 -5.4562E+07  5.4562E+07  0.0000E+00  0.0000E+00  5.4562E+07  0.0000E+00  0.0000E+00
  1.8000E+01  1.3440E+03  8.9043E+01  0.0000E+00  1.0000E+00  0.0000E+00  0.0000E+00  2.0000E+00  5.7000E+01  8.0000E+00 -2.9388E-01 -1.7165E+01  1.0621E+02 -2.9390E-01  8.9043E+01  1.0621E+02 -1.7166E+01 -2.9389E-01
  1.9000E+01  0.0000E+00  0.0000E+00  1.0000E+00  1.0000E+00  6.0000E-01  1.0000E+00  2.0000E+00  0.0000E+00  0.0000E+00 -1.8184E+00 -5.4562E+07  5.4562E+07  0.0000E+00  0.0000E+00  5.4562E+07  0.0000E+00  0.0000E+00
  1.9000E+01  1.3440E+03  9.1735E+01  0.0000E+00  1.0000E+00  0.0000E+00  0.0000E+00  2.0000E+00  5.7000E+01  8.0000E+00 -2.4779E-01 -1.4473E+01  1.0621E+02 -2.4781E-01  9.1735E+01  1.0621E+02 -1.4474E+01 -2.4780E-01
  2.0000E+01  0.0000E+00  0.0000E+00  1.0000E+00  1.0000E+00  6.0000E-01  1.0000E+00  2.0000E+00  0.0000E+00  0.0000E+00 -1.8184E+00 -5.4562E+07  5.4562E+07  0.0000E+00  0.0000E+00  5.4562E+07  0.0000E+00  0.0000E+00
  2.0000E+01  1.3440E+03  1.4429E+02  0.0000E+00  1.0000E+00  0.0000E+00  0.0000E+00  2.0000E+00  5.7000E+01  8.0000E+00  6.5189E-01  3.8077E+01  1.0621E+02  6.5189E-01  1.4429E+02  1.0621E+02  3.8077E+01  6.5189E-01
  1.0100E+02  0.0000E+00  0.0000E+00  1.0000E+00  1.0000E+00  1.2000E+00  0.0000E+00  2.0000E+00  0.0000E+00  0.0000E+00 -1.8184E+00 -1.0912E+08  1.0912E+08  0.0000E+00  0.0000E+00  1.0912E+08  0.0000E+00  0.0000E+00
  1.0100E+02  3.3600E+02  1.3594E+05  0.0000E+00  1.0000E+00  0.0000E+00  1.0000E+00  2.0000E+00  1.5000E+01  2.0000E+00  1.1510E-01  8.0928E+03  1.2785E+05  1.1509E-01  1.3594E+05  1.2785E+05  8.0923E+03  1.1509E-01
  1.0200E+02  0.0000E+00  0.0000E+00  1.0000E+00  1.0000E+00  1.2000E+00  0.0000E+00  2.0000E+00  0.0000E+00  0.0000E+00 -1.8184E+00 -1.0912E+08  1.0912E+08  0.0000E+00  0.0000E+00  1.0912E+08  0.0000E+00  0.0000E+00
  1.0200E+02  3.3600E+02  1.0246E+05  0.0000E+00  1.0000E+00  0.0000E+00  1.0000E+00  2.0000E+00  1.5000E+01  2.0000E+00 -3.6106E-01 -2.5386E+04  1.2785E+05 -3.6107E-01  1.0246E+05  1.2785E+05 -2.5387E+04 -3.6106E-01
  1.0300E+02  0.0000E+00  0.0000E+00  1.0000E+00  1.0000E+00  1.2000E+00  0.0000E+00  2.0000E+00  0.0000E+00  0.0000E+00 -1.8184E+00 -1.0912E+08  1.0912E+08  0.0000E+00  0.0000E+00  1.0912E+08  0.0000E+00  0.0000E+00
  1.0300E+02  6.7200E+02  1.4701E+04  0.0000E+00  1.0000E+00  0.0000E+00  1.0000E+00  2.0000E+00  2.9000E+01  4.0000E+00 -5.2991E-02 -4.4127E+02  1.5142E+04 -5.3003E-02  1.4701E+04  1.5142E+04 -4.4137E+02 -5.3002E-02
  1.0400E+02  0.0000E+00  0.0000E+00  1.0000E+00  1.0000E+00  1.2000E+00  0.0000E+00  2.0000E+00  0.0000E+00  0.0000E+00 -1.8184E+00 -1.0912E+08  1.0912E+08  0.0000E+00  0.0000E+00  1.0912E+08  0.0000E+00  0.0000E+00
  1.0400E+02  6.7200E+02  1.6894E+04  0.0000E+00  1.0000E+00  0.0000E+00  1.0000E+00  2.0000E+00  2.9000E+01  4.0000E+00  2.1039E-01  1.7520E+03  1.5142E+04  2.1038E-01  1.6894E+04  1.5142E+04  1.7520E+03  2.1038E-01
  1.0500E+02  0.0000E+00  0.0000E+00  1.0000E+00  1.0000E+00  1.2000E+00  0.0000E+00  2.0000E+00  0.0000E+00  0.0000E+00 -1.8184E+00 -1.0912E+08  1.0912E+08  0.0000E+00  0.0000E+00  1.0912E+08  0.0000E+00  0.0000E+00
  1.0500E+02  6.7200E+02  1.4891E+04  0.0000E+00  1.0000E+00  0.0000E+00  1.0000E+00  2.0000E+00  2.9000E+01  4.0000E+00 -3.0145E-02 -2.5103E+02  1.5142E+04 -3.0156E-02  1.4891E+04  1.5142E+04 -2.5112E+02 -3.0156E-02
  1.0600E+02  0.0000E+00  0.0000E+00  1.0000E+00  1.0000E+00  1.2000E+00  0.0000E+00  2.0000E+00  0.0000E+00  0.0000E+00 -1.8184E+00 -1.0912E+08  1.0912E+08  0.0000E+00  0.0000E+00  1.0912E+08  0.0000E+00  0.0000E+00
  1.0600E+02  1.0080E+03  1.0314E+03  0.0000E+00  1.0000E+00  0.0000E+00  1.0000E+00  2.0000E+00  4.3000E+01  6.0000E+00 -7.7266E-01 -7.6207E+02  1.7934E+03 -7.7267E-01  1.0314E+03  1.7934E+03 -7.6209E+02 -7.7266E-01
  1.0700E+02  0.0000E+00  0.0000E+00  1.0000E+00  1.0000E+00  1.2000E+00  0.0000E+00  2.0000E+00  0.0000E+00  0.0000E+00 -1.8184E+00 -1.0912E+08  1.0912E+08  0.0000E+00  0.0000E+00  1.0912E+08  0.0000E+00  0.0000E+00
  1.0700E+02  1.0080E+03  1.7030E+03  0.0000E+00  1.0000E+00  0.0000E+00  1.0000E+00  2.0000E+00  4.3000E+01  6.0000E+00 -9.1719E-02 -9.0462E+01  1.7934E+03 -9.1732E-02  1.7030E+03  1.7934E+03 -9.0476E+01 -9.1731E-02
  1.0800E+02  0.0000E+00  0.0000E+00  1.0000E+00  1.0000E+00  1.2000E+00  0.0000E+00  2.0000E+00  0.0000E+00  0.0000E+00 -1.8184E+00 -1.0912E+08  1.0912E+08  0.0000E+00  0.0000E+00  1.0912E+08  0.0000E+00  0.0000E+00
  1.0800E+02  1.3440E+03  9.6058E+01  0.0000E+00  1.0000E+00  0.0000E+00  1.0000E+00  2.0000E+00  5.7000E+01  8.0000E+00 -9.9607E-01 -1.1636E+02  2.1242E+02 -9.9608E-01  9.6058E+01  2.1242E+02 -1.1636E+02 -9.9606E-01
  1.0900E+02  0.0000E+00  0.0000E+00  1.0000E+00  1.0000E+00  1.2000E+00  0.0000E+00  2.0000E+00  0.0000E+00  0.0000E+00 -1.8184E+00 -1.0912E+08  1.0912E+08  0.0000E+00  0.0000E+00  1.0912E+08  0.0000E+00  0.0000E+00
  1.0900E+02  1.3440E+03  9.1258E+01  0.0000E+00  1.0000E+00  0.0000E+00  1.0000E+00  2.0000E+00  5.7000E+01  8.0000E+00 -1.0372E+00 -1.2116E+02  2.1242E+02 -1.0372E+00  9.1258E+01  2.1242E+02 -1.2116E+02 -1.0371E+00
  1.1000E+02  0.0000E+00  0.0000E+00  1.0000E+00  1.0000E+00  1.2000E+00  0.0000E+00  2.0000E+00  0.0000E+00  0.0000E+00 -1.8184E+00 -1.0912E+08  1.0912E+08  0.0000E+00  0.0000E+00  1.0912E+08  0.0000E+00  0.0000E+00
  1.1000E+02  1.3440E+03  1.7773E+02  0.0000E+00  1.0000E+00  0.0000E+00  1.0000E+00  2.0000E+00  5.7000E+01  8.0000E+00 -2.9694E-01 -3.4688E+01  2.1242E+02 -2.9696E-01  1.7773E+02  2.1242E+02 -3.4690E+01 -2.9695E-01
  1.1100E+02  0.0000E+00  0.0000E+00  1.0000E+00  1.0000E+00  1.2000E+00  1.0000E+00  2.0000E+00  0.0000E+00  0.0000E+00 -1.8184E+00 -1.0912E+08  1.0912E+08  0.0000E+00  0.0000E+00  1.0912E+08  0.0000E+00  0.0000E+00
  1.1100E+02  3.3600E+02  1.6647E+05  0.0000E+00  1.0000E+00  0.0000E+00  0.0000E+00  2.0000E+00  1.5000E+01  2.0000E+00  5.4925E-01  3.8619E+04  1.2785E+05  5.4925E-01  1.6647E+05  1.2785E+05  3.8619E+04  5.4925E-01
  1.1200E+02  0.0000E+00  0.0000E+00  1.0000E+00  1.0000E+00  1.2000E+00  1.0000E+00  2.0000E+00  0.0000E+00  0.0000E+00 -1.8184E+00 -1.0912E+08  1.0912E+08  0.0000E+00  0.0000E+00  1.0912E+08  0.0000E+00  0.0000E+00
  1.1200E+02  3.3600E+02  1.8462E+05  0.0000E+00  1.0000E+00  0.0000E+00  0.0000E+00  2.0000E+00  1.5000E+01  2.0000E+00  8.0737E-01  5.6768E+04  1.2785E+05  8.0738E-01  1.8462E+05  1.2785E+05  5.6768E+04  8.0738E-01
  1.1300E+02  0.0000E+00  0.0000E+00  1.0000E+00  1.0000E+00  1.2000E+00  1.0000E+00  2.0000E+00  0.0000E+00  0.0000E+00 -1.8184E+00 -1.0912E+08  1.0912E+08  0.0000E+00  0.0000E+00  1.0912E+08  0.0000E+00  0.0000E+00
  1.1300E+02  6.7200E+02  8.8602E+03  0.0000E+00  1.0000E+00  0.0000E+00  0.0000E+00  2.0000E+00  2.9000E+01  4.0000E+00 -7.5435E-01 -6.2817E+03  1.5142E+04 -7.5437E-01  8.8602E+03  1.5142E+04 -6.2818E+03 -7.5436E-01
  1.1400E+02  0.0000E+00  0.0000E+00  1.0000E+00  1.0000E+00  1.2000E+00  1.0000E+00  2.0000E+00  0.0000E+00  0.0000E+00 -1.8184E+00 -1.0912E+08  1.0912E+08  0.0000E+00  0.0000E+00  1.0912E+08  0.0000E+00  0.0000E+00
  1.1400E+02  6.7200E+02  1.8939E+04  0.0000E+00  1.0000E+00  0.0000E+00  0.0000E+00  2.0000E+00  2.9000E+01  4.0000E+00  4.5602E-01  3.7974E+03  1.5142E+04  4.5602E-01  1.8939E+04  1.5142E+04  3.7974E+03  4.5601E-01
  1.1500E+02  0.0000E+00  0.0000E+00  1.0000E+00  1.0000E+00  1.2000E+00  1.0000E+00  2.0000E+00  0.0000E+00  0.0000E+00 -1.8184E+00 -1.0912E+08  1.0912E+08  0.0000E+00  0.0000E+00  1.0912E+08  0.0000E+00  0.0000E+00
  1.1500E+02  6.7200E+02  1.2609E+04  0.0000E+00  1.0000E+00  0.0000E+00  0.0000E+00  2.0000E+00  2.9000E+01  4.0000E+00 -3.0414E-01 -2.5326E+03  1.5142E+04 -3.0415E-01  1.2609E+04  1.5142E+04 -2.5328E+03 -3.0415E-01
  1.1600E+02  0.0000E+00  0.0000E+00  1.0000E+00  1.0000E+00  1.2000E+00  1.0000E+00  2.0000E+00  0.0000E+00  0.0000E+00 -1.8184E+00 -1.0912E+08  1.0912E+08  0.0000E+00  0.0000E+00  1.0912E+08  0.0000E+00  0.0000E+00
  1.1600E+02  1.0080E+03  9.7019E+02  0.0000E+00  1.0000E+00  0.0000E+00  0.0000E+00  2.0000E+00  4.3000E+01  6.0000E+00 -8.3468E-01 -8.2323E+02  1.7934E+03 -8.3469E-01  9.7019E+02  1.7934E+03 -8.2325E+02 -8.3468E-01
  1.1700E+02  0.0000E+00  0.0000E+00  1.0000E+00  1.0000E+00  1.2000E+00  1.0000E+00  2.0000E+00  0.0000E+00  0.0000E+00 -1.8184E+00 -1.0912E+08  1.0912E+08  0.0000E+00  0.0000E+00  1.0912E+08  0.0000E+00  0.0000E+00
  1.1700E+02  1.0080E+03  9.8057E+02  0.0000E+00  1.0000E+00  0.0000E+00  0.0000E+00  2.0000E+00  4.3000E+01  6.0000E+00 -8.2416E-01 -8.1286E+02  1.7934E+03 -8.2417E-01  9.8057E+02  1.7934E+03 -8.1288E+02 -8.2416E-01
  1.1800E+02  0.0000E+00  0.0000E+00  1.0000E+00  1.0000E+00  1.2000E+00  1.0000E+00  2.0000E+00  0.0000E+00  0.0000E+00 -1.8184E+00 -1.0912E+08  1.0912E+08  0.0000E+00  0.0000E+00  1.0912E+08  0.0000E+00  0.0000E+00
  1.1800E+02  1.3440E+03  8.1596E+01  0.0000E+00  1.0000E+00  0.0000E+00  0.0000E+00  2.0000E+00  5.7000E+01  8.0000E+00 -1.1199E+00 -1.3082E+02  2.1242E+02 -1.1199E+00  8.1596E+01  2.1242E+02 -1.3082E+02 -1.1199E+00
  1.1900E+02  0.0000E+00  0.0000E+00  1.0000E+00  1.0000E+00  1.2000E+00  1.0000E+00  2.0000E+00  0.0000E+00  0.0000E+00 -1.8184E+00 -1.0912E+08  1.0912E+08  0.0000E+00  0.0000E+00  1.0912E+08  0.0000E+00  0.0000E+00
  1.1900E+02  1.3440E+03  1.3986E+02  0.0000E+00  1.0000E+00  0.0000E+00  0.0000E+00  2.0000E+00  5.7000E+01  8.0000E+00 -6.2112E-01 -7.2558E+01  2.1242E+02 -6.2114E-01  1.3986E+02  2.1242E+02 -7.2561E+01 -6.2113E-01
  1.2000E+02  0.0000E+00  0.0000E+00  1.0000E+00  1.0000E+00  1.2000E+00  1.0000E+00  2.0000E+00  0.0000E+00  0.0000E+00 -1.8184E+00 -1.0912E+08  1.0912E+08  0.0000E+00  0.0000E+00  1.0912E+08  0.0000E+00  0.0000E+00
  1.2000E+02  1.3440E+03  1.4386E+02  0.0000E+00  1.0000E+00  0.0000E+00  0.0000E+00  2.0000E+00  5.7000E+01  8.0000E+00 -5.8685E-01 -6.8555E+01  2.1242E+02 -5.8687E-01  1.4386E+02  2.1242E+02 -6.8558E+01 -5.8686E-01
