TABLE NO.  1
 ID          TIME        DV          MDV         CMT         AMT         LEFT        SITE        DAY         WEEK        IWRES       IRES        IPRED       CWRES       DV          PRED        RES         WRES
  1.0000E+00  0.0000E+00  0.0000E+00  1.0000E+00  1.0000E+00  6.0000E-01  0.0000E+00  2.0000E+00  0.0000E+00  0.0000E+00 -1.8175E+00 -5.3934E+05  5.3934E+05  0.0000E+00  0.0000E+00  5.3934E+05  0.0000E+00  0.0000E+00
  1.0000E+00  3.3600E+02  4.2240E+04  0.0000E+00  1.0000E+00  0.0000E+00  1.0000E+00  2.0000E+00  1.5000E+01  2.0000E+00 -6.1515E-01 -2.1610E+04  6.3851E+04 -6.1515E-01  4.2240E+04  6.3851E+04 -2.1610E+04 -6.1515E-01
  2.0000E+00  0.0000E+00  0.0000E+00  1.0000E+00  1.0000E+00  6.0000E-01  0.0000E+00  2.0000E+00  0.0000E+00  0.0000E+00 -1.8175E+00 -5.3934E+05  5.3934E+05  0.0000E+00  0.0000E+00  5.3934E+05  0.0000E+00  0.0000E+00
  2.0000E+00  3.3600E+02  7.5107E+04  0.0000E+00  1.0000E+00  0.0000E+00  1.0000E+00  2.0000E+00  1.5000E+01  2.0000E+00  3.2041E-01  1.1256E+04  6.3851E+04  3.2041E-01  7.5107E+04  6.3851E+04  1.1256E+04  3.2041E-01
  3.0000E+00  0.0000E+00  0.0000E+00  1.0000E+00  1.0000E+00  6.0000E-01  0.0000E+00  2.0000E+00  0.0000E+00  0.0000E+00 -1.8175E+00 -5.3934E+05  5.3934E+05  0.0000E+00  0.0000E+00  5.3934E+05  0.0000E+00  0.0000E+00
  3.0000E+00  6.7200E+02  1.2155E+04  0.0000E+00  1.0000E+00  0.0000E+00  1.0000E+00  2.0000E+00  2.9000E+01  4.0000E+00  1.1049E+00  4.5954E+03  7.5591E+03  1.1049E+00  1.2155E+04  7.5591E+03  4.5954E+03  1.1049E+00
  4.0000E+00  0.0000E+00  0.0000E+00  1.0000E+00  1.0000E+00  6.0000E-01  0.0000E+00  2.0000E+00  0.0000E+00  0.0000E+00 -1.8175E+00 -5.3934E+05  5.3934E+05  0.0000E+00  0.0000E+00  5.3934E+05  0.0000E+00  0.0000E+00
  4.0000E+00  6.7200E+02  8.7923E+03  0.0000E+00  1.0000E+00  0.0000E+00  1.0000E+00  2.0000E+00  2.9000E+01  4.0000E+00  2.9650E-01  1.2331E+03  7.5591E+03  2.9650E-01  8.7923E+03  7.5591E+03  1.2331E+03  2.9650E-01
  5.0000E+00  0.0000E+00  0.0000E+00  1.0000E+00  1.0000E+00  6.0000E-01  0.0000E+00  2.0000E+00  0.0000E+00  0.0000E+00 -1.8175E+00 -5.3934E+05  5.3934E+05  0.0000E+00  0.0000E+00  5.3934E+05  0.0000E+00  0.0000E+00
  5.0000E+00  6.7200E+02  0.0000E+00  1.0000E+00  1.0000E+00  0.0000E+00  1.0000E+00  2.0000E+00  2.9000E+01  4.0000E+00 -1.8175E+00 -7.5591E+03  7.5591E+03  0.0000E+00  0.0000E+00  7.5591E+03  0.0000E+00  0.0000E+00
  6.0000E+00  0.0000E+00  0.0000E+00  1.0000E+00  1.0000E+00  6.0000E-01  0.0000E+00  2.0000E+00  0.0000E+00  0.0000E+00 -1.8175E+00 -5.3934E+05  5.3934E+05  0.0000E+00  0.0000E+00  5.3934E+05  0.0000E+00  0.0000E+00
  6.0000E+00  1.0080E+03  8.5126E+02  0.0000E+00  1.0000E+00  0.0000E+00  1.0000E+00  2.0000E+00  4.3000E+01  6.0000E+00 -8.8632E-02 -4.3640E+01  8.9490E+02 -8.8632E-02  8.5126E+02  8.9490E+02 -4.3640E+01 -8.8632E-02
  7.0000E+00  0.0000E+00  0.0000E+00  1.0000E+00  1.0000E+00  6.0000E-01  0.0000E+00  2.0000E+00  0.0000E+00  0.0000E+00 -1.8175E+00 -5.3934E+05  5.3934E+05  0.0000E+00  0.0000E+00  5.3934E+05  0.0000E+00  0.0000E+00
  7.0000E+00  1.0080E+03  2.7002E+03  0.0000E+00  1.0000E+00  0.0000E+00  1.0000E+00  2.0000E+00  4.3000E+01  6.0000E+00  3.6666E+00  1.8053E+03  8.9490E+02  3.6666E+00  2.7002E+03  8.9490E+02  1.8053E+03  3.6666E+00
  8.0000E+00  0.0000E+00  0.0000E+00  1.0000E+00  1.0000E+00  6.0000E-01  0.0000E+00  2.0000E+00  0.0000E+00  0.0000E+00 -1.8175E+00 -5.3934E+05  5.3934E+05  0.0000E+00  0.0000E+00  5.3934E+05  0.0000E+00  0.0000E+00
  8.0000E+00  1.3440E+03  1.8114E+01  0.0000E+00  1.0000E+00  0.0000E+00  1.0000E+00  2.0000E+00  5.7000E+01  8.0000E+00 -1.5068E+00 -8.7831E+01  1.0594E+02 -1.5068E+00  1.8114E+01  1.0594E+02 -8.7831E+01 -1.5068E+00
  9.0000E+00  0.0000E+00  0.0000E+00  1.0000E+00  1.0000E+00  6.0000E-01  0.0000E+00  2.0000E+00  0.0000E+00  0.0000E+00 -1.8175E+00 -5.3934E+05  5.3934E+05  0.0000E+00  0.0000E+00  5.3934E+05  0.0000E+00  0.0000E+00
  9.0000E+00  1.3440E+03  8.3834E+01  0.0000E+00  1.0000E+00  0.0000E+00  1.0000E+00  2.0000E+00  5.7000E+01  8.0000E+00 -3.7932E-01 -2.2111E+01  1.0594E+02 -3.7932E-01  8.3834E+01  1.0594E+02 -2.2111E+01 -3.7932E-01
  1.0000E+01  0.0000E+00  0.0000E+00  1.0000E+00  1.0000E+00  6.0000E-01  0.0000E+00  2.0000E+00  0.0000E+00  0.0000E+00 -1.8175E+00 -5.3934E+05  5.3934E+05  0.0000E+00  0.0000E+00  5.3934E+05  0.0000E+00  0.0000E+00
  1.0000E+01  1.3440E+03  1.3938E+02  0.0000E+00  1.0000E+00  0.0000E+00  1.0000E+00  2.0000E+00  5.7000E+01  8.0000E+00  5.7352E-01  3.3431E+01  1.0594E+02  5.7352E-01  1.3938E+02  1.0594E+02  3.3431E+01  5.7352E-01
  1.1000E+01  0.0000E+00  0.0000E+00  1.0000E+00  1.0000E+00  6.0000E-01  1.0000E+00  2.0000E+00  0.0000E+00  0.0000E+00 -1.8175E+00 -5.3934E+05  5.3934E+05  0.0000E+00  0.0000E+00  5.3934E+05  0.0000E+00  0.0000E+00
  1.1000E+01  3.3600E+02  8.9013E+04  0.0000E+00  1.0000E+00  0.0000E+00  0.0000E+00  2.0000E+00  1.5000E+01  2.0000E+00  7.1626E-01  2.5163E+04  6.3851E+04  7.1626E-01  8.9013E+04  6.3851E+04  2.5163E+04  7.1626E-01
  1.2000E+01  0.0000E+00  0.0000E+00  1.0000E+00  1.0000E+00  6.0000E-01  1.0000E+00  2.0000E+00  0.0000E+00  0.0000E+00 -1.8175E+00 -5.3934E+05  5.3934E+05  0.0000E+00  0.0000E+00  5.3934E+05  0.0000E+00  0.0000E+00
  1.2000E+01  3.3600E+02  5.4967E+04  0.0000E+00  1.0000E+00  0.0000E+00  0.0000E+00  2.0000E+00  1.5000E+01  2.0000E+00 -2.5289E-01 -8.8843E+03  6.3851E+04 -2.5289E-01  5.4967E+04  6.3851E+04 -8.8843E+03 -2.5289E-01
  1.3000E+01  0.0000E+00  0.0000E+00  1.0000E+00  1.0000E+00  6.0000E-01  1.0000E+00  2.0000E+00  0.0000E+00  0.0000E+00 -1.8175E+00 -5.3934E+05  5.3934E+05  0.0000E+00  0.0000E+00  5.3934E+05  0.0000E+00  0.0000E+00
  1.3000E+01  6.7200E+02  7.5606E+03  0.0000E+00  1.0000E+00  0.0000E+00  0.0000E+00  2.0000E+00  2.9000E+01  4.0000E+00  3.6381E-04  1.5131E+00  7.5591E+03  3.6381E-04  7.5606E+03  7.5591E+03  1.5131E+00  3.6381E-04
  1.4000E+01  0.0000E+00  0.0000E+00  1.0000E+00  1.0000E+00  6.0000E-01  1.0000E+00  2.0000E+00  0.0000E+00  0.0000E+00 -1.8175E+00 -5.3934E+05  5.3934E+05  0.0000E+00  0.0000E+00  5.3934E+05  0.0000E+00  0.0000E+00
  1.4000E+01  6.7200E+02  5.8805E+03  0.0000E+00  1.0000E+00  0.0000E+00  0.0000E+00  2.0000E+00  2.9000E+01  4.0000E+00 -4.0361E-01 -1.6786E+03  7.5591E+03 -4.0361E-01  5.8805E+03  7.5591E+03 -1.6786E+03 -4.0361E-01
  1.5000E+01  0.0000E+00  0.0000E+00  1.0000E+00  1.0000E+00  6.0000E-01  1.0000E+00  2.0000E+00  0.0000E+00  0.0000E+00 -1.8175E+00 -5.3934E+05  5.3934E+05  0.0000E+00  0.0000E+00  5.3934E+05  0.0000E+00  0.0000E+00
  1.5000E+01  6.7200E+02  1.6131E+03  0.0000E+00  1.0000E+00  0.0000E+00  0.0000E+00  2.0000E+00  2.9000E+01  4.0000E+00 -1.4297E+00 -5.9460E+03  7.5591E+03 -1.4297E+00  1.6131E+03  7.5591E+03 -5.9460E+03 -1.4297E+00
  1.6000E+01  0.0000E+00  0.0000E+00  1.0000E+00  1.0000E+00  6.0000E-01  1.0000E+00  2.0000E+00  0.0000E+00  0.0000E+00 -1.8175E+00 -5.3934E+05  5.3934E+05  0.0000E+00  0.0000E+00  5.3934E+05  0.0000E+00  0.0000E+00
  1.6000E+01  1.0080E+03  1.8740E+03  0.0000E+00  1.0000E+00  0.0000E+00  0.0000E+00  2.0000E+00  4.3000E+01  6.0000E+00  1.9885E+00  9.7906E+02  8.9490E+02  1.9885E+00  1.8740E+03  8.9490E+02  9.7906E+02  1.9885E+00
  1.7000E+01  0.0000E+00  0.0000E+00  1.0000E+00  1.0000E+00  6.0000E-01  1.0000E+00  2.0000E+00  0.0000E+00  0.0000E+00 -1.8175E+00 -5.3934E+05  5.3934E+05  0.0000E+00  0.0000E+00  5.3934E+05  0.0000E+00  0.0000E+00
  1.7000E+01  1.0080E+03  2.0616E+03  0.0000E+00  1.0000E+00  0.0000E+00  0.0000E+00  2.0000E+00  4.3000E+01  6.0000E+00  2.3696E+00  1.1667E+03  8.9490E+02  2.3696E+00  2.0616E+03  8.9490E+02  1.1667E+03  2.3696E+00
  1.8000E+01  0.0000E+00  0.0000E+00  1.0000E+00  1.0000E+00  6.0000E-01  1.0000E+00  2.0000E+00  0.0000E+00  0.0000E+00 -1.8175E+00 -5.3934E+05  5.3934E+05  0.0000E+00  0.0000E+00  5.3934E+05  0.0000E+00  0.0000E+00
  1.8000E+01  1.3440E+03  8.9043E+01  0.0000E+00  1.0000E+00  0.0000E+00  0.0000E+00  2.0000E+00  5.7000E+01  8.0000E+00 -2.8996E-01 -1.6902E+01  1.0594E+02 -2.8996E-01  8.9043E+01  1.0594E+02 -1.6902E+01 -2.8996E-01
  1.9000E+01  0.0000E+00  0.0000E+00  1.0000E+00  1.0000E+00  6.0000E-01  1.0000E+00  2.0000E+00  0.0000E+00  0.0000E+00 -1.8175E+00 -5.3934E+05  5.3934E+05  0.0000E+00  0.0000E+00  5.3934E+05  0.0000E+00  0.0000E+00
  1.9000E+01  1.3440E+03  9.1735E+01  0.0000E+00  1.0000E+00  0.0000E+00  0.0000E+00  2.0000E+00  5.7000E+01  8.0000E+00 -2.4378E-01 -1.4210E+01  1.0594E+02 -2.4378E-01  9.1735E+01  1.0594E+02 -1.4210E+01 -2.4378E-01
  2.0000E+01  0.0000E+00  0.0000E+00  1.0000E+00  1.0000E+00  6.0000E-01  1.0000E+00  2.0000E+00  0.0000E+00  0.0000E+00 -1.8175E+00 -5.3934E+05  5.3934E+05  0.0000E+00  0.0000E+00  5.3934E+05  0.0000E+00  0.0000E+00
  2.0000E+01  1.3440E+03  1.4429E+02  0.0000E+00  1.0000E+00  0.0000E+00  0.0000E+00  2.0000E+00  5.7000E+01  8.0000E+00  6.5778E-01  3.8342E+01  1.0594E+02  6.5778E-01  1.4429E+02  1.0594E+02  3.8342E+01  6.5778E-01
  1.0100E+02  0.0000E+00  0.0000E+00  1.0000E+00  1.0000E+00  1.2000E+00  0.0000E+00  2.0000E+00  0.0000E+00  0.0000E+00 -1.8175E+00 -1.0787E+06  1.0787E+06  0.0000E+00  0.0000E+00  1.0787E+06  0.0000E+00  0.0000E+00
  1.0100E+02  3.3600E+02  1.3594E+05  0.0000E+00  1.0000E+00  0.0000E+00  1.0000E+00  2.0000E+00  1.5000E+01  2.0000E+00  1.1730E-01  8.2417E+03  1.2770E+05  1.1730E-01  1.3594E+05  1.2770E+05  8.2417E+03  1.1730E-01
  1.0200E+02  0.0000E+00  0.0000E+00  1.0000E+00  1.0000E+00  1.2000E+00  0.0000E+00  2.0000E+00  0.0000E+00  0.0000E+00 -1.8175E+00 -1.0787E+06  1.0787E+06  0.0000E+00  0.0000E+00  1.0787E+06  0.0000E+00  0.0000E+00
  1.0200E+02  3.3600E+02  1.0246E+05  0.0000E+00  1.0000E+00  0.0000E+00  1.0000E+00  2.0000E+00  1.5000E+01  2.0000E+00 -3.5920E-01 -2.5238E+04  1.2770E+05 -3.5920E-01  1.0246E+05  1.2770E+05 -2.5238E+04 -3.5920E-01
  1.0300E+02  0.0000E+00  0.0000E+00  1.0000E+00  1.0000E+00  1.2000E+00  0.0000E+00  2.0000E+00  0.0000E+00  0.0000E+00 -1.8175E+00 -1.0787E+06  1.0787E+06  0.0000E+00  0.0000E+00  1.0787E+06  0.0000E+00  0.0000E+00
  1.0300E+02  6.7200E+02  1.4701E+04  0.0000E+00  1.0000E+00  0.0000E+00  1.0000E+00  2.0000E+00  2.9000E+01  4.0000E+00 -5.0201E-02 -4.1757E+02  1.5118E+04 -5.0201E-02  1.4701E+04  1.5118E+04 -4.1757E+02 -5.0201E-02
  1.0400E+02  0.0000E+00  0.0000E+00  1.0000E+00  1.0000E+00  1.2000E+00  0.0000E+00  2.0000E+00  0.0000E+00  0.0000E+00 -1.8175E+00 -1.0787E+06  1.0787E+06  0.0000E+00  0.0000E+00  1.0787E+06  0.0000E+00  0.0000E+00
  1.0400E+02  6.7200E+02  1.6894E+04  0.0000E+00  1.0000E+00  0.0000E+00  1.0000E+00  2.0000E+00  2.9000E+01  4.0000E+00  2.1348E-01  1.7758E+03  1.5118E+04  2.1348E-01  1.6894E+04  1.5118E+04  1.7758E+03  2.1348E-01
  1.0500E+02  0.0000E+00  0.0000E+00  1.0000E+00  1.0000E+00  1.2000E+00  0.0000E+00  2.0000E+00  0.0000E+00  0.0000E+00 -1.8175E+00 -1.0787E+06  1.0787E+06  0.0000E+00  0.0000E+00  1.0787E+06  0.0000E+00  0.0000E+00
  1.0500E+02  6.7200E+02  1.4891E+04  0.0000E+00  1.0000E+00  0.0000E+00  1.0000E+00  2.0000E+00  2.9000E+01  4.0000E+00 -2.7329E-02 -2.2732E+02  1.5118E+04 -2.7329E-02  1.4891E+04  1.5118E+04 -2.2732E+02 -2.7329E-02
  1.0600E+02  0.0000E+00  0.0000E+00  1.0000E+00  1.0000E+00  1.2000E+00  0.0000E+00  2.0000E+00  0.0000E+00  0.0000E+00 -1.8175E+00 -1.0787E+06  1.0787E+06  0.0000E+00  0.0000E+00  1.0787E+06  0.0000E+00  0.0000E+00
  1.0600E+02  1.0080E+03  1.0314E+03  0.0000E+00  1.0000E+00  0.0000E+00  1.0000E+00  2.0000E+00  4.3000E+01  6.0000E+00 -7.7020E-01 -7.5844E+02  1.7898E+03 -7.7020E-01  1.0314E+03  1.7898E+03 -7.5844E+02 -7.7020E-01
  1.0700E+02  0.0000E+00  0.0000E+00  1.0000E+00  1.0000E+00  1.2000E+00  0.0000E+00  2.0000E+00  0.0000E+00  0.0000E+00 -1.8175E+00 -1.0787E+06  1.0787E+06  0.0000E+00  0.0000E+00  1.0787E+06  0.0000E+00  0.0000E+00
  1.0700E+02  1.0080E+03  1.7030E+03  0.0000E+00  1.0000E+00  0.0000E+00  1.0000E+00  2.0000E+00  4.3000E+01  6.0000E+00 -8.8178E-02 -8.6832E+01  1.7898E+03 -8.8178E-02  1.7030E+03  1.7898E+03 -8.6832E+01 -8.8178E-02
  1.0800E+02  0.0000E+00  0.0000E+00  1.0000E+00  1.0000E+00  1.2000E+00  0.0000E+00  2.0000E+00  0.0000E+00  0.0000E+00 -1.8175E+00 -1.0787E+06  1.0787E+06  0.0000E+00  0.0000E+00  1.0787E+06  0.0000E+00  0.0000E+00
  1.0800E+02  1.3440E+03  9.6058E+01  0.0000E+00  1.0000E+00  0.0000E+00  1.0000E+00  2.0000E+00  5.7000E+01  8.0000E+00 -9.9358E-01 -1.1583E+02  2.1189E+02 -9.9358E-01  9.6058E+01  2.1189E+02 -1.1583E+02 -9.9358E-01
  1.0900E+02  0.0000E+00  0.0000E+00  1.0000E+00  1.0000E+00  1.2000E+00  0.0000E+00  2.0000E+00  0.0000E+00  0.0000E+00 -1.8175E+00 -1.0787E+06  1.0787E+06  0.0000E+00  0.0000E+00  1.0787E+06  0.0000E+00  0.0000E+00
  1.0900E+02  1.3440E+03  9.1258E+01  0.0000E+00  1.0000E+00  0.0000E+00  1.0000E+00  2.0000E+00  5.7000E+01  8.0000E+00 -1.0347E+00 -1.2063E+02  2.1189E+02 -1.0347E+00  9.1258E+01  2.1189E+02 -1.2063E+02 -1.0347E+00
  1.1000E+02  0.0000E+00  0.0000E+00  1.0000E+00  1.0000E+00  1.2000E+00  0.0000E+00  2.0000E+00  0.0000E+00  0.0000E+00 -1.8175E+00 -1.0787E+06  1.0787E+06  0.0000E+00  0.0000E+00  1.0787E+06  0.0000E+00  0.0000E+00
  1.1000E+02  1.3440E+03  1.7773E+02  0.0000E+00  1.0000E+00  0.0000E+00  1.0000E+00  2.0000E+00  5.7000E+01  8.0000E+00 -2.9303E-01 -3.4161E+01  2.1189E+02 -2.9303E-01  1.7773E+02  2.1189E+02 -3.4161E+01 -2.9303E-01
  1.1100E+02  0.0000E+00  0.0000E+00  1.0000E+00  1.0000E+00  1.2000E+00  1.0000E+00  2.0000E+00  0.0000E+00  0.0000E+00 -1.8175E+00 -1.0787E+06  1.0787E+06  0.0000E+00  0.0000E+00  1.0787E+06  0.0000E+00  0.0000E+00
  1.1100E+02  3.3600E+02  1.6647E+05  0.0000E+00  1.0000E+00  0.0000E+00  0.0000E+00  2.0000E+00  1.5000E+01  2.0000E+00  5.5178E-01  3.8768E+04  1.2770E+05  5.5178E-01  1.6647E+05  1.2770E+05  3.8768E+04  5.5178E-01
  1.1200E+02  0.0000E+00  0.0000E+00  1.0000E+00  1.0000E+00  1.2000E+00  1.0000E+00  2.0000E+00  0.0000E+00  0.0000E+00 -1.8175E+00 -1.0787E+06  1.0787E+06  0.0000E+00  0.0000E+00  1.0787E+06  0.0000E+00  0.0000E+00
  1.1200E+02  3.3600E+02  1.8462E+05  0.0000E+00  1.0000E+00  0.0000E+00  0.0000E+00  2.0000E+00  1.5000E+01  2.0000E+00  8.1009E-01  5.6918E+04  1.2770E+05  8.1009E-01  1.8462E+05  1.2770E+05  5.6918E+04  8.1009E-01
  1.1300E+02  0.0000E+00  0.0000E+00  1.0000E+00  1.0000E+00  1.2000E+00  1.0000E+00  2.0000E+00  0.0000E+00  0.0000E+00 -1.8175E+00 -1.0787E+06  1.0787E+06  0.0000E+00  0.0000E+00  1.0787E+06  0.0000E+00  0.0000E+00
  1.1300E+02  6.7200E+02  8.8602E+03  0.0000E+00  1.0000E+00  0.0000E+00  0.0000E+00  2.0000E+00  2.9000E+01  4.0000E+00 -7.5235E-01 -6.2580E+03  1.5118E+04 -7.5235E-01  8.8602E+03  1.5118E+04 -6.2580E+03 -7.5235E-01
  1.1400E+02  0.0000E+00  0.0000E+00  1.0000E+00  1.0000E+00  1.2000E+00  1.0000E+00  2.0000E+00  0.0000E+00  0.0000E+00 -1.8175E+00 -1.0787E+06  1.0787E+06  0.0000E+00  0.0000E+00  1.0787E+06  0.0000E+00  0.0000E+00
  1.1400E+02  6.7200E+02  1.8939E+04  0.0000E+00  1.0000E+00  0.0000E+00  0.0000E+00  2.0000E+00  2.9000E+01  4.0000E+00  4.5939E-01  3.8212E+03  1.5118E+04  4.5939E-01  1.8939E+04  1.5118E+04  3.8212E+03  4.5939E-01
  1.1500E+02  0.0000E+00  0.0000E+00  1.0000E+00  1.0000E+00  1.2000E+00  1.0000E+00  2.0000E+00  0.0000E+00  0.0000E+00 -1.8175E+00 -1.0787E+06  1.0787E+06  0.0000E+00  0.0000E+00  1.0787E+06  0.0000E+00  0.0000E+00
  1.1500E+02  6.7200E+02  1.2609E+04  0.0000E+00  1.0000E+00  0.0000E+00  0.0000E+00  2.0000E+00  2.9000E+01  4.0000E+00 -3.0163E-01 -2.5090E+03  1.5118E+04 -3.0163E-01  1.2609E+04  1.5118E+04 -2.5090E+03 -3.0163E-01
  1.1600E+02  0.0000E+00  0.0000E+00  1.0000E+00  1.0000E+00  1.2000E+00  1.0000E+00  2.0000E+00  0.0000E+00  0.0000E+00 -1.8175E+00 -1.0787E+06  1.0787E+06  0.0000E+00  0.0000E+00  1.0787E+06  0.0000E+00  0.0000E+00
  1.1600E+02  1.0080E+03  9.7019E+02  0.0000E+00  1.0000E+00  0.0000E+00  0.0000E+00  2.0000E+00  4.3000E+01  6.0000E+00 -8.3231E-01 -8.1961E+02  1.7898E+03 -8.3231E-01  9.7019E+02  1.7898E+03 -8.1961E+02 -8.3231E-01
  1.1700E+02  0.0000E+00  0.0000E+00  1.0000E+00  1.0000E+00  1.2000E+00  1.0000E+00  2.0000E+00  0.0000E+00  0.0000E+00 -1.8175E+00 -1.0787E+06  1.0787E+06  0.0000E+00  0.0000E+00  1.0787E+06  0.0000E+00  0.0000E+00
  1.1700E+02  1.0080E+03  9.8057E+02  0.0000E+00  1.0000E+00  0.0000E+00  0.0000E+00  2.0000E+00  4.3000E+01  6.0000E+00 -8.2178E-01 -8.0924E+02  1.7898E+03 -8.2178E-01  9.8057E+02  1.7898E+03 -8.0924E+02 -8.2178E-01
  1.1800E+02  0.0000E+00  0.0000E+00  1.0000E+00  1.0000E+00  1.2000E+00  1.0000E+00  2.0000E+00  0.0000E+00  0.0000E+00 -1.8175E+00 -1.0787E+06  1.0787E+06  0.0000E+00  0.0000E+00  1.0787E+06  0.0000E+00  0.0000E+00
  1.1800E+02  1.3440E+03  8.1596E+01  0.0000E+00  1.0000E+00  0.0000E+00  0.0000E+00  2.0000E+00  5.7000E+01  8.0000E+00 -1.1176E+00 -1.3029E+02  2.1189E+02 -1.1176E+00  8.1596E+01  2.1189E+02 -1.3029E+02 -1.1176E+00
  1.1900E+02  0.0000E+00  0.0000E+00  1.0000E+00  1.0000E+00  1.2000E+00  1.0000E+00  2.0000E+00  0.0000E+00  0.0000E+00 -1.8175E+00 -1.0787E+06  1.0787E+06  0.0000E+00  0.0000E+00  1.0787E+06  0.0000E+00  0.0000E+00
  1.1900E+02  1.3440E+03  1.3986E+02  0.0000E+00  1.0000E+00  0.0000E+00  0.0000E+00  2.0000E+00  5.7000E+01  8.0000E+00 -6.1787E-01 -7.2032E+01  2.1189E+02 -6.1787E-01  1.3986E+02  2.1189E+02 -7.2032E+01 -6.1787E-01
  1.2000E+02  0.0000E+00  0.0000E+00  1.0000E+00  1.0000E+00  1.2000E+00  1.0000E+00  2.0000E+00  0.0000E+00  0.0000E+00 -1.8175E+00 -1.0787E+06  1.0787E+06  0.0000E+00  0.0000E+00  1.0787E+06  0.0000E+00  0.0000E+00
  1.2000E+02  1.3440E+03  1.4386E+02  0.0000E+00  1.0000E+00  0.0000E+00  0.0000E+00  2.0000E+00  5.7000E+01  8.0000E+00 -5.8353E-01 -6.8029E+01  2.1189E+02 -5.8353E-01  1.4386E+02  2.1189E+02 -6.8029E+01 -5.8353E-01
