TABLE NO.  1
 ID          TIME        DV          MDV         CMT         AMT         LEFT        SITE        DAY         WEEK        IWRES       IRES        IPRED       CWRES       DV          PRED        RES         WRES
  1.0000E+00  0.0000E+00  0.0000E+00  1.0000E+00  1.0000E+00  6.0000E-01  0.0000E+00  2.0000E+00  0.0000E+00  0.0000E+00 -1.0000E+06 -6.9176E+05  6.9176E+05  0.0000E+00  0.0000E+00  6.9176E+05  0.0000E+00  0.0000E+00
  1.0000E+00  3.3600E+02  4.2240E+04  0.0000E+00  1.0000E+00  0.0000E+00  1.0000E+00  2.0000E+00  1.5000E+01  2.0000E+00 -6.8189E-06 -2.8803E-07  4.2240E+04 -2.1103E+00  4.2240E+04  7.0716E+04 -2.8475E+04 -1.8291E+00
  2.0000E+00  0.0000E+00  0.0000E+00  1.0000E+00  1.0000E+00  6.0000E-01  0.0000E+00  2.0000E+00  0.0000E+00  0.0000E+00 -1.0000E+06 -6.9176E+05  6.9176E+05  0.0000E+00  0.0000E+00  6.9176E+05  0.0000E+00  0.0000E+00
  2.0000E+00  3.3600E+02  7.5107E+04  0.0000E+00  1.0000E+00  0.0000E+00  1.0000E+00  2.0000E+00  1.5000E+01  2.0000E+00  2.2942E-06  1.7231E-07  7.5107E+04  2.7733E-01  7.5107E+04  7.0716E+04  4.3912E+03  2.8206E-01
  3.0000E+00  0.0000E+00  0.0000E+00  1.0000E+00  1.0000E+00  6.0000E-01  0.0000E+00  2.0000E+00  0.0000E+00  0.0000E+00 -1.0000E+06 -6.9176E+05  6.9176E+05  0.0000E+00  0.0000E+00  6.9176E+05  0.0000E+00  0.0000E+00
  3.0000E+00  6.7200E+02  1.2155E+04  0.0000E+00  1.0000E+00  0.0000E+00  1.0000E+00  2.0000E+00  2.9000E+01  4.0000E+00  4.2105E-06  5.1177E-08  1.2155E+04  1.2529E+00  1.2155E+04  7.2289E+03  4.9256E+03  1.5475E+00
  4.0000E+00  0.0000E+00  0.0000E+00  1.0000E+00  1.0000E+00  6.0000E-01  0.0000E+00  2.0000E+00  0.0000E+00  0.0000E+00 -1.0000E+06 -6.9176E+05  6.9176E+05  0.0000E+00  0.0000E+00  6.9176E+05  0.0000E+00  0.0000E+00
  4.0000E+00  6.7200E+02  8.7923E+03  0.0000E+00  1.0000E+00  0.0000E+00  1.0000E+00  2.0000E+00  2.9000E+01  4.0000E+00  2.0790E-06  1.8279E-08  8.7923E+03  4.5447E-01  8.7923E+03  7.2289E+03  1.5633E+03  4.9116E-01
  5.0000E+00  0.0000E+00  0.0000E+00  1.0000E+00  1.0000E+00  6.0000E-01  0.0000E+00  2.0000E+00  0.0000E+00  0.0000E+00 -1.0000E+06 -6.9176E+05  6.9176E+05  0.0000E+00  0.0000E+00  6.9176E+05  0.0000E+00  0.0000E+00
  5.0000E+00  6.7200E+02  0.0000E+00  1.0000E+00  1.0000E+00  0.0000E+00  1.0000E+00  2.0000E+00  2.9000E+01  4.0000E+00 -1.0000E+06 -7.2289E+03  7.2289E+03  0.0000E+00  0.0000E+00  7.2289E+03  0.0000E+00  0.0000E+00
  6.0000E+00  0.0000E+00  0.0000E+00  1.0000E+00  1.0000E+00  6.0000E-01  0.0000E+00  2.0000E+00  0.0000E+00  0.0000E+00 -1.0000E+06 -6.9176E+05  6.9176E+05  0.0000E+00  0.0000E+00  6.9176E+05  0.0000E+00  0.0000E+00
  6.0000E+00  1.0080E+03  8.5126E+02  0.0000E+00  1.0000E+00  0.0000E+00  1.0000E+00  2.0000E+00  4.3000E+01  6.0000E+00 -8.9211E-06 -7.5942E-09  8.5126E+02  2.1641E-01  8.5126E+02  7.3898E+02  1.1228E+02  2.3005E-01
  7.0000E+00  0.0000E+00  0.0000E+00  1.0000E+00  1.0000E+00  6.0000E-01  0.0000E+00  2.0000E+00  0.0000E+00  0.0000E+00 -1.0000E+06 -6.9176E+05  6.9176E+05  0.0000E+00  0.0000E+00  6.9176E+05  0.0000E+00  0.0000E+00
  7.0000E+00  1.0080E+03  2.7002E+03  0.0000E+00  1.0000E+00  0.0000E+00  1.0000E+00  2.0000E+00  4.3000E+01  6.0000E+00  5.0619E-06  1.3668E-08  2.7002E+03  2.1752E+00  2.7002E+03  7.3898E+02  1.9612E+03  4.0184E+00
  8.0000E+00  0.0000E+00  0.0000E+00  1.0000E+00  1.0000E+00  6.0000E-01  0.0000E+00  2.0000E+00  0.0000E+00  0.0000E+00 -1.0000E+06 -6.9176E+05  6.9176E+05  0.0000E+00  0.0000E+00  6.9176E+05  0.0000E+00  0.0000E+00
  8.0000E+00  1.3440E+03  1.8114E+01  0.0000E+00  1.0000E+00  0.0000E+00  1.0000E+00  2.0000E+00  5.7000E+01  8.0000E+00 -4.8352E-07 -8.7717E-12  1.8114E+01 -1.5066E+00  1.8114E+01  7.5543E+01 -5.7429E+01 -8.6329E-01
  9.0000E+00  0.0000E+00  0.0000E+00  1.0000E+00  1.0000E+00  6.0000E-01  0.0000E+00  2.0000E+00  0.0000E+00  0.0000E+00 -1.0000E+06 -6.9176E+05  6.9176E+05  0.0000E+00  0.0000E+00  6.9176E+05  0.0000E+00  0.0000E+00
  9.0000E+00  1.3440E+03  8.3834E+01  0.0000E+00  1.0000E+00  0.0000E+00  1.0000E+00  2.0000E+00  5.7000E+01  8.0000E+00  1.0565E-06  8.8576E-11  8.3834E+01  1.1894E-01  8.3834E+01  7.5543E+01  8.2916E+00  1.2464E-01
  1.0000E+01  0.0000E+00  0.0000E+00  1.0000E+00  1.0000E+00  6.0000E-01  0.0000E+00  2.0000E+00  0.0000E+00  0.0000E+00 -1.0000E+06 -6.9176E+05  6.9176E+05  0.0000E+00  0.0000E+00  6.9176E+05  0.0000E+00  0.0000E+00
  1.0000E+01  1.3440E+03  1.3938E+02  0.0000E+00  1.0000E+00  0.0000E+00  1.0000E+00  2.0000E+00  5.7000E+01  8.0000E+00  1.8746E-06  2.6128E-10  1.3938E+02  7.1996E-01  1.3938E+02  7.5543E+01  6.3833E+01  9.5956E-01
  1.1000E+01  0.0000E+00  0.0000E+00  1.0000E+00  1.0000E+00  6.0000E-01  1.0000E+00  2.0000E+00  0.0000E+00  0.0000E+00 -1.0000E+06 -6.9176E+05  6.9176E+05  0.0000E+00  0.0000E+00  6.9176E+05  0.0000E+00  0.0000E+00
  1.1000E+01  3.3600E+02  8.9013E+04  0.0000E+00  1.0000E+00  0.0000E+00  0.0000E+00  2.0000E+00  1.5000E+01  2.0000E+00  6.5665E-06  5.8451E-07  8.9013E+04  1.1018E+00  8.9013E+04  7.0716E+04  1.8298E+04  1.1753E+00
  1.2000E+01  0.0000E+00  0.0000E+00  1.0000E+00  1.0000E+00  6.0000E-01  1.0000E+00  2.0000E+00  0.0000E+00  0.0000E+00 -1.0000E+06 -6.9176E+05  6.9176E+05  0.0000E+00  0.0000E+00  6.9176E+05  0.0000E+00  0.0000E+00
  1.2000E+01  3.3600E+02  5.4967E+04  0.0000E+00  1.0000E+00  0.0000E+00  0.0000E+00  2.0000E+00  1.5000E+01  2.0000E+00 -3.4402E-06 -1.8909E-07  5.4967E+04 -1.0855E+00  5.4967E+04  7.0716E+04 -1.5749E+04 -1.0116E+00
  1.3000E+01  0.0000E+00  0.0000E+00  1.0000E+00  1.0000E+00  6.0000E-01  1.0000E+00  2.0000E+00  0.0000E+00  0.0000E+00 -1.0000E+06 -6.9176E+05  6.9176E+05  0.0000E+00  0.0000E+00  6.9176E+05  0.0000E+00  0.0000E+00
  1.3000E+01  6.7200E+02  7.5606E+03  0.0000E+00  1.0000E+00  0.0000E+00  0.0000E+00  2.0000E+00  2.9000E+01  4.0000E+00  1.2346E-06  9.3341E-09  7.5606E+03  1.0239E-01  7.5606E+03  7.2289E+03  3.3168E+02  1.0421E-01
  1.4000E+01  0.0000E+00  0.0000E+00  1.0000E+00  1.0000E+00  6.0000E-01  1.0000E+00  2.0000E+00  0.0000E+00  0.0000E+00 -1.0000E+06 -6.9176E+05  6.9176E+05  0.0000E+00  0.0000E+00  6.9176E+05  0.0000E+00  0.0000E+00
  1.4000E+01  6.7200E+02  5.8805E+03  0.0000E+00  1.0000E+00  0.0000E+00  0.0000E+00  2.0000E+00  2.9000E+01  4.0000E+00  3.2479E-09  1.9099E-11  5.8805E+03 -4.5858E-01  5.8805E+03  7.2289E+03 -1.3484E+03 -4.2364E-01
  1.5000E+01  0.0000E+00  0.0000E+00  1.0000E+00  1.0000E+00  6.0000E-01  1.0000E+00  2.0000E+00  0.0000E+00  0.0000E+00 -1.0000E+06 -6.9176E+05  6.9176E+05  0.0000E+00  0.0000E+00  6.9176E+05  0.0000E+00  0.0000E+00
  1.5000E+01  6.7200E+02  1.6131E+03  0.0000E+00  1.0000E+00  0.0000E+00  0.0000E+00  2.0000E+00  2.9000E+01  4.0000E+00 -4.0776E-06 -6.5777E-09  1.6131E+03 -2.9452E+00  1.6131E+03  7.2289E+03 -5.6158E+03 -1.7644E+00
  1.6000E+01  0.0000E+00  0.0000E+00  1.0000E+00  1.0000E+00  6.0000E-01  1.0000E+00  2.0000E+00  0.0000E+00  0.0000E+00 -1.0000E+06 -6.9176E+05  6.9176E+05  0.0000E+00  0.0000E+00  6.9176E+05  0.0000E+00  0.0000E+00
  1.6000E+01  1.0080E+03  1.8740E+03  0.0000E+00  1.0000E+00  0.0000E+00  0.0000E+00  2.0000E+00  4.3000E+01  6.0000E+00  3.6536E-06  6.8467E-09  1.8740E+03  1.5144E+00  1.8740E+03  7.3898E+02  1.1350E+03  2.3255E+00
  1.7000E+01  0.0000E+00  0.0000E+00  1.0000E+00  1.0000E+00  6.0000E-01  1.0000E+00  2.0000E+00  0.0000E+00  0.0000E+00 -1.0000E+06 -6.9176E+05  6.9176E+05  0.0000E+00  0.0000E+00  6.9176E+05  0.0000E+00  0.0000E+00
  1.7000E+01  1.0080E+03  2.0616E+03  0.0000E+00  1.0000E+00  0.0000E+00  0.0000E+00  2.0000E+00  4.3000E+01  6.0000E+00  3.9964E-06  8.2391E-09  2.0616E+03  1.6831E+00  2.0616E+03  7.3898E+02  1.3227E+03  2.7100E+00
  1.8000E+01  0.0000E+00  0.0000E+00  1.0000E+00  1.0000E+00  6.0000E-01  1.0000E+00  2.0000E+00  0.0000E+00  0.0000E+00 -1.0000E+06 -6.9176E+05  6.9176E+05  0.0000E+00  0.0000E+00  6.9176E+05  0.0000E+00  0.0000E+00
  1.8000E+01  1.3440E+03  8.9043E+01  0.0000E+00  1.0000E+00  0.0000E+00  0.0000E+00  2.0000E+00  5.7000E+01  8.0000E+00  1.2176E-06  1.0843E-10  8.9043E+01  1.8842E-01  8.9043E+01  7.5543E+01  1.3501E+01  2.0294E-01
  1.9000E+01  0.0000E+00  0.0000E+00  1.0000E+00  1.0000E+00  6.0000E-01  1.0000E+00  2.0000E+00  0.0000E+00  0.0000E+00 -1.0000E+06 -6.9176E+05  6.9176E+05  0.0000E+00  0.0000E+00  6.9176E+05  0.0000E+00  0.0000E+00
  1.9000E+01  1.3440E+03  9.1735E+01  0.0000E+00  1.0000E+00  0.0000E+00  0.0000E+00  2.0000E+00  5.7000E+01  8.0000E+00  1.2575E-06  1.1536E-10  9.1735E+01  2.2292E-01  9.1735E+01  7.5543E+01  1.6193E+01  2.4341E-01
  2.0000E+01  0.0000E+00  0.0000E+00  1.0000E+00  1.0000E+00  6.0000E-01  1.0000E+00  2.0000E+00  0.0000E+00  0.0000E+00 -1.0000E+06 -6.9176E+05  6.9176E+05  0.0000E+00  0.0000E+00  6.9176E+05  0.0000E+00  0.0000E+00
  2.0000E+01  1.3440E+03  1.4429E+02  0.0000E+00  1.0000E+00  0.0000E+00  0.0000E+00  2.0000E+00  5.7000E+01  8.0000E+00  1.9335E-06  2.7899E-10  1.4429E+02  7.6221E-01  1.4429E+02  7.5543E+01  6.8744E+01  1.0334E+00
  1.0100E+02  0.0000E+00  0.0000E+00  1.0000E+00  1.0000E+00  1.2000E+00  0.0000E+00  2.0000E+00  0.0000E+00  0.0000E+00 -1.0000E+06 -1.3835E+06  1.3835E+06  0.0000E+00  0.0000E+00  1.3835E+06  0.0000E+00  0.0000E+00
  1.0100E+02  3.3600E+02  1.3594E+05  0.0000E+00  1.0000E+00  0.0000E+00  1.0000E+00  2.0000E+00  1.5000E+01  2.0000E+00  2.0381E-07  2.7707E-08  1.3594E+05 -1.7823E-01  1.3594E+05  1.4143E+05 -5.4882E+03 -1.7626E-01
  1.0200E+02  0.0000E+00  0.0000E+00  1.0000E+00  1.0000E+00  1.2000E+00  0.0000E+00  2.0000E+00  0.0000E+00  0.0000E+00 -1.0000E+06 -1.3835E+06  1.3835E+06  0.0000E+00  0.0000E+00  1.3835E+06  0.0000E+00  0.0000E+00
  1.0200E+02  3.3600E+02  1.0246E+05  0.0000E+00  1.0000E+00  0.0000E+00  1.0000E+00  2.0000E+00  1.5000E+01  2.0000E+00 -4.4762E-06 -4.5865E-07  1.0246E+05 -1.3694E+00  1.0246E+05  1.4143E+05 -3.8968E+04 -1.2515E+00
  1.0300E+02  0.0000E+00  0.0000E+00  1.0000E+00  1.0000E+00  1.2000E+00  0.0000E+00  2.0000E+00  0.0000E+00  0.0000E+00 -1.0000E+06 -1.3835E+06  1.3835E+06  0.0000E+00  0.0000E+00  1.3835E+06  0.0000E+00  0.0000E+00
  1.0300E+02  6.7200E+02  1.4701E+04  0.0000E+00  1.0000E+00  0.0000E+00  1.0000E+00  2.0000E+00  2.9000E+01  4.0000E+00  1.0250E-06  1.5069E-08  1.4701E+04  3.7889E-02  1.4701E+04  1.4458E+04  2.4277E+02  3.8137E-02
  1.0400E+02  0.0000E+00  0.0000E+00  1.0000E+00  1.0000E+00  1.2000E+00  0.0000E+00  2.0000E+00  0.0000E+00  0.0000E+00 -1.0000E+06 -1.3835E+06  1.3835E+06  0.0000E+00  0.0000E+00  1.3835E+06  0.0000E+00  0.0000E+00
  1.0400E+02  6.7200E+02  1.6894E+04  0.0000E+00  1.0000E+00  0.0000E+00  1.0000E+00  2.0000E+00  2.9000E+01  4.0000E+00 -2.9508E-05 -4.9850E-07  1.6894E+04  3.5984E-01  1.6894E+04  1.4458E+04  2.4361E+03  3.8268E-01
  1.0500E+02  0.0000E+00  0.0000E+00  1.0000E+00  1.0000E+00  1.2000E+00  0.0000E+00  2.0000E+00  0.0000E+00  0.0000E+00 -1.0000E+06 -1.3835E+06  1.3835E+06  0.0000E+00  0.0000E+00  1.3835E+06  0.0000E+00  0.0000E+00
  1.0500E+02  6.7200E+02  1.4891E+04  0.0000E+00  1.0000E+00  0.0000E+00  1.0000E+00  2.0000E+00  2.9000E+01  4.0000E+00 -5.0334E-06 -7.4951E-08  1.4891E+04  6.7242E-02  1.4891E+04  1.4458E+04  4.3302E+02  6.8023E-02
  1.0600E+02  0.0000E+00  0.0000E+00  1.0000E+00  1.0000E+00  1.2000E+00  0.0000E+00  2.0000E+00  0.0000E+00  0.0000E+00 -1.0000E+06 -1.3835E+06  1.3835E+06  0.0000E+00  0.0000E+00  1.3835E+06  0.0000E+00  0.0000E+00
  1.0600E+02  1.0080E+03  1.0314E+03  0.0000E+00  1.0000E+00  0.0000E+00  1.0000E+00  2.0000E+00  4.3000E+01  6.0000E+00 -3.4784E-06 -3.5875E-09  1.0314E+03 -5.3092E-01  1.0314E+03  1.4780E+03 -4.4660E+02 -4.5753E-01
  1.0700E+02  0.0000E+00  0.0000E+00  1.0000E+00  1.0000E+00  1.2000E+00  0.0000E+00  2.0000E+00  0.0000E+00  0.0000E+00 -1.0000E+06 -1.3835E+06  1.3835E+06  0.0000E+00  0.0000E+00  1.3835E+06  0.0000E+00  0.0000E+00
  1.0700E+02  1.0080E+03  1.7030E+03  0.0000E+00  1.0000E+00  0.0000E+00  1.0000E+00  2.0000E+00  4.3000E+01  6.0000E+00 -9.2412E-06 -1.5737E-08  1.7030E+03  2.1682E-01  1.7030E+03  1.4780E+03  2.2501E+02  2.3051E-01
  1.0800E+02  0.0000E+00  0.0000E+00  1.0000E+00  1.0000E+00  1.2000E+00  0.0000E+00  2.0000E+00  0.0000E+00  0.0000E+00 -1.0000E+06 -1.3835E+06  1.3835E+06  0.0000E+00  0.0000E+00  1.3835E+06  0.0000E+00  0.0000E+00
  1.0800E+02  1.3440E+03  9.6058E+01  0.0000E+00  1.0000E+00  0.0000E+00  1.0000E+00  2.0000E+00  5.7000E+01  8.0000E+00  4.5652E-07  4.3855E-11  9.6058E+01 -5.0194E-01  9.6058E+01  1.5109E+02 -5.5028E+01 -4.1360E-01
  1.0900E+02  0.0000E+00  0.0000E+00  1.0000E+00  1.0000E+00  1.2000E+00  0.0000E+00  2.0000E+00  0.0000E+00  0.0000E+00 -1.0000E+06 -1.3835E+06  1.3835E+06  0.0000E+00  0.0000E+00  1.3835E+06  0.0000E+00  0.0000E+00
  1.0900E+02  1.3440E+03  9.1258E+01  0.0000E+00  1.0000E+00  0.0000E+00  1.0000E+00  2.0000E+00  5.7000E+01  8.0000E+00  3.9893E-07  3.6408E-11  9.1258E+01 -5.5725E-01  9.1258E+01  1.5109E+02 -5.9827E+01 -4.4967E-01
  1.1000E+02  0.0000E+00  0.0000E+00  1.0000E+00  1.0000E+00  1.2000E+00  0.0000E+00  2.0000E+00  0.0000E+00  0.0000E+00 -1.0000E+06 -1.3835E+06  1.3835E+06  0.0000E+00  0.0000E+00  1.3835E+06  0.0000E+00  0.0000E+00
  1.1000E+02  1.3440E+03  1.7773E+02  0.0000E+00  1.0000E+00  0.0000E+00  1.0000E+00  2.0000E+00  5.7000E+01  8.0000E+00  1.2150E-06  2.1595E-10  1.7773E+02  1.8609E-01  1.7773E+02  1.5109E+02  2.6643E+01  2.0026E-01
  1.1100E+02  0.0000E+00  0.0000E+00  1.0000E+00  1.0000E+00  1.2000E+00  1.0000E+00  2.0000E+00  0.0000E+00  0.0000E+00 -1.0000E+06 -1.3835E+06  1.3835E+06  0.0000E+00  0.0000E+00  1.3835E+06  0.0000E+00  0.0000E+00
  1.1100E+02  3.3600E+02  1.6647E+05  0.0000E+00  1.0000E+00  0.0000E+00  0.0000E+00  2.0000E+00  1.5000E+01  2.0000E+00 -9.2001E-06 -1.5315E-06  1.6647E+05  7.6818E-01  1.6647E+05  1.4143E+05  2.5038E+04  8.0415E-01
  1.1200E+02  0.0000E+00  0.0000E+00  1.0000E+00  1.0000E+00  1.2000E+00  1.0000E+00  2.0000E+00  0.0000E+00  0.0000E+00 -1.0000E+06 -1.3835E+06  1.3835E+06  0.0000E+00  0.0000E+00  1.3835E+06  0.0000E+00  0.0000E+00
  1.1200E+02  3.3600E+02  1.8462E+05  0.0000E+00  1.0000E+00  0.0000E+00  0.0000E+00  2.0000E+00  1.5000E+01  2.0000E+00  7.6187E-06  1.4066E-06  1.8462E+05  1.2872E+00  1.8462E+05  1.4143E+05  4.3188E+04  1.3871E+00
  1.1300E+02  0.0000E+00  0.0000E+00  1.0000E+00  1.0000E+00  1.2000E+00  1.0000E+00  2.0000E+00  0.0000E+00  0.0000E+00 -1.0000E+06 -1.3835E+06  1.3835E+06  0.0000E+00  0.0000E+00  1.3835E+06  0.0000E+00  0.0000E+00
  1.1300E+02  6.7200E+02  8.8602E+03  0.0000E+00  1.0000E+00  0.0000E+00  0.0000E+00  2.0000E+00  2.9000E+01  4.0000E+00 -1.1665E-06 -1.0335E-08  8.8602E+03 -1.0564E+00  8.8602E+03  1.4458E+04 -5.5977E+03 -8.7933E-01
  1.1400E+02  0.0000E+00  0.0000E+00  1.0000E+00  1.0000E+00  1.2000E+00  1.0000E+00  2.0000E+00  0.0000E+00  0.0000E+00 -1.0000E+06 -1.3835E+06  1.3835E+06  0.0000E+00  0.0000E+00  1.3835E+06  0.0000E+00  0.0000E+00
  1.1400E+02  6.7200E+02  1.8939E+04  0.0000E+00  1.0000E+00  0.0000E+00  0.0000E+00  2.0000E+00  2.9000E+01  4.0000E+00  2.4220E-06  4.5871E-08  1.8939E+04  6.3213E-01  1.8939E+04  1.4458E+04  4.4816E+03  7.0400E-01
  1.1500E+02  0.0000E+00  0.0000E+00  1.0000E+00  1.0000E+00  1.2000E+00  1.0000E+00  2.0000E+00  0.0000E+00  0.0000E+00 -1.0000E+06 -1.3835E+06  1.3835E+06  0.0000E+00  0.0000E+00  1.3835E+06  0.0000E+00  0.0000E+00
  1.1500E+02  6.7200E+02  1.2609E+04  0.0000E+00  1.0000E+00  0.0000E+00  0.0000E+00  2.0000E+00  2.9000E+01  4.0000E+00 -7.0528E-07 -8.8930E-09  1.2609E+04 -3.0615E-01  1.2609E+04  1.4458E+04 -1.8486E+03 -2.9040E-01
  1.1600E+02  0.0000E+00  0.0000E+00  1.0000E+00  1.0000E+00  1.2000E+00  1.0000E+00  2.0000E+00  0.0000E+00  0.0000E+00 -1.0000E+06 -1.3835E+06  1.3835E+06  0.0000E+00  0.0000E+00  1.3835E+06  0.0000E+00  0.0000E+00
  1.1600E+02  1.0080E+03  9.7019E+02  0.0000E+00  1.0000E+00  0.0000E+00  0.0000E+00  2.0000E+00  4.3000E+01  6.0000E+00  1.1624E-07  1.1278E-10  9.7019E+02 -6.1849E-01  9.7019E+02  1.4780E+03 -5.0777E+02 -5.2019E-01
  1.1700E+02  0.0000E+00  0.0000E+00  1.0000E+00  1.0000E+00  1.2000E+00  1.0000E+00  2.0000E+00  0.0000E+00  0.0000E+00 -1.0000E+06 -1.3835E+06  1.3835E+06  0.0000E+00  0.0000E+00  1.3835E+06  0.0000E+00  0.0000E+00
  1.1700E+02  1.0080E+03  9.8057E+02  0.0000E+00  1.0000E+00  0.0000E+00  0.0000E+00  2.0000E+00  4.3000E+01  6.0000E+00  1.3959E-07  1.3688E-10  9.8057E+02 -6.0331E-01  9.8057E+02  1.4780E+03 -4.9740E+02 -5.0956E-01
  1.1800E+02  0.0000E+00  0.0000E+00  1.0000E+00  1.0000E+00  1.2000E+00  1.0000E+00  2.0000E+00  0.0000E+00  0.0000E+00 -1.0000E+06 -1.3835E+06  1.3835E+06  0.0000E+00  0.0000E+00  1.3835E+06  0.0000E+00  0.0000E+00
  1.1800E+02  1.3440E+03  8.1596E+01  0.0000E+00  1.0000E+00  0.0000E+00  0.0000E+00  2.0000E+00  5.7000E+01  8.0000E+00 -6.3266E-06 -5.1627E-10  8.1596E+01 -6.7698E-01  8.1596E+01  1.5109E+02 -6.9489E+01 -5.2229E-01
  1.1900E+02  0.0000E+00  0.0000E+00  1.0000E+00  1.0000E+00  1.2000E+00  1.0000E+00  2.0000E+00  0.0000E+00  0.0000E+00 -1.0000E+06 -1.3835E+06  1.3835E+06  0.0000E+00  0.0000E+00  1.3835E+06  0.0000E+00  0.0000E+00
  1.1900E+02  1.3440E+03  1.3986E+02  0.0000E+00  1.0000E+00  0.0000E+00  0.0000E+00  2.0000E+00  5.7000E+01  8.0000E+00  9.0084E-07  1.2599E-10  1.3986E+02 -8.7314E-02  1.3986E+02  1.5109E+02 -1.1227E+01 -8.4384E-02
  1.2000E+02  0.0000E+00  0.0000E+00  1.0000E+00  1.0000E+00  1.2000E+00  1.0000E+00  2.0000E+00  0.0000E+00  0.0000E+00 -1.0000E+06 -1.3835E+06  1.3835E+06  0.0000E+00  0.0000E+00  1.3835E+06  0.0000E+00  0.0000E+00
  1.2000E+02  1.3440E+03  1.4386E+02  0.0000E+00  1.0000E+00  0.0000E+00  0.0000E+00  2.0000E+00  5.7000E+01  8.0000E+00  9.3662E-07  1.3475E-10  1.4386E+02 -5.5488E-02  1.4386E+02  1.5109E+02 -7.2240E+00 -5.4296E-02
