TABLE NO.  1
 ID          TIME        DV          MDV         CMT         AMT         LEFT        SITE        DAY         WEEK        IWRES       IRES        IPRED       CWRES       DV          PRED        RES         WRES
  1.0000E+00  0.0000E+00  0.0000E+00  1.0000E+00  1.0000E+00  6.0000E-01  0.0000E+00  2.0000E+00  0.0000E+00  0.0000E+00 -1.0000E+06 -8.8105E+05  8.8105E+05  0.0000E+00  0.0000E+00  8.8105E+05  0.0000E+00  0.0000E+00
  1.0000E+00  3.3600E+02  4.2240E+04  0.0000E+00  1.0000E+00  0.0000E+00  1.0000E+00  2.0000E+00  1.5000E+01  2.0000E+00 -4.6703E+05 -3.7015E+04  7.9255E+04 -4.6703E+05  4.2240E+04  7.9255E+04 -3.7015E+04 -4.6703E+05
  2.0000E+00  0.0000E+00  0.0000E+00  1.0000E+00  1.0000E+00  6.0000E-01  0.0000E+00  2.0000E+00  0.0000E+00  0.0000E+00 -1.0000E+06 -8.8105E+05  8.8105E+05  0.0000E+00  0.0000E+00  8.8105E+05  0.0000E+00  0.0000E+00
  2.0000E+00  3.3600E+02  7.5107E+04  0.0000E+00  1.0000E+00  0.0000E+00  1.0000E+00  2.0000E+00  1.5000E+01  2.0000E+00 -5.2338E+04 -4.1481E+03  7.9255E+04 -5.2338E+04  7.5107E+04  7.9255E+04 -4.1481E+03 -5.2338E+04
  3.0000E+00  0.0000E+00  0.0000E+00  1.0000E+00  1.0000E+00  6.0000E-01  0.0000E+00  2.0000E+00  0.0000E+00  0.0000E+00 -1.0000E+06 -8.8105E+05  8.8105E+05  0.0000E+00  0.0000E+00  8.8105E+05  0.0000E+00  0.0000E+00
  3.0000E+00  6.7200E+02  1.2155E+04  0.0000E+00  1.0000E+00  0.0000E+00  1.0000E+00  2.0000E+00  2.9000E+01  4.0000E+00  2.5467E+05  2.4671E+03  9.6875E+03  2.5467E+05  1.2155E+04  9.6875E+03  2.4671E+03  2.5467E+05
  4.0000E+00  0.0000E+00  0.0000E+00  1.0000E+00  1.0000E+00  6.0000E-01  0.0000E+00  2.0000E+00  0.0000E+00  0.0000E+00 -1.0000E+06 -8.8105E+05  8.8105E+05  0.0000E+00  0.0000E+00  8.8105E+05  0.0000E+00  0.0000E+00
  4.0000E+00  6.7200E+02  8.7923E+03  0.0000E+00  1.0000E+00  0.0000E+00  1.0000E+00  2.0000E+00  2.9000E+01  4.0000E+00 -9.2410E+04 -8.9522E+02  9.6875E+03 -9.2410E+04  8.7923E+03  9.6875E+03 -8.9522E+02 -9.2410E+04
  5.0000E+00  0.0000E+00  0.0000E+00  1.0000E+00  1.0000E+00  6.0000E-01  0.0000E+00  2.0000E+00  0.0000E+00  0.0000E+00 -1.0000E+06 -8.8105E+05  8.8105E+05  0.0000E+00  0.0000E+00  8.8105E+05  0.0000E+00  0.0000E+00
  5.0000E+00  6.7200E+02  0.0000E+00  1.0000E+00  1.0000E+00  0.0000E+00  1.0000E+00  2.0000E+00  2.9000E+01  4.0000E+00 -1.0000E+06 -9.6875E+03  9.6875E+03  0.0000E+00  0.0000E+00  9.6875E+03  0.0000E+00  0.0000E+00
  6.0000E+00  0.0000E+00  0.0000E+00  1.0000E+00  1.0000E+00  6.0000E-01  0.0000E+00  2.0000E+00  0.0000E+00  0.0000E+00 -1.0000E+06 -8.8105E+05  8.8105E+05  0.0000E+00  0.0000E+00  8.8105E+05  0.0000E+00  0.0000E+00
  6.0000E+00  1.0080E+03  8.5126E+02  0.0000E+00  1.0000E+00  0.0000E+00  1.0000E+00  2.0000E+00  4.3000E+01  6.0000E+00 -2.8114E+05 -3.3292E+02  1.1842E+03 -2.8114E+05  8.5126E+02  1.1842E+03 -3.3292E+02 -2.8114E+05
  7.0000E+00  0.0000E+00  0.0000E+00  1.0000E+00  1.0000E+00  6.0000E-01  0.0000E+00  2.0000E+00  0.0000E+00  0.0000E+00 -1.0000E+06 -8.8105E+05  8.8105E+05  0.0000E+00  0.0000E+00  8.8105E+05  0.0000E+00  0.0000E+00
  7.0000E+00  1.0080E+03  2.7002E+03  0.0000E+00  1.0000E+00  0.0000E+00  1.0000E+00  2.0000E+00  4.3000E+01  6.0000E+00  1.2802E+06  1.5160E+03  1.1842E+03  1.2802E+06  2.7002E+03  1.1842E+03  1.5160E+03  1.2802E+06
  8.0000E+00  0.0000E+00  0.0000E+00  1.0000E+00  1.0000E+00  6.0000E-01  0.0000E+00  2.0000E+00  0.0000E+00  0.0000E+00 -1.0000E+06 -8.8105E+05  8.8105E+05  0.0000E+00  0.0000E+00  8.8105E+05  0.0000E+00  0.0000E+00
  8.0000E+00  1.3440E+03  1.8114E+01  0.0000E+00  1.0000E+00  0.0000E+00  1.0000E+00  2.0000E+00  5.7000E+01  8.0000E+00 -8.7484E+05 -1.2664E+02  1.4475E+02 -8.7484E+05  1.8114E+01  1.4475E+02 -1.2664E+02 -8.7484E+05
  9.0000E+00  0.0000E+00  0.0000E+00  1.0000E+00  1.0000E+00  6.0000E-01  0.0000E+00  2.0000E+00  0.0000E+00  0.0000E+00 -1.0000E+06 -8.8105E+05  8.8105E+05  0.0000E+00  0.0000E+00  8.8105E+05  0.0000E+00  0.0000E+00
  9.0000E+00  1.3440E+03  8.3834E+01  0.0000E+00  1.0000E+00  0.0000E+00  1.0000E+00  2.0000E+00  5.7000E+01  8.0000E+00 -4.2083E+05 -6.0918E+01  1.4475E+02 -4.2083E+05  8.3834E+01  1.4475E+02 -6.0918E+01 -4.2083E+05
  1.0000E+01  0.0000E+00  0.0000E+00  1.0000E+00  1.0000E+00  6.0000E-01  0.0000E+00  2.0000E+00  0.0000E+00  0.0000E+00 -1.0000E+06 -8.8105E+05  8.8105E+05  0.0000E+00  0.0000E+00  8.8105E+05  0.0000E+00  0.0000E+00
  1.0000E+01  1.3440E+03  1.3938E+02  0.0000E+00  1.0000E+00  0.0000E+00  1.0000E+00  2.0000E+00  5.7000E+01  8.0000E+00 -3.7145E+04 -5.3769E+00  1.4475E+02 -3.7145E+04  1.3938E+02  1.4475E+02 -5.3769E+00 -3.7145E+04
  1.1000E+01  0.0000E+00  0.0000E+00  1.0000E+00  1.0000E+00  6.0000E-01  1.0000E+00  2.0000E+00  0.0000E+00  0.0000E+00 -1.0000E+06 -8.8105E+05  8.8105E+05  0.0000E+00  0.0000E+00  8.8105E+05  0.0000E+00  0.0000E+00
  1.1000E+01  3.3600E+02  8.9013E+04  0.0000E+00  1.0000E+00  0.0000E+00  0.0000E+00  2.0000E+00  1.5000E+01  2.0000E+00  1.2313E+05  9.7584E+03  7.9255E+04  1.2313E+05  8.9013E+04  7.9255E+04  9.7584E+03  1.2313E+05
  1.2000E+01  0.0000E+00  0.0000E+00  1.0000E+00  1.0000E+00  6.0000E-01  1.0000E+00  2.0000E+00  0.0000E+00  0.0000E+00 -1.0000E+06 -8.8105E+05  8.8105E+05  0.0000E+00  0.0000E+00  8.8105E+05  0.0000E+00  0.0000E+00
  1.2000E+01  3.3600E+02  5.4967E+04  0.0000E+00  1.0000E+00  0.0000E+00  0.0000E+00  2.0000E+00  1.5000E+01  2.0000E+00 -3.0646E+05 -2.4288E+04  7.9255E+04 -3.0646E+05  5.4967E+04  7.9255E+04 -2.4288E+04 -3.0646E+05
  1.3000E+01  0.0000E+00  0.0000E+00  1.0000E+00  1.0000E+00  6.0000E-01  1.0000E+00  2.0000E+00  0.0000E+00  0.0000E+00 -1.0000E+06 -8.8105E+05  8.8105E+05  0.0000E+00  0.0000E+00  8.8105E+05  0.0000E+00  0.0000E+00
  1.3000E+01  6.7200E+02  7.5606E+03  0.0000E+00  1.0000E+00  0.0000E+00  0.0000E+00  2.0000E+00  2.9000E+01  4.0000E+00 -2.1955E+05 -2.1268E+03  9.6875E+03 -2.1955E+05  7.5606E+03  9.6875E+03 -2.1268E+03 -2.1955E+05
  1.4000E+01  0.0000E+00  0.0000E+00  1.0000E+00  1.0000E+00  6.0000E-01  1.0000E+00  2.0000E+00  0.0000E+00  0.0000E+00 -1.0000E+06 -8.8105E+05  8.8105E+05  0.0000E+00  0.0000E+00  8.8105E+05  0.0000E+00  0.0000E+00
  1.4000E+01  6.7200E+02  5.8805E+03  0.0000E+00  1.0000E+00  0.0000E+00  0.0000E+00  2.0000E+00  2.9000E+01  4.0000E+00 -3.9298E+05 -3.8070E+03  9.6875E+03 -3.9298E+05  5.8805E+03  9.6875E+03 -3.8070E+03 -3.9298E+05
  1.5000E+01  0.0000E+00  0.0000E+00  1.0000E+00  1.0000E+00  6.0000E-01  1.0000E+00  2.0000E+00  0.0000E+00  0.0000E+00 -1.0000E+06 -8.8105E+05  8.8105E+05  0.0000E+00  0.0000E+00  8.8105E+05  0.0000E+00  0.0000E+00
  1.5000E+01  6.7200E+02  1.6131E+03  0.0000E+00  1.0000E+00  0.0000E+00  0.0000E+00  2.0000E+00  2.9000E+01  4.0000E+00 -8.3348E+05 -8.0743E+03  9.6875E+03 -8.3348E+05  1.6131E+03  9.6875E+03 -8.0743E+03 -8.3348E+05
  1.6000E+01  0.0000E+00  0.0000E+00  1.0000E+00  1.0000E+00  6.0000E-01  1.0000E+00  2.0000E+00  0.0000E+00  0.0000E+00 -1.0000E+06 -8.8105E+05  8.8105E+05  0.0000E+00  0.0000E+00  8.8105E+05  0.0000E+00  0.0000E+00
  1.6000E+01  1.0080E+03  1.8740E+03  0.0000E+00  1.0000E+00  0.0000E+00  0.0000E+00  2.0000E+00  4.3000E+01  6.0000E+00  5.8250E+05  6.8978E+02  1.1842E+03  5.8250E+05  1.8740E+03  1.1842E+03  6.8978E+02  5.8250E+05
  1.7000E+01  0.0000E+00  0.0000E+00  1.0000E+00  1.0000E+00  6.0000E-01  1.0000E+00  2.0000E+00  0.0000E+00  0.0000E+00 -1.0000E+06 -8.8105E+05  8.8105E+05  0.0000E+00  0.0000E+00  8.8105E+05  0.0000E+00  0.0000E+00
  1.7000E+01  1.0080E+03  2.0616E+03  0.0000E+00  1.0000E+00  0.0000E+00  0.0000E+00  2.0000E+00  4.3000E+01  6.0000E+00  7.4098E+05  8.7746E+02  1.1842E+03  7.4098E+05  2.0616E+03  1.1842E+03  8.7746E+02  7.4098E+05
  1.8000E+01  0.0000E+00  0.0000E+00  1.0000E+00  1.0000E+00  6.0000E-01  1.0000E+00  2.0000E+00  0.0000E+00  0.0000E+00 -1.0000E+06 -8.8105E+05  8.8105E+05  0.0000E+00  0.0000E+00  8.8105E+05  0.0000E+00  0.0000E+00
  1.8000E+01  1.3440E+03  8.9043E+01  0.0000E+00  1.0000E+00  0.0000E+00  0.0000E+00  2.0000E+00  5.7000E+01  8.0000E+00 -3.8485E+05 -5.5709E+01  1.4475E+02 -3.8485E+05  8.9043E+01  1.4475E+02 -5.5709E+01 -3.8485E+05
  1.9000E+01  0.0000E+00  0.0000E+00  1.0000E+00  1.0000E+00  6.0000E-01  1.0000E+00  2.0000E+00  0.0000E+00  0.0000E+00 -1.0000E+06 -8.8105E+05  8.8105E+05  0.0000E+00  0.0000E+00  8.8105E+05  0.0000E+00  0.0000E+00
  1.9000E+01  1.3440E+03  9.1735E+01  0.0000E+00  1.0000E+00  0.0000E+00  0.0000E+00  2.0000E+00  5.7000E+01  8.0000E+00 -3.6625E+05 -5.3017E+01  1.4475E+02 -3.6625E+05  9.1735E+01  1.4475E+02 -5.3017E+01 -3.6625E+05
  2.0000E+01  0.0000E+00  0.0000E+00  1.0000E+00  1.0000E+00  6.0000E-01  1.0000E+00  2.0000E+00  0.0000E+00  0.0000E+00 -1.0000E+06 -8.8105E+05  8.8105E+05  0.0000E+00  0.0000E+00  8.8105E+05  0.0000E+00  0.0000E+00
  2.0000E+01  1.3440E+03  1.4429E+02  0.0000E+00  1.0000E+00  0.0000E+00  0.0000E+00  2.0000E+00  5.7000E+01  8.0000E+00 -3.2164E+03 -4.6559E-01  1.4475E+02 -3.2164E+03  1.4429E+02  1.4475E+02 -4.6559E-01 -3.2164E+03
  1.0100E+02  0.0000E+00  0.0000E+00  1.0000E+00  1.0000E+00  1.2000E+00  0.0000E+00  2.0000E+00  0.0000E+00  0.0000E+00 -1.0000E+06 -1.7621E+06  1.7621E+06  0.0000E+00  0.0000E+00  1.7621E+06  0.0000E+00  0.0000E+00
  1.0100E+02  3.3600E+02  1.3594E+05  0.0000E+00  1.0000E+00  0.0000E+00  1.0000E+00  2.0000E+00  1.5000E+01  2.0000E+00 -1.4237E+05 -2.2567E+04  1.5851E+05 -1.4237E+05  1.3594E+05  1.5851E+05 -2.2567E+04 -1.4237E+05
  1.0200E+02  0.0000E+00  0.0000E+00  1.0000E+00  1.0000E+00  1.2000E+00  0.0000E+00  2.0000E+00  0.0000E+00  0.0000E+00 -1.0000E+06 -1.7621E+06  1.7621E+06  0.0000E+00  0.0000E+00  1.7621E+06  0.0000E+00  0.0000E+00
  1.0200E+02  3.3600E+02  1.0246E+05  0.0000E+00  1.0000E+00  0.0000E+00  1.0000E+00  2.0000E+00  1.5000E+01  2.0000E+00 -3.5358E+05 -5.6046E+04  1.5851E+05 -3.5358E+05  1.0246E+05  1.5851E+05 -5.6046E+04 -3.5358E+05
  1.0300E+02  0.0000E+00  0.0000E+00  1.0000E+00  1.0000E+00  1.2000E+00  0.0000E+00  2.0000E+00  0.0000E+00  0.0000E+00 -1.0000E+06 -1.7621E+06  1.7621E+06  0.0000E+00  0.0000E+00  1.7621E+06  0.0000E+00  0.0000E+00
  1.0300E+02  6.7200E+02  1.4701E+04  0.0000E+00  1.0000E+00  0.0000E+00  1.0000E+00  2.0000E+00  2.9000E+01  4.0000E+00 -2.4125E+05 -4.6743E+03  1.9375E+04 -2.4125E+05  1.4701E+04  1.9375E+04 -4.6743E+03 -2.4125E+05
  1.0400E+02  0.0000E+00  0.0000E+00  1.0000E+00  1.0000E+00  1.2000E+00  0.0000E+00  2.0000E+00  0.0000E+00  0.0000E+00 -1.0000E+06 -1.7621E+06  1.7621E+06  0.0000E+00  0.0000E+00  1.7621E+06  0.0000E+00  0.0000E+00
  1.0400E+02  6.7200E+02  1.6894E+04  0.0000E+00  1.0000E+00  0.0000E+00  1.0000E+00  2.0000E+00  2.9000E+01  4.0000E+00 -1.2805E+05 -2.4810E+03  1.9375E+04 -1.2805E+05  1.6894E+04  1.9375E+04 -2.4810E+03 -1.2805E+05
  1.0500E+02  0.0000E+00  0.0000E+00  1.0000E+00  1.0000E+00  1.2000E+00  0.0000E+00  2.0000E+00  0.0000E+00  0.0000E+00 -1.0000E+06 -1.7621E+06  1.7621E+06  0.0000E+00  0.0000E+00  1.7621E+06  0.0000E+00  0.0000E+00
  1.0500E+02  6.7200E+02  1.4891E+04  0.0000E+00  1.0000E+00  0.0000E+00  1.0000E+00  2.0000E+00  2.9000E+01  4.0000E+00 -2.3144E+05 -4.4840E+03  1.9375E+04 -2.3144E+05  1.4891E+04  1.9375E+04 -4.4840E+03 -2.3144E+05
  1.0600E+02  0.0000E+00  0.0000E+00  1.0000E+00  1.0000E+00  1.2000E+00  0.0000E+00  2.0000E+00  0.0000E+00  0.0000E+00 -1.0000E+06 -1.7621E+06  1.7621E+06  0.0000E+00  0.0000E+00  1.7621E+06  0.0000E+00  0.0000E+00
  1.0600E+02  1.0080E+03  1.0314E+03  0.0000E+00  1.0000E+00  0.0000E+00  1.0000E+00  2.0000E+00  4.3000E+01  6.0000E+00 -5.6453E+05 -1.3370E+03  2.3684E+03 -5.6453E+05  1.0314E+03  2.3684E+03 -1.3370E+03 -5.6453E+05
  1.0700E+02  0.0000E+00  0.0000E+00  1.0000E+00  1.0000E+00  1.2000E+00  0.0000E+00  2.0000E+00  0.0000E+00  0.0000E+00 -1.0000E+06 -1.7621E+06  1.7621E+06  0.0000E+00  0.0000E+00  1.7621E+06  0.0000E+00  0.0000E+00
  1.0700E+02  1.0080E+03  1.7030E+03  0.0000E+00  1.0000E+00  0.0000E+00  1.0000E+00  2.0000E+00  4.3000E+01  6.0000E+00 -2.8095E+05 -6.6539E+02  2.3684E+03 -2.8095E+05  1.7030E+03  2.3684E+03 -6.6539E+02 -2.8095E+05
  1.0800E+02  0.0000E+00  0.0000E+00  1.0000E+00  1.0000E+00  1.2000E+00  0.0000E+00  2.0000E+00  0.0000E+00  0.0000E+00 -1.0000E+06 -1.7621E+06  1.7621E+06  0.0000E+00  0.0000E+00  1.7621E+06  0.0000E+00  0.0000E+00
  1.0800E+02  1.3440E+03  9.6058E+01  0.0000E+00  1.0000E+00  0.0000E+00  1.0000E+00  2.0000E+00  5.7000E+01  8.0000E+00 -6.6820E+05 -1.9345E+02  2.8951E+02 -6.6820E+05  9.6058E+01  2.8951E+02 -1.9345E+02 -6.6820E+05
  1.0900E+02  0.0000E+00  0.0000E+00  1.0000E+00  1.0000E+00  1.2000E+00  0.0000E+00  2.0000E+00  0.0000E+00  0.0000E+00 -1.0000E+06 -1.7621E+06  1.7621E+06  0.0000E+00  0.0000E+00  1.7621E+06  0.0000E+00  0.0000E+00
  1.0900E+02  1.3440E+03  9.1258E+01  0.0000E+00  1.0000E+00  0.0000E+00  1.0000E+00  2.0000E+00  5.7000E+01  8.0000E+00 -6.8477E+05 -1.9825E+02  2.8951E+02 -6.8477E+05  9.1258E+01  2.8951E+02 -1.9825E+02 -6.8477E+05
  1.1000E+02  0.0000E+00  0.0000E+00  1.0000E+00  1.0000E+00  1.2000E+00  0.0000E+00  2.0000E+00  0.0000E+00  0.0000E+00 -1.0000E+06 -1.7621E+06  1.7621E+06  0.0000E+00  0.0000E+00  1.7621E+06  0.0000E+00  0.0000E+00
  1.1000E+02  1.3440E+03  1.7773E+02  0.0000E+00  1.0000E+00  0.0000E+00  1.0000E+00  2.0000E+00  5.7000E+01  8.0000E+00 -3.8609E+05 -1.1178E+02  2.8951E+02 -3.8609E+05  1.7773E+02  2.8951E+02 -1.1178E+02 -3.8609E+05
  1.1100E+02  0.0000E+00  0.0000E+00  1.0000E+00  1.0000E+00  1.2000E+00  1.0000E+00  2.0000E+00  0.0000E+00  0.0000E+00 -1.0000E+06 -1.7621E+06  1.7621E+06  0.0000E+00  0.0000E+00  1.7621E+06  0.0000E+00  0.0000E+00
  1.1100E+02  3.3600E+02  1.6647E+05  0.0000E+00  1.0000E+00  0.0000E+00  0.0000E+00  2.0000E+00  1.5000E+01  2.0000E+00  5.0216E+04  7.9598E+03  1.5851E+05  5.0216E+04  1.6647E+05  1.5851E+05  7.9598E+03  5.0216E+04
  1.1200E+02  0.0000E+00  0.0000E+00  1.0000E+00  1.0000E+00  1.2000E+00  1.0000E+00  2.0000E+00  0.0000E+00  0.0000E+00 -1.0000E+06 -1.7621E+06  1.7621E+06  0.0000E+00  0.0000E+00  1.7621E+06  0.0000E+00  0.0000E+00
  1.1200E+02  3.3600E+02  1.8462E+05  0.0000E+00  1.0000E+00  0.0000E+00  0.0000E+00  2.0000E+00  1.5000E+01  2.0000E+00  1.6472E+05  2.6109E+04  1.5851E+05  1.6472E+05  1.8462E+05  1.5851E+05  2.6109E+04  1.6472E+05
  1.1300E+02  0.0000E+00  0.0000E+00  1.0000E+00  1.0000E+00  1.2000E+00  1.0000E+00  2.0000E+00  0.0000E+00  0.0000E+00 -1.0000E+06 -1.7621E+06  1.7621E+06  0.0000E+00  0.0000E+00  1.7621E+06  0.0000E+00  0.0000E+00
  1.1300E+02  6.7200E+02  8.8602E+03  0.0000E+00  1.0000E+00  0.0000E+00  0.0000E+00  2.0000E+00  2.9000E+01  4.0000E+00 -5.4270E+05 -1.0515E+04  1.9375E+04 -5.4270E+05  8.8602E+03  1.9375E+04 -1.0515E+04 -5.4270E+05
  1.1400E+02  0.0000E+00  0.0000E+00  1.0000E+00  1.0000E+00  1.2000E+00  1.0000E+00  2.0000E+00  0.0000E+00  0.0000E+00 -1.0000E+06 -1.7621E+06  1.7621E+06  0.0000E+00  0.0000E+00  1.7621E+06  0.0000E+00  0.0000E+00
  1.1400E+02  6.7200E+02  1.8939E+04  0.0000E+00  1.0000E+00  0.0000E+00  0.0000E+00  2.0000E+00  2.9000E+01  4.0000E+00 -2.2478E+04 -4.3551E+02  1.9375E+04 -2.2478E+04  1.8939E+04  1.9375E+04 -4.3551E+02 -2.2478E+04
  1.1500E+02  0.0000E+00  0.0000E+00  1.0000E+00  1.0000E+00  1.2000E+00  1.0000E+00  2.0000E+00  0.0000E+00  0.0000E+00 -1.0000E+06 -1.7621E+06  1.7621E+06  0.0000E+00  0.0000E+00  1.7621E+06  0.0000E+00  0.0000E+00
  1.1500E+02  6.7200E+02  1.2609E+04  0.0000E+00  1.0000E+00  0.0000E+00  0.0000E+00  2.0000E+00  2.9000E+01  4.0000E+00 -3.4920E+05 -6.7657E+03  1.9375E+04 -3.4920E+05  1.2609E+04  1.9375E+04 -6.7657E+03 -3.4920E+05
  1.1600E+02  0.0000E+00  0.0000E+00  1.0000E+00  1.0000E+00  1.2000E+00  1.0000E+00  2.0000E+00  0.0000E+00  0.0000E+00 -1.0000E+06 -1.7621E+06  1.7621E+06  0.0000E+00  0.0000E+00  1.7621E+06  0.0000E+00  0.0000E+00
  1.1600E+02  1.0080E+03  9.7019E+02  0.0000E+00  1.0000E+00  0.0000E+00  0.0000E+00  2.0000E+00  4.3000E+01  6.0000E+00 -5.9035E+05 -1.3982E+03  2.3684E+03 -5.9035E+05  9.7019E+02  2.3684E+03 -1.3982E+03 -5.9035E+05
  1.1700E+02  0.0000E+00  0.0000E+00  1.0000E+00  1.0000E+00  1.2000E+00  1.0000E+00  2.0000E+00  0.0000E+00  0.0000E+00 -1.0000E+06 -1.7621E+06  1.7621E+06  0.0000E+00  0.0000E+00  1.7621E+06  0.0000E+00  0.0000E+00
  1.1700E+02  1.0080E+03  9.8057E+02  0.0000E+00  1.0000E+00  0.0000E+00  0.0000E+00  2.0000E+00  4.3000E+01  6.0000E+00 -5.8597E+05 -1.3878E+03  2.3684E+03 -5.8597E+05  9.8057E+02  2.3684E+03 -1.3878E+03 -5.8597E+05
  1.1800E+02  0.0000E+00  0.0000E+00  1.0000E+00  1.0000E+00  1.2000E+00  1.0000E+00  2.0000E+00  0.0000E+00  0.0000E+00 -1.0000E+06 -1.7621E+06  1.7621E+06  0.0000E+00  0.0000E+00  1.7621E+06  0.0000E+00  0.0000E+00
  1.1800E+02  1.3440E+03  8.1596E+01  0.0000E+00  1.0000E+00  0.0000E+00  0.0000E+00  2.0000E+00  5.7000E+01  8.0000E+00 -7.1815E+05 -2.0791E+02  2.8951E+02 -7.1815E+05  8.1596E+01  2.8951E+02 -2.0791E+02 -7.1815E+05
  1.1900E+02  0.0000E+00  0.0000E+00  1.0000E+00  1.0000E+00  1.2000E+00  1.0000E+00  2.0000E+00  0.0000E+00  0.0000E+00 -1.0000E+06 -1.7621E+06  1.7621E+06  0.0000E+00  0.0000E+00  1.7621E+06  0.0000E+00  0.0000E+00
  1.1900E+02  1.3440E+03  1.3986E+02  0.0000E+00  1.0000E+00  0.0000E+00  0.0000E+00  2.0000E+00  5.7000E+01  8.0000E+00 -5.1690E+05 -1.4965E+02  2.8951E+02 -5.1690E+05  1.3986E+02  2.8951E+02 -1.4965E+02 -5.1690E+05
  1.2000E+02  0.0000E+00  0.0000E+00  1.0000E+00  1.0000E+00  1.2000E+00  1.0000E+00  2.0000E+00  0.0000E+00  0.0000E+00 -1.0000E+06 -1.7621E+06  1.7621E+06  0.0000E+00  0.0000E+00  1.7621E+06  0.0000E+00  0.0000E+00
  1.2000E+02  1.3440E+03  1.4386E+02  0.0000E+00  1.0000E+00  0.0000E+00  0.0000E+00  2.0000E+00  5.7000E+01  8.0000E+00 -5.0308E+05 -1.4564E+02  2.8951E+02 -5.0308E+05  1.4386E+02  2.8951E+02 -1.4564E+02 -5.0308E+05
