TABLE NO.  1
 ID          TIME        DV          MDV         CMT         AMT         LEFT        SITE        DAY         WEEK        IWRES       IRES        IPRED       CWRES       DV          PRED        RES         WRES
  1.0000E+00  0.0000E+00  0.0000E+00  1.0000E+00  1.0000E+00  6.0000E-01  0.0000E+00  2.0000E+00  0.0000E+00  0.0000E+00 -2.9779E+00 -7.1237E+05  7.1237E+05  0.0000E+00  0.0000E+00  7.1237E+05  0.0000E+00  0.0000E+00
  1.0000E+00  3.3600E+02  4.2240E+04  0.0000E+00  1.0000E+00  0.0000E+00  1.0000E+00  2.0000E+00  1.5000E+01  2.0000E+00 -1.1302E+00 -2.5836E+04  6.8076E+04 -1.1302E+00  4.2240E+04  6.8077E+04 -2.5837E+04 -1.1302E+00
  2.0000E+00  0.0000E+00  0.0000E+00  1.0000E+00  1.0000E+00  6.0000E-01  0.0000E+00  2.0000E+00  0.0000E+00  0.0000E+00 -2.9779E+00 -7.1237E+05  7.1237E+05  0.0000E+00  0.0000E+00  7.1237E+05  0.0000E+00  0.0000E+00
  2.0000E+00  3.3600E+02  7.5107E+04  0.0000E+00  1.0000E+00  0.0000E+00  1.0000E+00  2.0000E+00  1.5000E+01  2.0000E+00  3.0750E-01  7.0297E+03  6.8077E+04  3.0749E-01  7.5107E+04  6.8077E+04  7.0297E+03  3.0749E-01
  3.0000E+00  0.0000E+00  0.0000E+00  1.0000E+00  1.0000E+00  6.0000E-01  0.0000E+00  2.0000E+00  0.0000E+00  0.0000E+00 -2.9779E+00 -7.1237E+05  7.1237E+05  0.0000E+00  0.0000E+00  7.1237E+05  0.0000E+00  0.0000E+00
  3.0000E+00  6.7200E+02  1.2155E+04  0.0000E+00  1.0000E+00  0.0000E+00  1.0000E+00  2.0000E+00  2.9000E+01  4.0000E+00  1.4403E+00  3.9623E+03  8.1922E+03  1.5875E+00  1.2155E+04  7.0527E+03  5.1018E+03  2.1500E+00
  4.0000E+00  0.0000E+00  0.0000E+00  1.0000E+00  1.0000E+00  6.0000E-01  0.0000E+00  2.0000E+00  0.0000E+00  0.0000E+00 -2.9779E+00 -7.1237E+05  7.1237E+05  0.0000E+00  0.0000E+00  7.1237E+05  0.0000E+00  0.0000E+00
  4.0000E+00  6.7200E+02  8.7923E+03  0.0000E+00  1.0000E+00  0.0000E+00  1.0000E+00  2.0000E+00  2.9000E+01  4.0000E+00  7.3084E-01  1.7326E+03  7.0596E+03  7.3205E-01  8.7923E+03  7.0527E+03  1.7395E+03  7.3307E-01
  5.0000E+00  0.0000E+00  0.0000E+00  1.0000E+00  1.0000E+00  6.0000E-01  0.0000E+00  2.0000E+00  0.0000E+00  0.0000E+00 -2.9779E+00 -7.1237E+05  7.1237E+05  0.0000E+00  0.0000E+00  7.1237E+05  0.0000E+00  0.0000E+00
  5.0000E+00  6.7200E+02  0.0000E+00  1.0000E+00  1.0000E+00  0.0000E+00  1.0000E+00  2.0000E+00  2.9000E+01  4.0000E+00 -2.9779E+00 -7.0527E+03  7.0527E+03  0.0000E+00  0.0000E+00  7.0527E+03  0.0000E+00  0.0000E+00
  6.0000E+00  0.0000E+00  0.0000E+00  1.0000E+00  1.0000E+00  6.0000E-01  0.0000E+00  2.0000E+00  0.0000E+00  0.0000E+00 -2.9779E+00 -7.1237E+05  7.1237E+05  0.0000E+00  0.0000E+00  7.1237E+05  0.0000E+00  0.0000E+00
  6.0000E+00  1.0080E+03  8.5126E+02  0.0000E+00  1.0000E+00  0.0000E+00  1.0000E+00  2.0000E+00  4.3000E+01  6.0000E+00  4.8709E-01  1.1967E+02  7.3160E+02  4.8688E-01  8.5126E+02  7.3066E+02  1.2060E+02  4.8814E-01
  7.0000E+00  0.0000E+00  0.0000E+00  1.0000E+00  1.0000E+00  6.0000E-01  0.0000E+00  2.0000E+00  0.0000E+00  0.0000E+00 -2.9779E+00 -7.1237E+05  7.1237E+05  0.0000E+00  0.0000E+00  7.1237E+05  0.0000E+00  0.0000E+00
  7.0000E+00  1.0080E+03  2.7002E+03  0.0000E+00  1.0000E+00  0.0000E+00  1.0000E+00  2.0000E+00  4.3000E+01  6.0000E+00  2.0698E+00  1.1072E+03  1.5930E+03  2.2089E+00  2.7002E+03  7.3066E+02  1.9696E+03  7.9719E+00
  8.0000E+00  0.0000E+00  0.0000E+00  1.0000E+00  1.0000E+00  6.0000E-01  0.0000E+00  2.0000E+00  0.0000E+00  0.0000E+00 -2.9779E+00 -7.1237E+05  7.1237E+05  0.0000E+00  0.0000E+00  7.1237E+05  0.0000E+00  0.0000E+00
  8.0000E+00  1.3440E+03  1.8114E+01  0.0000E+00  1.0000E+00  0.0000E+00  1.0000E+00  2.0000E+00  5.7000E+01  8.0000E+00 -2.2626E+00 -5.7298E+01  7.5412E+01 -2.2602E+00  1.8114E+01  7.5696E+01 -5.7582E+01 -2.2318E+00
  9.0000E+00  0.0000E+00  0.0000E+00  1.0000E+00  1.0000E+00  6.0000E-01  0.0000E+00  2.0000E+00  0.0000E+00  0.0000E+00 -2.9779E+00 -7.1237E+05  7.1237E+05  0.0000E+00  0.0000E+00  7.1237E+05  0.0000E+00  0.0000E+00
  9.0000E+00  1.3440E+03  8.3834E+01  0.0000E+00  1.0000E+00  0.0000E+00  1.0000E+00  2.0000E+00  5.7000E+01  8.0000E+00  3.1960E-01  8.1255E+00  7.5709E+01  3.1569E-01  8.3834E+01  7.5696E+01  8.1384E+00  3.1543E-01
  1.0000E+01  0.0000E+00  0.0000E+00  1.0000E+00  1.0000E+00  6.0000E-01  0.0000E+00  2.0000E+00  0.0000E+00  0.0000E+00 -2.9779E+00 -7.1237E+05  7.1237E+05  0.0000E+00  0.0000E+00  7.1237E+05  0.0000E+00  0.0000E+00
  1.0000E+01  1.3440E+03  1.3938E+02  0.0000E+00  1.0000E+00  0.0000E+00  1.0000E+00  2.0000E+00  5.7000E+01  8.0000E+00  3.4448E-01  1.4451E+01  1.2492E+02  6.3643E-01  1.3938E+02  7.5696E+01  6.3680E+01  2.4681E+00
  1.1000E+01  0.0000E+00  0.0000E+00  1.0000E+00  1.0000E+00  6.0000E-01  1.0000E+00  2.0000E+00  0.0000E+00  0.0000E+00 -2.9779E+00 -7.1237E+05  7.1237E+05  0.0000E+00  0.0000E+00  7.1237E+05  0.0000E+00  0.0000E+00
  1.1000E+01  3.3600E+02  8.9013E+04  0.0000E+00  1.0000E+00  0.0000E+00  0.0000E+00  2.0000E+00  1.5000E+01  2.0000E+00  9.1577E-01  2.0936E+04  6.8078E+04  9.1578E-01  8.9013E+04  6.8077E+04  2.0936E+04  9.1579E-01
  1.2000E+01  0.0000E+00  0.0000E+00  1.0000E+00  1.0000E+00  6.0000E-01  1.0000E+00  2.0000E+00  0.0000E+00  0.0000E+00 -2.9779E+00 -7.1237E+05  7.1237E+05  0.0000E+00  0.0000E+00  7.1237E+05  0.0000E+00  0.0000E+00
  1.2000E+01  3.3600E+02  5.4967E+04  0.0000E+00  1.0000E+00  0.0000E+00  0.0000E+00  2.0000E+00  1.5000E+01  2.0000E+00 -5.7348E-01 -1.3110E+04  6.8077E+04 -5.7349E-01  5.4967E+04  6.8077E+04 -1.3111E+04 -5.7349E-01
  1.3000E+01  0.0000E+00  0.0000E+00  1.0000E+00  1.0000E+00  6.0000E-01  1.0000E+00  2.0000E+00  0.0000E+00  0.0000E+00 -2.9779E+00 -7.1237E+05  7.1237E+05  0.0000E+00  0.0000E+00  7.1237E+05  0.0000E+00  0.0000E+00
  1.3000E+01  6.7200E+02  7.5606E+03  0.0000E+00  1.0000E+00  0.0000E+00  0.0000E+00  2.0000E+00  2.9000E+01  4.0000E+00  2.1481E-01  5.0869E+02  7.0519E+03  2.1413E-01  7.5606E+03  7.0527E+03  5.0788E+02  2.1403E-01
  1.4000E+01  0.0000E+00  0.0000E+00  1.0000E+00  1.0000E+00  6.0000E-01  1.0000E+00  2.0000E+00  0.0000E+00  0.0000E+00 -2.9779E+00 -7.1237E+05  7.1237E+05  0.0000E+00  0.0000E+00  7.1237E+05  0.0000E+00  0.0000E+00
  1.4000E+01  6.7200E+02  5.8805E+03  0.0000E+00  1.0000E+00  0.0000E+00  0.0000E+00  2.0000E+00  2.9000E+01  4.0000E+00 -4.9338E-01 -1.1678E+03  7.0483E+03 -4.9451E-01  5.8805E+03  7.0527E+03 -1.1722E+03 -4.9401E-01
  1.5000E+01  0.0000E+00  0.0000E+00  1.0000E+00  1.0000E+00  6.0000E-01  1.0000E+00  2.0000E+00  0.0000E+00  0.0000E+00 -2.9779E+00 -7.1237E+05  7.1237E+05  0.0000E+00  0.0000E+00  7.1237E+05  0.0000E+00  0.0000E+00
  1.5000E+01  6.7200E+02  1.6131E+03  0.0000E+00  1.0000E+00  0.0000E+00  0.0000E+00  2.0000E+00  2.9000E+01  4.0000E+00 -2.2963E+00 -5.4347E+03  7.0478E+03 -2.2957E+00  1.6131E+03  7.0527E+03 -5.4396E+03 -2.2924E+00
  1.6000E+01  0.0000E+00  0.0000E+00  1.0000E+00  1.0000E+00  6.0000E-01  1.0000E+00  2.0000E+00  0.0000E+00  0.0000E+00 -2.9779E+00 -7.1237E+05  7.1237E+05  0.0000E+00  0.0000E+00  7.1237E+05  0.0000E+00  0.0000E+00
  1.6000E+01  1.0080E+03  1.8740E+03  0.0000E+00  1.0000E+00  0.0000E+00  0.0000E+00  2.0000E+00  4.3000E+01  6.0000E+00  5.5952E-01  2.9641E+02  1.5776E+03  9.5087E-01  1.8740E+03  7.3066E+02  1.1433E+03  4.6276E+00
  1.7000E+01  0.0000E+00  0.0000E+00  1.0000E+00  1.0000E+00  6.0000E-01  1.0000E+00  2.0000E+00  0.0000E+00  0.0000E+00 -2.9779E+00 -7.1237E+05  7.1237E+05  0.0000E+00  0.0000E+00  7.1237E+05  0.0000E+00  0.0000E+00
  1.7000E+01  1.0080E+03  2.0616E+03  0.0000E+00  1.0000E+00  0.0000E+00  0.0000E+00  2.0000E+00  4.3000E+01  6.0000E+00  8.8209E-01  4.7113E+02  1.5905E+03  1.1978E+00  2.0616E+03  7.3066E+02  1.3310E+03  5.3872E+00
  1.8000E+01  0.0000E+00  0.0000E+00  1.0000E+00  1.0000E+00  6.0000E-01  1.0000E+00  2.0000E+00  0.0000E+00  0.0000E+00 -2.9779E+00 -7.1237E+05  7.1237E+05  0.0000E+00  0.0000E+00  7.1237E+05  0.0000E+00  0.0000E+00
  1.8000E+01  1.3440E+03  8.9043E+01  0.0000E+00  1.0000E+00  0.0000E+00  0.0000E+00  2.0000E+00  5.7000E+01  8.0000E+00  5.1030E-01  1.3027E+01  7.6017E+01  5.1088E-01  8.9043E+01  7.5696E+01  1.3347E+01  5.1731E-01
  1.9000E+01  0.0000E+00  0.0000E+00  1.0000E+00  1.0000E+00  6.0000E-01  1.0000E+00  2.0000E+00  0.0000E+00  0.0000E+00 -2.9779E+00 -7.1237E+05  7.1237E+05  0.0000E+00  0.0000E+00  7.1237E+05  0.0000E+00  0.0000E+00
  1.9000E+01  1.3440E+03  9.1735E+01  0.0000E+00  1.0000E+00  0.0000E+00  0.0000E+00  2.0000E+00  5.7000E+01  8.0000E+00  5.8643E-01  1.5093E+01  7.6642E+01  5.9811E-01  9.1735E+01  7.5696E+01  1.6039E+01  6.2165E-01
  2.0000E+01  0.0000E+00  0.0000E+00  1.0000E+00  1.0000E+00  6.0000E-01  1.0000E+00  2.0000E+00  0.0000E+00  0.0000E+00 -2.9779E+00 -7.1237E+05  7.1237E+05  0.0000E+00  0.0000E+00  7.1237E+05  0.0000E+00  0.0000E+00
  2.0000E+01  1.3440E+03  1.4429E+02  0.0000E+00  1.0000E+00  0.0000E+00  0.0000E+00  2.0000E+00  5.7000E+01  8.0000E+00  3.4226E-01  1.4874E+01  1.2941E+02  6.4269E-01  1.4429E+02  7.5696E+01  6.8591E+01  2.6584E+00
  1.0100E+02  0.0000E+00  0.0000E+00  1.0000E+00  1.0000E+00  1.2000E+00  0.0000E+00  2.0000E+00  0.0000E+00  0.0000E+00 -2.9779E+00 -1.4247E+06  1.4247E+06  0.0000E+00  0.0000E+00  1.4247E+06  0.0000E+00  0.0000E+00
  1.0100E+02  3.3600E+02  1.3594E+05  0.0000E+00  1.0000E+00  0.0000E+00  1.0000E+00  2.0000E+00  1.5000E+01  2.0000E+00 -4.6073E-03 -2.1066E+02  1.3615E+05 -4.6174E-03  1.3594E+05  1.3615E+05 -2.1112E+02 -4.6174E-03
  1.0200E+02  0.0000E+00  0.0000E+00  1.0000E+00  1.0000E+00  1.2000E+00  0.0000E+00  2.0000E+00  0.0000E+00  0.0000E+00 -2.9779E+00 -1.4247E+06  1.4247E+06  0.0000E+00  0.0000E+00  1.4247E+06  0.0000E+00  0.0000E+00
  1.0200E+02  3.3600E+02  1.0246E+05  0.0000E+00  1.0000E+00  0.0000E+00  1.0000E+00  2.0000E+00  1.5000E+01  2.0000E+00 -7.3684E-01 -3.3689E+04  1.3615E+05 -7.3685E-01  1.0246E+05  1.3615E+05 -3.3690E+04 -7.3684E-01
  1.0300E+02  0.0000E+00  0.0000E+00  1.0000E+00  1.0000E+00  1.2000E+00  0.0000E+00  2.0000E+00  0.0000E+00  0.0000E+00 -2.9779E+00 -1.4247E+06  1.4247E+06  0.0000E+00  0.0000E+00  1.4247E+06  0.0000E+00  0.0000E+00
  1.0300E+02  6.7200E+02  1.4701E+04  0.0000E+00  1.0000E+00  0.0000E+00  1.0000E+00  2.0000E+00  2.9000E+01  4.0000E+00  1.2631E-01  5.9818E+02  1.4102E+04  1.2551E-01  1.4701E+04  1.4105E+04  5.9516E+02  1.2541E-01
  1.0400E+02  0.0000E+00  0.0000E+00  1.0000E+00  1.0000E+00  1.2000E+00  0.0000E+00  2.0000E+00  0.0000E+00  0.0000E+00 -2.9779E+00 -1.4247E+06  1.4247E+06  0.0000E+00  0.0000E+00  1.4247E+06  0.0000E+00  0.0000E+00
  1.0400E+02  6.7200E+02  1.6894E+04  0.0000E+00  1.0000E+00  0.0000E+00  1.0000E+00  2.0000E+00  2.9000E+01  4.0000E+00  5.8681E-01  2.7810E+03  1.4113E+04  5.8715E-01  1.6894E+04  1.4105E+04  2.7885E+03  5.8757E-01
  1.0500E+02  0.0000E+00  0.0000E+00  1.0000E+00  1.0000E+00  1.2000E+00  0.0000E+00  2.0000E+00  0.0000E+00  0.0000E+00 -2.9779E+00 -1.4247E+06  1.4247E+06  0.0000E+00  0.0000E+00  1.4247E+06  0.0000E+00  0.0000E+00
  1.0500E+02  6.7200E+02  1.4891E+04  0.0000E+00  1.0000E+00  0.0000E+00  1.0000E+00  2.0000E+00  2.9000E+01  4.0000E+00  1.6635E-01  7.8782E+02  1.4103E+04  1.6560E-01  1.4891E+04  1.4105E+04  7.8541E+02  1.6550E-01
  1.0600E+02  0.0000E+00  0.0000E+00  1.0000E+00  1.0000E+00  1.2000E+00  0.0000E+00  2.0000E+00  0.0000E+00  0.0000E+00 -2.9779E+00 -1.4247E+06  1.4247E+06  0.0000E+00  0.0000E+00  1.4247E+06  0.0000E+00  0.0000E+00
  1.0600E+02  1.0080E+03  1.0314E+03  0.0000E+00  1.0000E+00  0.0000E+00  1.0000E+00  2.0000E+00  4.3000E+01  6.0000E+00 -8.7163E-01 -4.2681E+02  1.4582E+03 -8.7444E-01  1.0314E+03  1.4613E+03 -4.2996E+02 -8.7014E-01
  1.0700E+02  0.0000E+00  0.0000E+00  1.0000E+00  1.0000E+00  1.2000E+00  0.0000E+00  2.0000E+00  0.0000E+00  0.0000E+00 -2.9779E+00 -1.4247E+06  1.4247E+06  0.0000E+00  0.0000E+00  1.4247E+06  0.0000E+00  0.0000E+00
  1.0700E+02  1.0080E+03  1.7030E+03  0.0000E+00  1.0000E+00  0.0000E+00  1.0000E+00  2.0000E+00  4.3000E+01  6.0000E+00  4.8797E-01  2.3977E+02  1.4632E+03  4.8778E-01  1.7030E+03  1.4613E+03  2.4165E+02  4.8905E-01
  1.0800E+02  0.0000E+00  0.0000E+00  1.0000E+00  1.0000E+00  1.2000E+00  0.0000E+00  2.0000E+00  0.0000E+00  0.0000E+00 -2.9779E+00 -1.4247E+06  1.4247E+06  0.0000E+00  0.0000E+00  1.4247E+06  0.0000E+00  0.0000E+00
  1.0800E+02  1.3440E+03  9.6058E+01  0.0000E+00  1.0000E+00  0.0000E+00  1.0000E+00  2.0000E+00  5.7000E+01  8.0000E+00 -1.0807E+00 -5.4722E+01  1.5078E+02 -1.0850E+00  9.6058E+01  1.5139E+02 -5.5334E+01 -1.0723E+00
  1.0900E+02  0.0000E+00  0.0000E+00  1.0000E+00  1.0000E+00  1.2000E+00  0.0000E+00  2.0000E+00  0.0000E+00  0.0000E+00 -2.9779E+00 -1.4247E+06  1.4247E+06  0.0000E+00  0.0000E+00  1.4247E+06  0.0000E+00  0.0000E+00
  1.0900E+02  1.3440E+03  9.1258E+01  0.0000E+00  1.0000E+00  0.0000E+00  1.0000E+00  2.0000E+00  5.7000E+01  8.0000E+00 -1.1755E+00 -5.9515E+01  1.5077E+02 -1.1794E+00  9.1258E+01  1.5139E+02 -6.0134E+01 -1.1653E+00
  1.1000E+02  0.0000E+00  0.0000E+00  1.0000E+00  1.0000E+00  1.2000E+00  0.0000E+00  2.0000E+00  0.0000E+00  0.0000E+00 -2.9779E+00 -1.4247E+06  1.4247E+06  0.0000E+00  0.0000E+00  1.4247E+06  0.0000E+00  0.0000E+00
  1.1000E+02  1.3440E+03  1.7773E+02  0.0000E+00  1.0000E+00  0.0000E+00  1.0000E+00  2.0000E+00  5.7000E+01  8.0000E+00  5.0416E-01  2.5733E+01  1.5200E+02  5.0443E-01  1.7773E+02  1.5139E+02  2.6337E+01  5.1038E-01
  1.1100E+02  0.0000E+00  0.0000E+00  1.0000E+00  1.0000E+00  1.2000E+00  1.0000E+00  2.0000E+00  0.0000E+00  0.0000E+00 -2.9779E+00 -1.4247E+06  1.4247E+06  0.0000E+00  0.0000E+00  1.4247E+06  0.0000E+00  0.0000E+00
  1.1100E+02  3.3600E+02  1.6647E+05  0.0000E+00  1.0000E+00  0.0000E+00  0.0000E+00  2.0000E+00  1.5000E+01  2.0000E+00  6.6302E-01  3.0315E+04  1.3615E+05  6.6303E-01  1.6647E+05  1.3615E+05  3.0315E+04  6.6303E-01
  1.1200E+02  0.0000E+00  0.0000E+00  1.0000E+00  1.0000E+00  1.2000E+00  1.0000E+00  2.0000E+00  0.0000E+00  0.0000E+00 -2.9779E+00 -1.4247E+06  1.4247E+06  0.0000E+00  0.0000E+00  1.4247E+06  0.0000E+00  0.0000E+00
  1.1200E+02  3.3600E+02  1.8462E+05  0.0000E+00  1.0000E+00  0.0000E+00  0.0000E+00  2.0000E+00  1.5000E+01  2.0000E+00  1.0599E+00  4.8463E+04  1.3616E+05  1.0600E+00  1.8462E+05  1.3615E+05  4.8465E+04  1.0600E+00
  1.1300E+02  0.0000E+00  0.0000E+00  1.0000E+00  1.0000E+00  1.2000E+00  1.0000E+00  2.0000E+00  0.0000E+00  0.0000E+00 -2.9779E+00 -1.4247E+06  1.4247E+06  0.0000E+00  0.0000E+00  1.4247E+06  0.0000E+00  0.0000E+00
  1.1300E+02  6.7200E+02  8.8602E+03  0.0000E+00  1.0000E+00  0.0000E+00  0.0000E+00  2.0000E+00  2.9000E+01  4.0000E+00 -1.1059E+00 -5.2341E+03  1.4094E+04 -1.1068E+00  8.8602E+03  1.4105E+04 -5.2453E+03 -1.1052E+00
  1.1400E+02  0.0000E+00  0.0000E+00  1.0000E+00  1.0000E+00  1.2000E+00  1.0000E+00  2.0000E+00  0.0000E+00  0.0000E+00 -2.9779E+00 -1.4247E+06  1.4247E+06  0.0000E+00  0.0000E+00  1.4247E+06  0.0000E+00  0.0000E+00
  1.1400E+02  6.7200E+02  1.8939E+04  0.0000E+00  1.0000E+00  0.0000E+00  0.0000E+00  2.0000E+00  2.9000E+01  4.0000E+00  1.0064E+00  4.7839E+03  1.4156E+04  1.0138E+00  1.8939E+04  1.4105E+04  4.8340E+03  1.0186E+00
  1.1500E+02  0.0000E+00  0.0000E+00  1.0000E+00  1.0000E+00  1.2000E+00  1.0000E+00  2.0000E+00  0.0000E+00  0.0000E+00 -2.9779E+00 -1.4247E+06  1.4247E+06  0.0000E+00  0.0000E+00  1.4247E+06  0.0000E+00  0.0000E+00
  1.1500E+02  6.7200E+02  1.2609E+04  0.0000E+00  1.0000E+00  0.0000E+00  0.0000E+00  2.0000E+00  2.9000E+01  4.0000E+00 -3.1442E-01 -1.4885E+03  1.4098E+04 -3.1553E-01  1.2609E+04  1.4105E+04 -1.4962E+03 -3.1527E-01
  1.1600E+02  0.0000E+00  0.0000E+00  1.0000E+00  1.0000E+00  1.2000E+00  1.0000E+00  2.0000E+00  0.0000E+00  0.0000E+00 -2.9779E+00 -1.4247E+06  1.4247E+06  0.0000E+00  0.0000E+00  1.4247E+06  0.0000E+00  0.0000E+00
  1.1600E+02  1.0080E+03  9.7019E+02  0.0000E+00  1.0000E+00  0.0000E+00  0.0000E+00  2.0000E+00  4.3000E+01  6.0000E+00 -9.9642E-01 -4.8789E+02  1.4581E+03 -9.9907E-01  9.7019E+02  1.4613E+03 -4.9113E+02 -9.9393E-01
  1.1700E+02  0.0000E+00  0.0000E+00  1.0000E+00  1.0000E+00  1.2000E+00  1.0000E+00  2.0000E+00  0.0000E+00  0.0000E+00 -2.9779E+00 -1.4247E+06  1.4247E+06  0.0000E+00  0.0000E+00  1.4247E+06  0.0000E+00  0.0000E+00
  1.1700E+02  1.0080E+03  9.8057E+02  0.0000E+00  1.0000E+00  0.0000E+00  0.0000E+00  2.0000E+00  4.3000E+01  6.0000E+00 -9.7526E-01 -4.7753E+02  1.4581E+03 -9.7793E-01  9.8057E+02  1.4613E+03 -4.8075E+02 -9.7293E-01
  1.1800E+02  0.0000E+00  0.0000E+00  1.0000E+00  1.0000E+00  1.2000E+00  1.0000E+00  2.0000E+00  0.0000E+00  0.0000E+00 -2.9779E+00 -1.4247E+06  1.4247E+06  0.0000E+00  0.0000E+00  1.4247E+06  0.0000E+00  0.0000E+00
  1.1800E+02  1.3440E+03  8.1596E+01  0.0000E+00  1.0000E+00  0.0000E+00  0.0000E+00  2.0000E+00  5.7000E+01  8.0000E+00 -1.3662E+00 -6.9169E+01  1.5077E+02 -1.3695E+00  8.1596E+01  1.5139E+02 -6.9795E+01 -1.3526E+00
  1.1900E+02  0.0000E+00  0.0000E+00  1.0000E+00  1.0000E+00  1.2000E+00  1.0000E+00  2.0000E+00  0.0000E+00  0.0000E+00 -2.9779E+00 -1.4247E+06  1.4247E+06  0.0000E+00  0.0000E+00  1.4247E+06  0.0000E+00  0.0000E+00
  1.1900E+02  1.3440E+03  1.3986E+02  0.0000E+00  1.0000E+00  0.0000E+00  0.0000E+00  2.0000E+00  5.7000E+01  8.0000E+00 -2.1898E-01 -1.1101E+01  1.5096E+02 -2.2457E-01  1.3986E+02  1.5139E+02 -1.1533E+01 -2.2350E-01
  1.2000E+02  0.0000E+00  0.0000E+00  1.0000E+00  1.0000E+00  1.2000E+00  1.0000E+00  2.0000E+00  0.0000E+00  0.0000E+00 -2.9779E+00 -1.4247E+06  1.4247E+06  0.0000E+00  0.0000E+00  1.4247E+06  0.0000E+00  0.0000E+00
  1.2000E+02  1.3440E+03  1.4386E+02  0.0000E+00  1.0000E+00  0.0000E+00  0.0000E+00  2.0000E+00  5.7000E+01  8.0000E+00 -1.4067E-01 -7.1329E+00  1.5099E+02 -1.4626E-01  1.4386E+02  1.5139E+02 -7.5303E+00 -1.4593E-01
