TABLE NO.  1
 ID          TIME        DV          MDV         CMT         AMT         LEFT        SITE        DAY         WEEK        IWRES       IRES        IPRED       CWRES       DV          PRED        RES         WRES
  1.0000E+00  0.0000E+00  0.0000E+00  1.0000E+00  1.0000E+00  6.0000E-01  0.0000E+00  2.0000E+00  0.0000E+00  0.0000E+00 -1.8170E+00 -2.1368E+06  2.1368E+06  0.0000E+00  0.0000E+00  2.1368E+06  0.0000E+00  0.0000E+00
  1.0000E+00  3.3600E+02  4.2240E+04  0.0000E+00  1.0000E+00  0.0000E+00  1.0000E+00  2.0000E+00  1.5000E+01  2.0000E+00 -6.1472E-01 -2.1598E+04  6.3838E+04 -6.1472E-01  4.2240E+04  6.3838E+04 -2.1598E+04 -6.1472E-01
  2.0000E+00  0.0000E+00  0.0000E+00  1.0000E+00  1.0000E+00  6.0000E-01  0.0000E+00  2.0000E+00  0.0000E+00  0.0000E+00 -1.8170E+00 -2.1368E+06  2.1368E+06  0.0000E+00  0.0000E+00  2.1368E+06  0.0000E+00  0.0000E+00
  2.0000E+00  3.3600E+02  7.5107E+04  0.0000E+00  1.0000E+00  0.0000E+00  1.0000E+00  2.0000E+00  1.5000E+01  2.0000E+00  3.2074E-01  1.1269E+04  6.3838E+04  3.2074E-01  7.5107E+04  6.3838E+04  1.1269E+04  3.2074E-01
  3.0000E+00  0.0000E+00  0.0000E+00  1.0000E+00  1.0000E+00  6.0000E-01  0.0000E+00  2.0000E+00  0.0000E+00  0.0000E+00 -1.8170E+00 -2.1368E+06  2.1368E+06  0.0000E+00  0.0000E+00  2.1368E+06  0.0000E+00  0.0000E+00
  3.0000E+00  6.7200E+02  1.2155E+04  0.0000E+00  1.0000E+00  0.0000E+00  1.0000E+00  2.0000E+00  2.9000E+01  4.0000E+00  1.1045E+00  4.5952E+03  7.5593E+03  1.1045E+00  1.2155E+04  7.5593E+03  4.5952E+03  1.1045E+00
  4.0000E+00  0.0000E+00  0.0000E+00  1.0000E+00  1.0000E+00  6.0000E-01  0.0000E+00  2.0000E+00  0.0000E+00  0.0000E+00 -1.8170E+00 -2.1368E+06  2.1368E+06  0.0000E+00  0.0000E+00  2.1368E+06  0.0000E+00  0.0000E+00
  4.0000E+00  6.7200E+02  8.7923E+03  0.0000E+00  1.0000E+00  0.0000E+00  1.0000E+00  2.0000E+00  2.9000E+01  4.0000E+00  2.9636E-01  1.2329E+03  7.5593E+03  2.9636E-01  8.7923E+03  7.5593E+03  1.2329E+03  2.9636E-01
  5.0000E+00  0.0000E+00  0.0000E+00  1.0000E+00  1.0000E+00  6.0000E-01  0.0000E+00  2.0000E+00  0.0000E+00  0.0000E+00 -1.8170E+00 -2.1368E+06  2.1368E+06  0.0000E+00  0.0000E+00  2.1368E+06  0.0000E+00  0.0000E+00
  5.0000E+00  6.7200E+02  0.0000E+00  1.0000E+00  1.0000E+00  0.0000E+00  1.0000E+00  2.0000E+00  2.9000E+01  4.0000E+00 -1.8170E+00 -7.5593E+03  7.5593E+03  0.0000E+00  0.0000E+00  7.5593E+03  0.0000E+00  0.0000E+00
  6.0000E+00  0.0000E+00  0.0000E+00  1.0000E+00  1.0000E+00  6.0000E-01  0.0000E+00  2.0000E+00  0.0000E+00  0.0000E+00 -1.8170E+00 -2.1368E+06  2.1368E+06  0.0000E+00  0.0000E+00  2.1368E+06  0.0000E+00  0.0000E+00
  6.0000E+00  1.0080E+03  8.5126E+02  0.0000E+00  1.0000E+00  0.0000E+00  1.0000E+00  2.0000E+00  4.3000E+01  6.0000E+00 -8.9287E-02 -4.3993E+01  8.9526E+02 -8.9287E-02  8.5126E+02  8.9526E+02 -4.3993E+01 -8.9287E-02
  7.0000E+00  0.0000E+00  0.0000E+00  1.0000E+00  1.0000E+00  6.0000E-01  0.0000E+00  2.0000E+00  0.0000E+00  0.0000E+00 -1.8170E+00 -2.1368E+06  2.1368E+06  0.0000E+00  0.0000E+00  2.1368E+06  0.0000E+00  0.0000E+00
  7.0000E+00  1.0080E+03  2.7002E+03  0.0000E+00  1.0000E+00  0.0000E+00  1.0000E+00  2.0000E+00  4.3000E+01  6.0000E+00  3.6633E+00  1.8050E+03  8.9526E+02  3.6633E+00  2.7002E+03  8.9526E+02  1.8050E+03  3.6633E+00
  8.0000E+00  0.0000E+00  0.0000E+00  1.0000E+00  1.0000E+00  6.0000E-01  0.0000E+00  2.0000E+00  0.0000E+00  0.0000E+00 -1.8170E+00 -2.1368E+06  2.1368E+06  0.0000E+00  0.0000E+00  2.1368E+06  0.0000E+00  0.0000E+00
  8.0000E+00  1.3440E+03  1.8114E+01  0.0000E+00  1.0000E+00  0.0000E+00  1.0000E+00  2.0000E+00  5.7000E+01  8.0000E+00 -1.5066E+00 -8.7912E+01  1.0603E+02 -1.5066E+00  1.8114E+01  1.0603E+02 -8.7912E+01 -1.5066E+00
  9.0000E+00  0.0000E+00  0.0000E+00  1.0000E+00  1.0000E+00  6.0000E-01  0.0000E+00  2.0000E+00  0.0000E+00  0.0000E+00 -1.8170E+00 -2.1368E+06  2.1368E+06  0.0000E+00  0.0000E+00  2.1368E+06  0.0000E+00  0.0000E+00
  9.0000E+00  1.3440E+03  8.3834E+01  0.0000E+00  1.0000E+00  0.0000E+00  1.0000E+00  2.0000E+00  5.7000E+01  8.0000E+00 -3.8030E-01 -2.2192E+01  1.0603E+02 -3.8030E-01  8.3834E+01  1.0603E+02 -2.2192E+01 -3.8030E-01
  1.0000E+01  0.0000E+00  0.0000E+00  1.0000E+00  1.0000E+00  6.0000E-01  0.0000E+00  2.0000E+00  0.0000E+00  0.0000E+00 -1.8170E+00 -2.1368E+06  2.1368E+06  0.0000E+00  0.0000E+00  2.1368E+06  0.0000E+00  0.0000E+00
  1.0000E+01  1.3440E+03  1.3938E+02  0.0000E+00  1.0000E+00  0.0000E+00  1.0000E+00  2.0000E+00  5.7000E+01  8.0000E+00  5.7153E-01  3.3350E+01  1.0603E+02  5.7153E-01  1.3938E+02  1.0603E+02  3.3350E+01  5.7153E-01
  1.1000E+01  0.0000E+00  0.0000E+00  1.0000E+00  1.0000E+00  6.0000E-01  1.0000E+00  2.0000E+00  0.0000E+00  0.0000E+00 -1.8170E+00 -2.1368E+06  2.1368E+06  0.0000E+00  0.0000E+00  2.1368E+06  0.0000E+00  0.0000E+00
  1.1000E+01  3.3600E+02  8.9013E+04  0.0000E+00  1.0000E+00  0.0000E+00  0.0000E+00  2.0000E+00  1.5000E+01  2.0000E+00  7.1656E-01  2.5175E+04  6.3838E+04  7.1656E-01  8.9013E+04  6.3838E+04  2.5175E+04  7.1656E-01
  1.2000E+01  0.0000E+00  0.0000E+00  1.0000E+00  1.0000E+00  6.0000E-01  1.0000E+00  2.0000E+00  0.0000E+00  0.0000E+00 -1.8170E+00 -2.1368E+06  2.1368E+06  0.0000E+00  0.0000E+00  2.1368E+06  0.0000E+00  0.0000E+00
  1.2000E+01  3.3600E+02  5.4967E+04  0.0000E+00  1.0000E+00  0.0000E+00  0.0000E+00  2.0000E+00  1.5000E+01  2.0000E+00 -2.5250E-01 -8.8714E+03  6.3838E+04 -2.5250E-01  5.4967E+04  6.3838E+04 -8.8714E+03 -2.5250E-01
  1.3000E+01  0.0000E+00  0.0000E+00  1.0000E+00  1.0000E+00  6.0000E-01  1.0000E+00  2.0000E+00  0.0000E+00  0.0000E+00 -1.8170E+00 -2.1368E+06  2.1368E+06  0.0000E+00  0.0000E+00  2.1368E+06  0.0000E+00  0.0000E+00
  1.3000E+01  6.7200E+02  7.5606E+03  0.0000E+00  1.0000E+00  0.0000E+00  0.0000E+00  2.0000E+00  2.9000E+01  4.0000E+00  3.1611E-04  1.3151E+00  7.5593E+03  3.1611E-04  7.5606E+03  7.5593E+03  1.3151E+00  3.1611E-04
  1.4000E+01  0.0000E+00  0.0000E+00  1.0000E+00  1.0000E+00  6.0000E-01  1.0000E+00  2.0000E+00  0.0000E+00  0.0000E+00 -1.8170E+00 -2.1368E+06  2.1368E+06  0.0000E+00  0.0000E+00  2.1368E+06  0.0000E+00  0.0000E+00
  1.4000E+01  6.7200E+02  5.8805E+03  0.0000E+00  1.0000E+00  0.0000E+00  0.0000E+00  2.0000E+00  2.9000E+01  4.0000E+00 -4.0352E-01 -1.6788E+03  7.5593E+03 -4.0352E-01  5.8805E+03  7.5593E+03 -1.6788E+03 -4.0352E-01
  1.5000E+01  0.0000E+00  0.0000E+00  1.0000E+00  1.0000E+00  6.0000E-01  1.0000E+00  2.0000E+00  0.0000E+00  0.0000E+00 -1.8170E+00 -2.1368E+06  2.1368E+06  0.0000E+00  0.0000E+00  2.1368E+06  0.0000E+00  0.0000E+00
  1.5000E+01  6.7200E+02  1.6131E+03  0.0000E+00  1.0000E+00  0.0000E+00  0.0000E+00  2.0000E+00  2.9000E+01  4.0000E+00 -1.4292E+00 -5.9462E+03  7.5593E+03 -1.4292E+00  1.6131E+03  7.5593E+03 -5.9462E+03 -1.4292E+00
  1.6000E+01  0.0000E+00  0.0000E+00  1.0000E+00  1.0000E+00  6.0000E-01  1.0000E+00  2.0000E+00  0.0000E+00  0.0000E+00 -1.8170E+00 -2.1368E+06  2.1368E+06  0.0000E+00  0.0000E+00  2.1368E+06  0.0000E+00  0.0000E+00
  1.6000E+01  1.0080E+03  1.8740E+03  0.0000E+00  1.0000E+00  0.0000E+00  0.0000E+00  2.0000E+00  4.3000E+01  6.0000E+00  1.9864E+00  9.7871E+02  8.9526E+02  1.9864E+00  1.8740E+03  8.9526E+02  9.7871E+02  1.9864E+00
  1.7000E+01  0.0000E+00  0.0000E+00  1.0000E+00  1.0000E+00  6.0000E-01  1.0000E+00  2.0000E+00  0.0000E+00  0.0000E+00 -1.8170E+00 -2.1368E+06  2.1368E+06  0.0000E+00  0.0000E+00  2.1368E+06  0.0000E+00  0.0000E+00
  1.7000E+01  1.0080E+03  2.0616E+03  0.0000E+00  1.0000E+00  0.0000E+00  0.0000E+00  2.0000E+00  4.3000E+01  6.0000E+00  2.3673E+00  1.1664E+03  8.9526E+02  2.3673E+00  2.0616E+03  8.9526E+02  1.1664E+03  2.3673E+00
  1.8000E+01  0.0000E+00  0.0000E+00  1.0000E+00  1.0000E+00  6.0000E-01  1.0000E+00  2.0000E+00  0.0000E+00  0.0000E+00 -1.8170E+00 -2.1368E+06  2.1368E+06  0.0000E+00  0.0000E+00  2.1368E+06  0.0000E+00  0.0000E+00
  1.8000E+01  1.3440E+03  8.9043E+01  0.0000E+00  1.0000E+00  0.0000E+00  0.0000E+00  2.0000E+00  5.7000E+01  8.0000E+00 -2.9104E-01 -1.6983E+01  1.0603E+02 -2.9104E-01  8.9043E+01  1.0603E+02 -1.6983E+01 -2.9104E-01
  1.9000E+01  0.0000E+00  0.0000E+00  1.0000E+00  1.0000E+00  6.0000E-01  1.0000E+00  2.0000E+00  0.0000E+00  0.0000E+00 -1.8170E+00 -2.1368E+06  2.1368E+06  0.0000E+00  0.0000E+00  2.1368E+06  0.0000E+00  0.0000E+00
  1.9000E+01  1.3440E+03  9.1735E+01  0.0000E+00  1.0000E+00  0.0000E+00  0.0000E+00  2.0000E+00  5.7000E+01  8.0000E+00 -2.4490E-01 -1.4291E+01  1.0603E+02 -2.4490E-01  9.1735E+01  1.0603E+02 -1.4291E+01 -2.4490E-01
  2.0000E+01  0.0000E+00  0.0000E+00  1.0000E+00  1.0000E+00  6.0000E-01  1.0000E+00  2.0000E+00  0.0000E+00  0.0000E+00 -1.8170E+00 -2.1368E+06  2.1368E+06  0.0000E+00  0.0000E+00  2.1368E+06  0.0000E+00  0.0000E+00
  2.0000E+01  1.3440E+03  1.4429E+02  0.0000E+00  1.0000E+00  0.0000E+00  0.0000E+00  2.0000E+00  5.7000E+01  8.0000E+00  6.5569E-01  3.8261E+01  1.0603E+02  6.5569E-01  1.4429E+02  1.0603E+02  3.8261E+01  6.5569E-01
  1.0100E+02  0.0000E+00  0.0000E+00  1.0000E+00  1.0000E+00  1.2000E+00  0.0000E+00  2.0000E+00  0.0000E+00  0.0000E+00 -1.8170E+00 -4.2736E+06  4.2736E+06  0.0000E+00  0.0000E+00  4.2736E+06  0.0000E+00  0.0000E+00
  1.0100E+02  3.3600E+02  1.3594E+05  0.0000E+00  1.0000E+00  0.0000E+00  1.0000E+00  2.0000E+00  1.5000E+01  2.0000E+00  1.1765E-01  8.2673E+03  1.2768E+05  1.1765E-01  1.3594E+05  1.2768E+05  8.2673E+03  1.1765E-01
  1.0200E+02  0.0000E+00  0.0000E+00  1.0000E+00  1.0000E+00  1.2000E+00  0.0000E+00  2.0000E+00  0.0000E+00  0.0000E+00 -1.8170E+00 -4.2736E+06  4.2736E+06  0.0000E+00  0.0000E+00  4.2736E+06  0.0000E+00  0.0000E+00
  1.0200E+02  3.3600E+02  1.0246E+05  0.0000E+00  1.0000E+00  0.0000E+00  1.0000E+00  2.0000E+00  1.5000E+01  2.0000E+00 -3.5880E-01 -2.5212E+04  1.2768E+05 -3.5880E-01  1.0246E+05  1.2768E+05 -2.5212E+04 -3.5880E-01
  1.0300E+02  0.0000E+00  0.0000E+00  1.0000E+00  1.0000E+00  1.2000E+00  0.0000E+00  2.0000E+00  0.0000E+00  0.0000E+00 -1.8170E+00 -4.2736E+06  4.2736E+06  0.0000E+00  0.0000E+00  4.2736E+06  0.0000E+00  0.0000E+00
  1.0300E+02  6.7200E+02  1.4701E+04  0.0000E+00  1.0000E+00  0.0000E+00  1.0000E+00  2.0000E+00  2.9000E+01  4.0000E+00 -5.0232E-02 -4.1797E+02  1.5119E+04 -5.0232E-02  1.4701E+04  1.5119E+04 -4.1797E+02 -5.0232E-02
  1.0400E+02  0.0000E+00  0.0000E+00  1.0000E+00  1.0000E+00  1.2000E+00  0.0000E+00  2.0000E+00  0.0000E+00  0.0000E+00 -1.8170E+00 -4.2736E+06  4.2736E+06  0.0000E+00  0.0000E+00  4.2736E+06  0.0000E+00  0.0000E+00
  1.0400E+02  6.7200E+02  1.6894E+04  0.0000E+00  1.0000E+00  0.0000E+00  1.0000E+00  2.0000E+00  2.9000E+01  4.0000E+00  2.1337E-01  1.7754E+03  1.5119E+04  2.1337E-01  1.6894E+04  1.5119E+04  1.7754E+03  2.1337E-01
  1.0500E+02  0.0000E+00  0.0000E+00  1.0000E+00  1.0000E+00  1.2000E+00  0.0000E+00  2.0000E+00  0.0000E+00  0.0000E+00 -1.8170E+00 -4.2736E+06  4.2736E+06  0.0000E+00  0.0000E+00  4.2736E+06  0.0000E+00  0.0000E+00
  1.0500E+02  6.7200E+02  1.4891E+04  0.0000E+00  1.0000E+00  0.0000E+00  1.0000E+00  2.0000E+00  2.9000E+01  4.0000E+00 -2.7367E-02 -2.2772E+02  1.5119E+04 -2.7367E-02  1.4891E+04  1.5119E+04 -2.2772E+02 -2.7367E-02
  1.0600E+02  0.0000E+00  0.0000E+00  1.0000E+00  1.0000E+00  1.2000E+00  0.0000E+00  2.0000E+00  0.0000E+00  0.0000E+00 -1.8170E+00 -4.2736E+06  4.2736E+06  0.0000E+00  0.0000E+00  4.2736E+06  0.0000E+00  0.0000E+00
  1.0600E+02  1.0080E+03  1.0314E+03  0.0000E+00  1.0000E+00  0.0000E+00  1.0000E+00  2.0000E+00  4.3000E+01  6.0000E+00 -7.7038E-01 -7.5915E+02  1.7905E+03 -7.7038E-01  1.0314E+03  1.7905E+03 -7.5915E+02 -7.7038E-01
  1.0700E+02  0.0000E+00  0.0000E+00  1.0000E+00  1.0000E+00  1.2000E+00  0.0000E+00  2.0000E+00  0.0000E+00  0.0000E+00 -1.8170E+00 -4.2736E+06  4.2736E+06  0.0000E+00  0.0000E+00  4.2736E+06  0.0000E+00  0.0000E+00
  1.0700E+02  1.0080E+03  1.7030E+03  0.0000E+00  1.0000E+00  0.0000E+00  1.0000E+00  2.0000E+00  4.3000E+01  6.0000E+00 -8.8833E-02 -8.7539E+01  1.7905E+03 -8.8833E-02  1.7030E+03  1.7905E+03 -8.7539E+01 -8.8833E-02
  1.0800E+02  0.0000E+00  0.0000E+00  1.0000E+00  1.0000E+00  1.2000E+00  0.0000E+00  2.0000E+00  0.0000E+00  0.0000E+00 -1.8170E+00 -4.2736E+06  4.2736E+06  0.0000E+00  0.0000E+00  4.2736E+06  0.0000E+00  0.0000E+00
  1.0800E+02  1.3440E+03  9.6058E+01  0.0000E+00  1.0000E+00  0.0000E+00  1.0000E+00  2.0000E+00  5.7000E+01  8.0000E+00 -9.9391E-01 -1.1599E+02  2.1205E+02 -9.9391E-01  9.6058E+01  2.1205E+02 -1.1599E+02 -9.9391E-01
  1.0900E+02  0.0000E+00  0.0000E+00  1.0000E+00  1.0000E+00  1.2000E+00  0.0000E+00  2.0000E+00  0.0000E+00  0.0000E+00 -1.8170E+00 -4.2736E+06  4.2736E+06  0.0000E+00  0.0000E+00  4.2736E+06  0.0000E+00  0.0000E+00
  1.0900E+02  1.3440E+03  9.1258E+01  0.0000E+00  1.0000E+00  0.0000E+00  1.0000E+00  2.0000E+00  5.7000E+01  8.0000E+00 -1.0350E+00 -1.2079E+02  2.1205E+02 -1.0350E+00  9.1258E+01  2.1205E+02 -1.2079E+02 -1.0350E+00
  1.1000E+02  0.0000E+00  0.0000E+00  1.0000E+00  1.0000E+00  1.2000E+00  0.0000E+00  2.0000E+00  0.0000E+00  0.0000E+00 -1.8170E+00 -4.2736E+06  4.2736E+06  0.0000E+00  0.0000E+00  4.2736E+06  0.0000E+00  0.0000E+00
  1.1000E+02  1.3440E+03  1.7773E+02  0.0000E+00  1.0000E+00  0.0000E+00  1.0000E+00  2.0000E+00  5.7000E+01  8.0000E+00 -2.9410E-01 -3.4323E+01  2.1205E+02 -2.9410E-01  1.7773E+02  2.1205E+02 -3.4323E+01 -2.9410E-01
  1.1100E+02  0.0000E+00  0.0000E+00  1.0000E+00  1.0000E+00  1.2000E+00  1.0000E+00  2.0000E+00  0.0000E+00  0.0000E+00 -1.8170E+00 -4.2736E+06  4.2736E+06  0.0000E+00  0.0000E+00  4.2736E+06  0.0000E+00  0.0000E+00
  1.1100E+02  3.3600E+02  1.6647E+05  0.0000E+00  1.0000E+00  0.0000E+00  0.0000E+00  2.0000E+00  1.5000E+01  2.0000E+00  5.5209E-01  3.8794E+04  1.2768E+05  5.5209E-01  1.6647E+05  1.2768E+05  3.8794E+04  5.5209E-01
  1.1200E+02  0.0000E+00  0.0000E+00  1.0000E+00  1.0000E+00  1.2000E+00  1.0000E+00  2.0000E+00  0.0000E+00  0.0000E+00 -1.8170E+00 -4.2736E+06  4.2736E+06  0.0000E+00  0.0000E+00  4.2736E+06  0.0000E+00  0.0000E+00
  1.1200E+02  3.3600E+02  1.8462E+05  0.0000E+00  1.0000E+00  0.0000E+00  0.0000E+00  2.0000E+00  1.5000E+01  2.0000E+00  8.1038E-01  5.6943E+04  1.2768E+05  8.1038E-01  1.8462E+05  1.2768E+05  5.6943E+04  8.1038E-01
  1.1300E+02  0.0000E+00  0.0000E+00  1.0000E+00  1.0000E+00  1.2000E+00  1.0000E+00  2.0000E+00  0.0000E+00  0.0000E+00 -1.8170E+00 -4.2736E+06  4.2736E+06  0.0000E+00  0.0000E+00  4.2736E+06  0.0000E+00  0.0000E+00
  1.1300E+02  6.7200E+02  8.8602E+03  0.0000E+00  1.0000E+00  0.0000E+00  0.0000E+00  2.0000E+00  2.9000E+01  4.0000E+00 -7.5215E-01 -6.2584E+03  1.5119E+04 -7.5215E-01  8.8602E+03  1.5119E+04 -6.2584E+03 -7.5215E-01
  1.1400E+02  0.0000E+00  0.0000E+00  1.0000E+00  1.0000E+00  1.2000E+00  1.0000E+00  2.0000E+00  0.0000E+00  0.0000E+00 -1.8170E+00 -4.2736E+06  4.2736E+06  0.0000E+00  0.0000E+00  4.2736E+06  0.0000E+00  0.0000E+00
  1.1400E+02  6.7200E+02  1.8939E+04  0.0000E+00  1.0000E+00  0.0000E+00  0.0000E+00  2.0000E+00  2.9000E+01  4.0000E+00  4.5919E-01  3.8208E+03  1.5119E+04  4.5919E-01  1.8939E+04  1.5119E+04  3.8208E+03  4.5919E-01
  1.1500E+02  0.0000E+00  0.0000E+00  1.0000E+00  1.0000E+00  1.2000E+00  1.0000E+00  2.0000E+00  0.0000E+00  0.0000E+00 -1.8170E+00 -4.2736E+06  4.2736E+06  0.0000E+00  0.0000E+00  4.2736E+06  0.0000E+00  0.0000E+00
  1.1500E+02  6.7200E+02  1.2609E+04  0.0000E+00  1.0000E+00  0.0000E+00  0.0000E+00  2.0000E+00  2.9000E+01  4.0000E+00 -3.0158E-01 -2.5094E+03  1.5119E+04 -3.0158E-01  1.2609E+04  1.5119E+04 -2.5094E+03 -3.0158E-01
  1.1600E+02  0.0000E+00  0.0000E+00  1.0000E+00  1.0000E+00  1.2000E+00  1.0000E+00  2.0000E+00  0.0000E+00  0.0000E+00 -1.8170E+00 -4.2736E+06  4.2736E+06  0.0000E+00  0.0000E+00  4.2736E+06  0.0000E+00  0.0000E+00
  1.1600E+02  1.0080E+03  9.7019E+02  0.0000E+00  1.0000E+00  0.0000E+00  0.0000E+00  2.0000E+00  4.3000E+01  6.0000E+00 -8.3245E-01 -8.2032E+02  1.7905E+03 -8.3245E-01  9.7019E+02  1.7905E+03 -8.2032E+02 -8.3245E-01
  1.1700E+02  0.0000E+00  0.0000E+00  1.0000E+00  1.0000E+00  1.2000E+00  1.0000E+00  2.0000E+00  0.0000E+00  0.0000E+00 -1.8170E+00 -4.2736E+06  4.2736E+06  0.0000E+00  0.0000E+00  4.2736E+06  0.0000E+00  0.0000E+00
  1.1700E+02  1.0080E+03  9.8057E+02  0.0000E+00  1.0000E+00  0.0000E+00  0.0000E+00  2.0000E+00  4.3000E+01  6.0000E+00 -8.2192E-01 -8.0994E+02  1.7905E+03 -8.2192E-01  9.8057E+02  1.7905E+03 -8.0994E+02 -8.2192E-01
  1.1800E+02  0.0000E+00  0.0000E+00  1.0000E+00  1.0000E+00  1.2000E+00  1.0000E+00  2.0000E+00  0.0000E+00  0.0000E+00 -1.8170E+00 -4.2736E+06  4.2736E+06  0.0000E+00  0.0000E+00  4.2736E+06  0.0000E+00  0.0000E+00
  1.1800E+02  1.3440E+03  8.1596E+01  0.0000E+00  1.0000E+00  0.0000E+00  0.0000E+00  2.0000E+00  5.7000E+01  8.0000E+00 -1.1178E+00 -1.3046E+02  2.1205E+02 -1.1178E+00  8.1596E+01  2.1205E+02 -1.3046E+02 -1.1178E+00
  1.1900E+02  0.0000E+00  0.0000E+00  1.0000E+00  1.0000E+00  1.2000E+00  1.0000E+00  2.0000E+00  0.0000E+00  0.0000E+00 -1.8170E+00 -4.2736E+06  4.2736E+06  0.0000E+00  0.0000E+00  4.2736E+06  0.0000E+00  0.0000E+00
  1.1900E+02  1.3440E+03  1.3986E+02  0.0000E+00  1.0000E+00  0.0000E+00  0.0000E+00  2.0000E+00  5.7000E+01  8.0000E+00 -6.1860E-01 -7.2193E+01  2.1205E+02 -6.1860E-01  1.3986E+02  2.1205E+02 -7.2193E+01 -6.1860E-01
  1.2000E+02  0.0000E+00  0.0000E+00  1.0000E+00  1.0000E+00  1.2000E+00  1.0000E+00  2.0000E+00  0.0000E+00  0.0000E+00 -1.8170E+00 -4.2736E+06  4.2736E+06  0.0000E+00  0.0000E+00  4.2736E+06  0.0000E+00  0.0000E+00
  1.2000E+02  1.3440E+03  1.4386E+02  0.0000E+00  1.0000E+00  0.0000E+00  0.0000E+00  2.0000E+00  5.7000E+01  8.0000E+00 -5.8430E-01 -6.8190E+01  2.1205E+02 -5.8430E-01  1.4386E+02  2.1205E+02 -6.8190E+01 -5.8430E-01
