TABLE NO.  2
 ID          CL          V1          V2          Q           ETA1        ETA2        ETA3        ETA4
  1.0000E+00  5.1131E-06  3.6900E-04  1.2430E-04  1.5433E-06  1.8183E-01  0.0000E+00  0.0000E+00  0.0000E+00
  1.0000E+00  5.1131E-06  3.6900E-04  1.2430E-04  1.5433E-06  1.8183E-01  0.0000E+00  0.0000E+00  0.0000E+00
  2.0000E+00  4.0802E-06  3.6900E-04  1.2430E-04  1.5433E-06 -4.3843E-02  0.0000E+00  0.0000E+00  0.0000E+00
  2.0000E+00  4.0802E-06  3.6900E-04  1.2430E-04  1.5433E-06 -4.3843E-02  0.0000E+00  0.0000E+00  0.0000E+00
  3.0000E+00  3.7051E-06  3.6900E-04  1.2430E-04  1.5433E-06 -1.4028E-01  0.0000E+00  0.0000E+00  0.0000E+00
  3.0000E+00  3.7051E-06  3.6900E-04  1.2430E-04  1.5433E-06 -1.4028E-01  0.0000E+00  0.0000E+00  0.0000E+00
  4.0000E+00  4.0340E-06  3.6900E-04  1.2430E-04  1.5433E-06 -5.5218E-02  0.0000E+00  0.0000E+00  0.0000E+00
  4.0000E+00  4.0340E-06  3.6900E-04  1.2430E-04  1.5433E-06 -5.5218E-02  0.0000E+00  0.0000E+00  0.0000E+00
  5.0000E+00  4.2631E-06  3.6900E-04  1.2430E-04  1.5433E-06  0.0000E+00  0.0000E+00  0.0000E+00  0.0000E+00
  5.0000E+00  4.2631E-06  3.6900E-04  1.2430E-04  1.5433E-06  0.0000E+00  0.0000E+00  0.0000E+00  0.0000E+00
  6.0000E+00  4.1653E-06  3.6900E-04  1.2430E-04  1.5433E-06 -2.3204E-02  0.0000E+00  0.0000E+00  0.0000E+00
  6.0000E+00  4.1653E-06  3.6900E-04  1.2430E-04  1.5433E-06 -2.3204E-02  0.0000E+00  0.0000E+00  0.0000E+00
  7.0000E+00  3.3381E-06  3.6900E-04  1.2430E-04  1.5433E-06 -2.4459E-01  0.0000E+00  0.0000E+00  0.0000E+00
  7.0000E+00  3.3381E-06  3.6900E-04  1.2430E-04  1.5433E-06 -2.4459E-01  0.0000E+00  0.0000E+00  0.0000E+00
  8.0000E+00  5.2514E-06  3.6900E-04  1.2430E-04  1.5433E-06  2.0850E-01  0.0000E+00  0.0000E+00  0.0000E+00
  8.0000E+00  5.2514E-06  3.6900E-04  1.2430E-04  1.5433E-06  2.0850E-01  0.0000E+00  0.0000E+00  0.0000E+00
  9.0000E+00  4.2306E-06  3.6900E-04  1.2430E-04  1.5433E-06 -7.6536E-03  0.0000E+00  0.0000E+00  0.0000E+00
  9.0000E+00  4.2306E-06  3.6900E-04  1.2430E-04  1.5433E-06 -7.6536E-03  0.0000E+00  0.0000E+00  0.0000E+00
  1.0000E+01  3.9299E-06  3.6900E-04  1.2430E-04  1.5433E-06 -8.1363E-02  0.0000E+00  0.0000E+00  0.0000E+00
  1.0000E+01  3.9299E-06  3.6900E-04  1.2430E-04  1.5433E-06 -8.1363E-02  0.0000E+00  0.0000E+00  0.0000E+00
  1.1000E+01  3.7939E-06  3.6900E-04  1.2430E-04  1.5433E-06 -1.1658E-01  0.0000E+00  0.0000E+00  0.0000E+00
  1.1000E+01  3.7939E-06  3.6900E-04  1.2430E-04  1.5433E-06 -1.1658E-01  0.0000E+00  0.0000E+00  0.0000E+00
  1.2000E+01  4.6272E-06  3.6900E-04  1.2430E-04  1.5433E-06  8.1973E-02  0.0000E+00  0.0000E+00  0.0000E+00
  1.2000E+01  4.6272E-06  3.6900E-04  1.2430E-04  1.5433E-06  8.1973E-02  0.0000E+00  0.0000E+00  0.0000E+00
  1.3000E+01  4.1927E-06  3.6900E-04  1.2430E-04  1.5433E-06 -1.6631E-02  0.0000E+00  0.0000E+00  0.0000E+00
  1.3000E+01  4.1927E-06  3.6900E-04  1.2430E-04  1.5433E-06 -1.6631E-02  0.0000E+00  0.0000E+00  0.0000E+00
  1.4000E+01  4.4654E-06  3.6900E-04  1.2430E-04  1.5433E-06  4.6380E-02  0.0000E+00  0.0000E+00  0.0000E+00
  1.4000E+01  4.4654E-06  3.6900E-04  1.2430E-04  1.5433E-06  4.6380E-02  0.0000E+00  0.0000E+00  0.0000E+00
  1.5000E+01  6.0828E-06  3.6900E-04  1.2430E-04  1.5433E-06  3.5548E-01  0.0000E+00  0.0000E+00  0.0000E+00
  1.5000E+01  6.0828E-06  3.6900E-04  1.2430E-04  1.5433E-06  3.5548E-01  0.0000E+00  0.0000E+00  0.0000E+00
  1.6000E+01  3.5884E-06  3.6900E-04  1.2430E-04  1.5433E-06 -1.7228E-01  0.0000E+00  0.0000E+00  0.0000E+00
  1.6000E+01  3.5884E-06  3.6900E-04  1.2430E-04  1.5433E-06 -1.7228E-01  0.0000E+00  0.0000E+00  0.0000E+00
  1.7000E+01  3.5221E-06  3.6900E-04  1.2430E-04  1.5433E-06 -1.9094E-01  0.0000E+00  0.0000E+00  0.0000E+00
  1.7000E+01  3.5221E-06  3.6900E-04  1.2430E-04  1.5433E-06 -1.9094E-01  0.0000E+00  0.0000E+00  0.0000E+00
  1.8000E+01  4.1941E-06  3.6900E-04  1.2430E-04  1.5433E-06 -1.6318E-02  0.0000E+00  0.0000E+00  0.0000E+00
  1.8000E+01  4.1941E-06  3.6900E-04  1.2430E-04  1.5433E-06 -1.6318E-02  0.0000E+00  0.0000E+00  0.0000E+00
  1.9000E+01  4.1761E-06  3.6900E-04  1.2430E-04  1.5433E-06 -2.0606E-02  0.0000E+00  0.0000E+00  0.0000E+00
  1.9000E+01  4.1761E-06  3.6900E-04  1.2430E-04  1.5433E-06 -2.0606E-02  0.0000E+00  0.0000E+00  0.0000E+00
  2.0000E+01  3.9100E-06  3.6900E-04  1.2430E-04  1.5433E-06 -8.6443E-02  0.0000E+00  0.0000E+00  0.0000E+00
  2.0000E+01  3.9100E-06  3.6900E-04  1.2430E-04  1.5433E-06 -8.6443E-02  0.0000E+00  0.0000E+00  0.0000E+00
  1.0100E+02  4.2520E-06  3.6900E-04  1.2430E-04  1.5433E-06 -2.5979E-03  0.0000E+00  0.0000E+00  0.0000E+00
  1.0100E+02  4.2520E-06  3.6900E-04  1.2430E-04  1.5433E-06 -2.5979E-03  0.0000E+00  0.0000E+00  0.0000E+00
  1.0200E+02  4.7547E-06  3.6900E-04  1.2430E-04  1.5433E-06  1.0915E-01  0.0000E+00  0.0000E+00  0.0000E+00
  1.0200E+02  4.7547E-06  3.6900E-04  1.2430E-04  1.5433E-06  1.0915E-01  0.0000E+00  0.0000E+00  0.0000E+00
  1.0300E+02  4.2228E-06  3.6900E-04  1.2430E-04  1.5433E-06 -9.4838E-03  0.0000E+00  0.0000E+00  0.0000E+00
  1.0300E+02  4.2228E-06  3.6900E-04  1.2430E-04  1.5433E-06 -9.4838E-03  0.0000E+00  0.0000E+00  0.0000E+00
  1.0400E+02  4.0758E-06  3.6900E-04  1.2430E-04  1.5433E-06 -4.4915E-02  0.0000E+00  0.0000E+00  0.0000E+00
  1.0400E+02  4.0758E-06  3.6900E-04  1.2430E-04  1.5433E-06 -4.4915E-02  0.0000E+00  0.0000E+00  0.0000E+00
  1.0500E+02  4.2091E-06  3.6900E-04  1.2430E-04  1.5433E-06 -1.2739E-02  0.0000E+00  0.0000E+00  0.0000E+00
  1.0500E+02  4.2091E-06  3.6900E-04  1.2430E-04  1.5433E-06 -1.2739E-02  0.0000E+00  0.0000E+00  0.0000E+00
  1.0600E+02  4.5624E-06  3.6900E-04  1.2430E-04  1.5433E-06  6.7864E-02  0.0000E+00  0.0000E+00  0.0000E+00
  1.0600E+02  4.5624E-06  3.6900E-04  1.2430E-04  1.5433E-06  6.7864E-02  0.0000E+00  0.0000E+00  0.0000E+00
  1.0700E+02  4.1651E-06  3.6900E-04  1.2430E-04  1.5433E-06 -2.3252E-02  0.0000E+00  0.0000E+00  0.0000E+00
  1.0700E+02  4.1651E-06  3.6900E-04  1.2430E-04  1.5433E-06 -2.3252E-02  0.0000E+00  0.0000E+00  0.0000E+00
  1.0800E+02  4.5797E-06  3.6900E-04  1.2430E-04  1.5433E-06  7.1654E-02  0.0000E+00  0.0000E+00  0.0000E+00
  1.0800E+02  4.5797E-06  3.6900E-04  1.2430E-04  1.5433E-06  7.1654E-02  0.0000E+00  0.0000E+00  0.0000E+00
  1.0900E+02  4.6130E-06  3.6900E-04  1.2430E-04  1.5433E-06  7.8894E-02  0.0000E+00  0.0000E+00  0.0000E+00
  1.0900E+02  4.6130E-06  3.6900E-04  1.2430E-04  1.5433E-06  7.8894E-02  0.0000E+00  0.0000E+00  0.0000E+00
  1.1000E+02  4.1953E-06  3.6900E-04  1.2430E-04  1.5433E-06 -1.6029E-02  0.0000E+00  0.0000E+00  0.0000E+00
  1.1000E+02  4.1953E-06  3.6900E-04  1.2430E-04  1.5433E-06 -1.6029E-02  0.0000E+00  0.0000E+00  0.0000E+00
  1.1100E+02  3.9062E-06  3.6900E-04  1.2430E-04  1.5433E-06 -8.7433E-02  0.0000E+00  0.0000E+00  0.0000E+00
  1.1100E+02  3.9062E-06  3.6900E-04  1.2430E-04  1.5433E-06 -8.7433E-02  0.0000E+00  0.0000E+00  0.0000E+00
  1.1200E+02  3.7336E-06  3.6900E-04  1.2430E-04  1.5433E-06 -1.3261E-01  0.0000E+00  0.0000E+00  0.0000E+00
  1.1200E+02  3.7336E-06  3.6900E-04  1.2430E-04  1.5433E-06 -1.3261E-01  0.0000E+00  0.0000E+00  0.0000E+00
  1.1300E+02  4.7866E-06  3.6900E-04  1.2430E-04  1.5433E-06  1.1584E-01  0.0000E+00  0.0000E+00  0.0000E+00
  1.1300E+02  4.7866E-06  3.6900E-04  1.2430E-04  1.5433E-06  1.1584E-01  0.0000E+00  0.0000E+00  0.0000E+00
  1.1400E+02  3.9573E-06  3.6900E-04  1.2430E-04  1.5433E-06 -7.4429E-02  0.0000E+00  0.0000E+00  0.0000E+00
  1.1400E+02  3.9573E-06  3.6900E-04  1.2430E-04  1.5433E-06 -7.4429E-02  0.0000E+00  0.0000E+00  0.0000E+00
  1.1500E+02  4.3888E-06  3.6900E-04  1.2430E-04  1.5433E-06  2.9062E-02  0.0000E+00  0.0000E+00  0.0000E+00
  1.1500E+02  4.3888E-06  3.6900E-04  1.2430E-04  1.5433E-06  2.9062E-02  0.0000E+00  0.0000E+00  0.0000E+00
  1.1600E+02  4.6127E-06  3.6900E-04  1.2430E-04  1.5433E-06  7.8835E-02  0.0000E+00  0.0000E+00  0.0000E+00
  1.1600E+02  4.6127E-06  3.6900E-04  1.2430E-04  1.5433E-06  7.8835E-02  0.0000E+00  0.0000E+00  0.0000E+00
  1.1700E+02  4.6040E-06  3.6900E-04  1.2430E-04  1.5433E-06  7.6928E-02  0.0000E+00  0.0000E+00  0.0000E+00
  1.1700E+02  4.6040E-06  3.6900E-04  1.2430E-04  1.5433E-06  7.6928E-02  0.0000E+00  0.0000E+00  0.0000E+00
  1.1800E+02  4.6864E-06  3.6900E-04  1.2430E-04  1.5433E-06  9.4676E-02  0.0000E+00  0.0000E+00  0.0000E+00
  1.1800E+02  4.6864E-06  3.6900E-04  1.2430E-04  1.5433E-06  9.4676E-02  0.0000E+00  0.0000E+00  0.0000E+00
  1.1900E+02  4.3418E-06  3.6900E-04  1.2430E-04  1.5433E-06  1.8308E-02  0.0000E+00  0.0000E+00  0.0000E+00
  1.1900E+02  4.3418E-06  3.6900E-04  1.2430E-04  1.5433E-06  1.8308E-02  0.0000E+00  0.0000E+00  0.0000E+00
  1.2000E+02  4.3244E-06  3.6900E-04  1.2430E-04  1.5433E-06  1.4278E-02  0.0000E+00  0.0000E+00  0.0000E+00
  1.2000E+02  4.3244E-06  3.6900E-04  1.2430E-04  1.5433E-06  1.4278E-02  0.0000E+00  0.0000E+00  0.0000E+00
