TABLE NO.  2
 ID          CL          V           ETA1        ETA2
  1.0000E+00  7.5197E-06  9.2507E-04  1.9398E-01  0.0000E+00
  1.0000E+00  7.5197E-06  9.2507E-04  1.9398E-01  0.0000E+00
  2.0000E+00  5.9358E-06  9.2507E-04 -4.2542E-02  0.0000E+00
  2.0000E+00  5.9358E-06  9.2507E-04 -4.2542E-02  0.0000E+00
  3.0000E+00  5.4750E-06  9.2507E-04 -1.2335E-01  0.0000E+00
  3.0000E+00  5.4750E-06  9.2507E-04 -1.2335E-01  0.0000E+00
  4.0000E+00  5.9207E-06  9.2507E-04 -4.5087E-02  0.0000E+00
  4.0000E+00  5.9207E-06  9.2507E-04 -4.5087E-02  0.0000E+00
  5.0000E+00  6.1938E-06  9.2507E-04  0.0000E+00  0.0000E+00
  5.0000E+00  6.1938E-06  9.2507E-04  0.0000E+00  0.0000E+00
  6.0000E+00  6.0899E-06  9.2507E-04 -1.6907E-02  0.0000E+00
  6.0000E+00  6.0899E-06  9.2507E-04 -1.6907E-02  0.0000E+00
  7.0000E+00  5.0306E-06  9.2507E-04 -2.0800E-01  0.0000E+00
  7.0000E+00  5.0306E-06  9.2507E-04 -2.0800E-01  0.0000E+00
  8.0000E+00  7.2174E-06  9.2507E-04  1.5295E-01  0.0000E+00
  8.0000E+00  7.2174E-06  9.2507E-04  1.5295E-01  0.0000E+00
  9.0000E+00  6.1628E-06  9.2507E-04 -5.0079E-03  0.0000E+00
  9.0000E+00  6.1628E-06  9.2507E-04 -5.0079E-03  0.0000E+00
  1.0000E+01  5.8130E-06  9.2507E-04 -6.3454E-02  0.0000E+00
  1.0000E+01  5.8130E-06  9.2507E-04 -6.3454E-02  0.0000E+00
  1.1000E+01  5.4684E-06  9.2507E-04 -1.2455E-01  0.0000E+00
  1.1000E+01  5.4684E-06  9.2507E-04 -1.2455E-01  0.0000E+00
  1.2000E+01  6.7949E-06  9.2507E-04  9.2628E-02  0.0000E+00
  1.2000E+01  6.7949E-06  9.2507E-04  9.2628E-02  0.0000E+00
  1.3000E+01  6.1284E-06  9.2507E-04 -1.0605E-02  0.0000E+00
  1.3000E+01  6.1284E-06  9.2507E-04 -1.0605E-02  0.0000E+00
  1.4000E+01  6.4744E-06  9.2507E-04  4.4303E-02  0.0000E+00
  1.4000E+01  6.4744E-06  9.2507E-04  4.4303E-02  0.0000E+00
  1.5000E+01  8.2548E-06  9.2507E-04  2.8725E-01  0.0000E+00
  1.5000E+01  8.2548E-06  9.2507E-04  2.8725E-01  0.0000E+00
  1.6000E+01  5.3658E-06  9.2507E-04 -1.4350E-01  0.0000E+00
  1.6000E+01  5.3658E-06  9.2507E-04 -1.4350E-01  0.0000E+00
  1.7000E+01  5.2782E-06  9.2507E-04 -1.5995E-01  0.0000E+00
  1.7000E+01  5.2782E-06  9.2507E-04 -1.5995E-01  0.0000E+00
  1.8000E+01  6.1214E-06  9.2507E-04 -1.1763E-02  0.0000E+00
  1.8000E+01  6.1214E-06  9.2507E-04 -1.1763E-02  0.0000E+00
  1.9000E+01  6.1009E-06  9.2507E-04 -1.5117E-02  0.0000E+00
  1.9000E+01  6.1009E-06  9.2507E-04 -1.5117E-02  0.0000E+00
  2.0000E+01  5.7891E-06  9.2507E-04 -6.7563E-02  0.0000E+00
  2.0000E+01  5.7891E-06  9.2507E-04 -6.7563E-02  0.0000E+00
  1.0100E+02  6.2105E-06  9.2507E-04  2.6945E-03  0.0000E+00
  1.0100E+02  6.2105E-06  9.2507E-04  2.6945E-03  0.0000E+00
  1.0200E+02  6.9886E-06  9.2507E-04  1.2073E-01  0.0000E+00
  1.0200E+02  6.9886E-06  9.2507E-04  1.2073E-01  0.0000E+00
  1.0300E+02  6.1673E-06  9.2507E-04 -4.2889E-03  0.0000E+00
  1.0300E+02  6.1673E-06  9.2507E-04 -4.2889E-03  0.0000E+00
  1.0400E+02  5.9759E-06  9.2507E-04 -3.5817E-02  0.0000E+00
  1.0400E+02  5.9759E-06  9.2507E-04 -3.5817E-02  0.0000E+00
  1.0500E+02  6.1496E-06  9.2507E-04 -7.1628E-03  0.0000E+00
  1.0500E+02  6.1496E-06  9.2507E-04 -7.1628E-03  0.0000E+00
  1.0600E+02  6.5499E-06  9.2507E-04  5.5906E-02  0.0000E+00
  1.0600E+02  6.5499E-06  9.2507E-04  5.5906E-02  0.0000E+00
  1.0700E+02  6.0897E-06  9.2507E-04 -1.6947E-02  0.0000E+00
  1.0700E+02  6.0897E-06  9.2507E-04 -1.6947E-02  0.0000E+00
  1.0800E+02  6.5462E-06  9.2507E-04  5.5345E-02  0.0000E+00
  1.0800E+02  6.5462E-06  9.2507E-04  5.5345E-02  0.0000E+00
  1.0900E+02  6.5815E-06  9.2507E-04  6.0719E-02  0.0000E+00
  1.0900E+02  6.5815E-06  9.2507E-04  6.0719E-02  0.0000E+00
  1.1000E+02  6.1227E-06  9.2507E-04 -1.1537E-02  0.0000E+00
  1.1000E+02  6.1227E-06  9.2507E-04 -1.1537E-02  0.0000E+00
  1.1100E+02  5.6531E-06  9.2507E-04 -9.1343E-02  0.0000E+00
  1.1100E+02  5.6531E-06  9.2507E-04 -9.1343E-02  0.0000E+00
  1.1200E+02  5.3684E-06  9.2507E-04 -1.4302E-01  0.0000E+00
  1.1200E+02  5.3684E-06  9.2507E-04 -1.4302E-01  0.0000E+00
  1.1300E+02  6.8642E-06  9.2507E-04  1.0277E-01  0.0000E+00
  1.1300E+02  6.8642E-06  9.2507E-04  1.0277E-01  0.0000E+00
  1.1400E+02  5.8186E-06  9.2507E-04 -6.2494E-02  0.0000E+00
  1.1400E+02  5.8186E-06  9.2507E-04 -6.2494E-02  0.0000E+00
  1.1500E+02  6.3785E-06  9.2507E-04  2.9387E-02  0.0000E+00
  1.1500E+02  6.3785E-06  9.2507E-04  2.9387E-02  0.0000E+00
  1.1600E+02  6.6060E-06  9.2507E-04  6.4435E-02  0.0000E+00
  1.1600E+02  6.6060E-06  9.2507E-04  6.4435E-02  0.0000E+00
  1.1700E+02  6.5963E-06  9.2507E-04  6.2957E-02  0.0000E+00
  1.1700E+02  6.5963E-06  9.2507E-04  6.2957E-02  0.0000E+00
  1.1800E+02  6.6585E-06  9.2507E-04  7.2355E-02  0.0000E+00
  1.1800E+02  6.6585E-06  9.2507E-04  7.2355E-02  0.0000E+00
  1.1900E+02  6.2877E-06  9.2507E-04  1.5044E-02  0.0000E+00
  1.1900E+02  6.2877E-06  9.2507E-04  1.5044E-02  0.0000E+00
  1.2000E+02  6.2682E-06  9.2507E-04  1.1950E-02  0.0000E+00
  1.2000E+02  6.2682E-06  9.2507E-04  1.1950E-02  0.0000E+00
