TABLE NO.  2
 ID          CL          V           ETA1        ETA2
  1.0000E+00  6.2185E-06  8.9678E-04  0.0000E+00 -3.1660E-02
  1.0000E+00  6.2185E-06  8.9678E-04  0.0000E+00 -3.1660E-02
  2.0000E+00  6.2185E-06  9.2838E-04  0.0000E+00  2.9673E-03
  2.0000E+00  6.2185E-06  9.2838E-04  0.0000E+00  2.9673E-03
  3.0000E+00  6.2185E-06  1.0023E-03  0.0000E+00  7.9598E-02
  3.0000E+00  6.2185E-06  1.0023E-03  0.0000E+00  7.9598E-02
  4.0000E+00  6.2185E-06  9.4652E-04  0.0000E+00  2.2320E-02
  4.0000E+00  6.2185E-06  9.4652E-04  0.0000E+00  2.2320E-02
  5.0000E+00  6.2185E-06  9.2562E-04  0.0000E+00  0.0000E+00
  5.0000E+00  6.2185E-06  9.2562E-04  0.0000E+00  0.0000E+00
  6.0000E+00  6.2185E-06  9.3332E-04  0.0000E+00  8.2808E-03
  6.0000E+00  6.2185E-06  9.3332E-04  0.0000E+00  8.2808E-03
  7.0000E+00  6.2185E-06  1.1097E-03  0.0000E+00  1.8137E-01
  7.0000E+00  6.2185E-06  1.1097E-03  0.0000E+00  1.8137E-01
  8.0000E+00  6.2185E-06  7.9745E-04  0.0000E+00 -1.4905E-01
  8.0000E+00  6.2185E-06  7.9745E-04  0.0000E+00 -1.4905E-01
  9.0000E+00  6.2185E-06  9.2581E-04  0.0000E+00  2.0214E-04
  9.0000E+00  6.2185E-06  9.2581E-04  0.0000E+00  2.0214E-04
  1.0000E+01  6.2185E-06  9.7938E-04  0.0000E+00  5.6453E-02
  1.0000E+01  6.2185E-06  9.7938E-04  0.0000E+00  5.6453E-02
  1.1000E+01  6.2185E-06  9.4854E-04  0.0000E+00  2.4451E-02
  1.1000E+01  6.2185E-06  9.4854E-04  0.0000E+00  2.4451E-02
  1.2000E+01  6.2185E-06  9.0531E-04  0.0000E+00 -2.2192E-02
  1.2000E+01  6.2185E-06  9.0531E-04  0.0000E+00 -2.2192E-02
  1.3000E+01  6.2185E-06  9.2409E-04  0.0000E+00 -1.6645E-03
  1.3000E+01  6.2185E-06  9.2409E-04  0.0000E+00 -1.6645E-03
  1.4000E+01  6.2185E-06  8.9168E-04  0.0000E+00 -3.7359E-02
  1.4000E+01  6.2185E-06  8.9168E-04  0.0000E+00 -3.7359E-02
  1.5000E+01  6.2185E-06  8.4544E-04  0.0000E+00 -9.0613E-02
  1.5000E+01  6.2185E-06  8.4544E-04  0.0000E+00 -9.0613E-02
  1.6000E+01  6.2185E-06  1.0460E-03  0.0000E+00  1.2230E-01
  1.6000E+01  6.2185E-06  1.0460E-03  0.0000E+00  1.2230E-01
  1.7000E+01  6.2185E-06  1.0619E-03  0.0000E+00  1.3733E-01
  1.7000E+01  6.2185E-06  1.0619E-03  0.0000E+00  1.3733E-01
  1.8000E+01  6.2185E-06  9.3183E-04  0.0000E+00  6.6840E-03
  1.8000E+01  6.2185E-06  9.3183E-04  0.0000E+00  6.6840E-03
  1.9000E+01  6.2185E-06  9.3484E-04  0.0000E+00  9.9050E-03
  1.9000E+01  6.2185E-06  9.3484E-04  0.0000E+00  9.9050E-03
  2.0000E+01  6.2185E-06  9.8328E-04  0.0000E+00  6.0421E-02
  2.0000E+01  6.2185E-06  9.8328E-04  0.0000E+00  6.0421E-02
  1.0100E+02  6.2185E-06  9.1917E-04  0.0000E+00 -6.9962E-03
  1.0100E+02  6.2185E-06  9.1917E-04  0.0000E+00 -6.9962E-03
  1.0200E+02  6.2185E-06  9.0221E-04  0.0000E+00 -2.5618E-02
  1.0200E+02  6.2185E-06  9.0221E-04  0.0000E+00 -2.5618E-02
  1.0300E+02  6.2185E-06  9.2014E-04  0.0000E+00 -5.9443E-03
  1.0300E+02  6.2185E-06  9.2014E-04  0.0000E+00 -5.9443E-03
  1.0400E+02  6.2185E-06  9.4035E-04  0.0000E+00  1.5778E-02
  1.0400E+02  6.2185E-06  9.4035E-04  0.0000E+00  1.5778E-02
  1.0500E+02  6.2185E-06  9.2193E-04  0.0000E+00 -4.0016E-03
  1.0500E+02  6.2185E-06  9.2193E-04  0.0000E+00 -4.0016E-03
  1.0600E+02  6.2185E-06  8.7597E-04  0.0000E+00 -5.5135E-02
  1.0600E+02  6.2185E-06  8.7597E-04  0.0000E+00 -5.5135E-02
  1.0700E+02  6.2185E-06  9.3335E-04  0.0000E+00  8.3159E-03
  1.0700E+02  6.2185E-06  9.3335E-04  0.0000E+00  8.3159E-03
  1.0800E+02  6.2185E-06  8.7396E-04  0.0000E+00 -5.7431E-02
  1.0800E+02  6.2185E-06  8.7396E-04  0.0000E+00 -5.7431E-02
  1.0900E+02  6.2185E-06  8.6951E-04  0.0000E+00 -6.2536E-02
  1.0900E+02  6.2185E-06  8.6951E-04  0.0000E+00 -6.2536E-02
  1.1000E+02  6.2185E-06  9.3163E-04  0.0000E+00  6.4670E-03
  1.1000E+02  6.2185E-06  9.3163E-04  0.0000E+00  6.4670E-03
  1.1100E+02  6.2185E-06  9.3986E-04  0.0000E+00  1.5266E-02
  1.1100E+02  6.2185E-06  9.3986E-04  0.0000E+00  1.5266E-02
  1.1200E+02  6.2185E-06  9.5363E-04  0.0000E+00  2.9812E-02
  1.1200E+02  6.2185E-06  9.5363E-04  0.0000E+00  2.9812E-02
  1.1300E+02  6.2185E-06  8.6295E-04  0.0000E+00 -7.0108E-02
  1.1300E+02  6.2185E-06  8.6295E-04  0.0000E+00 -7.0108E-02
  1.1400E+02  6.2185E-06  9.5837E-04  0.0000E+00  3.4765E-02
  1.1400E+02  6.2185E-06  9.5837E-04  0.0000E+00  3.4765E-02
  1.1500E+02  6.2185E-06  9.0003E-04  0.0000E+00 -2.8036E-02
  1.1500E+02  6.2185E-06  9.0003E-04  0.0000E+00 -2.8036E-02
  1.1600E+02  6.2185E-06  8.6964E-04  0.0000E+00 -6.2385E-02
  1.1600E+02  6.2185E-06  8.6964E-04  0.0000E+00 -6.2385E-02
  1.1700E+02  6.2185E-06  8.7073E-04  0.0000E+00 -6.1132E-02
  1.1700E+02  6.2185E-06  8.7073E-04  0.0000E+00 -6.1132E-02
  1.1800E+02  6.2185E-06  8.5997E-04  0.0000E+00 -7.3566E-02
  1.1800E+02  6.2185E-06  8.5997E-04  0.0000E+00 -7.3566E-02
  1.1900E+02  6.2185E-06  9.0820E-04  0.0000E+00 -1.9005E-02
  1.1900E+02  6.2185E-06  9.0820E-04  0.0000E+00 -1.9005E-02
  1.2000E+02  6.2185E-06  9.1089E-04  0.0000E+00 -1.6045E-02
  1.2000E+02  6.2185E-06  9.1089E-04  0.0000E+00 -1.6045E-02
