TABLE NO.  2
 ID          CL          V           ETA1        ETA2
  1.0000E+00  5.6257E-06  5.9612E-04  0.0000E+00 -3.1786E-01
  1.0000E+00  5.6257E-06  5.9612E-04  0.0000E+00 -3.1786E-01
  2.0000E+00  5.6257E-06  8.3859E-04  0.0000E+00  2.3409E-02
  2.0000E+00  5.6257E-06  8.3859E-04  0.0000E+00  2.3409E-02
  3.0000E+00  5.6257E-06  9.5932E-04  0.0000E+00  1.5791E-01
  3.0000E+00  5.6257E-06  9.5932E-04  0.0000E+00  1.5791E-01
  4.0000E+00  5.6257E-06  8.6561E-04  0.0000E+00  5.5123E-02
  4.0000E+00  5.6257E-06  8.6561E-04  0.0000E+00  5.5123E-02
  5.0000E+00  5.6257E-06  8.1919E-04  0.0000E+00  0.0000E+00
  5.0000E+00  5.6257E-06  8.1919E-04  0.0000E+00  0.0000E+00
  6.0000E+00  5.6257E-06  8.4271E-04  0.0000E+00  2.8309E-02
  6.0000E+00  5.6257E-06  8.4271E-04  0.0000E+00  2.8309E-02
  7.0000E+00  5.6257E-06  1.0611E-03  0.0000E+00  2.5872E-01
  7.0000E+00  5.6257E-06  1.0611E-03  0.0000E+00  2.5872E-01
  8.0000E+00  5.6257E-06  7.0262E-04  0.0000E+00 -1.5349E-01
  8.0000E+00  5.6257E-06  7.0262E-04  0.0000E+00 -1.5349E-01
  9.0000E+00  5.6257E-06  8.3488E-04  0.0000E+00  1.8970E-02
  9.0000E+00  5.6257E-06  8.3488E-04  0.0000E+00  1.8970E-02
  1.0000E+01  5.6257E-06  8.9135E-04  0.0000E+00  8.4424E-02
  1.0000E+01  5.6257E-06  8.9135E-04  0.0000E+00  8.4424E-02
  1.1000E+01  5.6257E-06  9.8048E-04  0.0000E+00  1.7973E-01
  1.1000E+01  5.6257E-06  9.8048E-04  0.0000E+00  1.7973E-01
  1.2000E+01  5.6257E-06  6.8148E-04  0.0000E+00 -1.8404E-01
  1.2000E+01  5.6257E-06  6.8148E-04  0.0000E+00 -1.8404E-01
  1.3000E+01  5.6257E-06  8.2871E-04  0.0000E+00  1.1554E-02
  1.3000E+01  5.6257E-06  8.2871E-04  0.0000E+00  1.1554E-02
  1.4000E+01  5.6257E-06  7.7456E-04  0.0000E+00 -5.6011E-02
  1.4000E+01  5.6257E-06  7.7456E-04  0.0000E+00 -5.6011E-02
  1.5000E+01  5.6257E-06  5.8580E-04  0.0000E+00 -3.3534E-01
  1.5000E+01  5.6257E-06  5.8580E-04  0.0000E+00 -3.3534E-01
  1.6000E+01  5.6257E-06  9.7945E-04  0.0000E+00  1.7868E-01
  1.6000E+01  5.6257E-06  9.7945E-04  0.0000E+00  1.7868E-01
  1.7000E+01  5.6257E-06  9.9941E-04  0.0000E+00  1.9885E-01
  1.7000E+01  5.6257E-06  9.9941E-04  0.0000E+00  1.9885E-01
  1.8000E+01  5.6257E-06  8.4117E-04  0.0000E+00  2.6484E-02
  1.8000E+01  5.6257E-06  8.4117E-04  0.0000E+00  2.6484E-02
  1.9000E+01  5.6257E-06  8.4432E-04  0.0000E+00  3.0220E-02
  1.9000E+01  5.6257E-06  8.4432E-04  0.0000E+00  3.0220E-02
  2.0000E+01  5.6257E-06  8.9550E-04  0.0000E+00  8.9064E-02
  2.0000E+01  5.6257E-06  8.9550E-04  0.0000E+00  8.9064E-02
  1.0100E+02  5.6257E-06  7.7840E-04  0.0000E+00 -5.1078E-02
  1.0100E+02  5.6257E-06  7.7840E-04  0.0000E+00 -5.1078E-02
  1.0200E+02  5.6257E-06  6.5575E-04  0.0000E+00 -2.2254E-01
  1.0200E+02  5.6257E-06  6.5575E-04  0.0000E+00 -2.2254E-01
  1.0300E+02  5.6257E-06  8.2220E-04  0.0000E+00  3.6742E-03
  1.0300E+02  5.6257E-06  8.2220E-04  0.0000E+00  3.6742E-03
  1.0400E+02  5.6257E-06  8.5545E-04  0.0000E+00  4.3316E-02
  1.0400E+02  5.6257E-06  8.5545E-04  0.0000E+00  4.3316E-02
  1.0500E+02  5.6257E-06  8.2515E-04  0.0000E+00  7.2562E-03
  1.0500E+02  5.6257E-06  8.2515E-04  0.0000E+00  7.2562E-03
  1.0600E+02  5.6257E-06  7.7536E-04  0.0000E+00 -5.4989E-02
  1.0600E+02  5.6257E-06  7.7536E-04  0.0000E+00 -5.4989E-02
  1.0700E+02  5.6257E-06  8.4275E-04  0.0000E+00  2.8355E-02
  1.0700E+02  5.6257E-06  8.4275E-04  0.0000E+00  2.8355E-02
  1.0800E+02  5.6257E-06  7.8109E-04  0.0000E+00 -4.7624E-02
  1.0800E+02  5.6257E-06  7.8109E-04  0.0000E+00 -4.7624E-02
  1.0900E+02  5.6257E-06  7.7650E-04  0.0000E+00 -5.3510E-02
  1.0900E+02  5.6257E-06  7.7650E-04  0.0000E+00 -5.3510E-02
  1.1000E+02  5.6257E-06  8.4096E-04  0.0000E+00  2.6233E-02
  1.1000E+02  5.6257E-06  8.4096E-04  0.0000E+00  2.6233E-02
  1.1100E+02  5.6257E-06  9.1648E-04  0.0000E+00  1.1223E-01
  1.1100E+02  5.6257E-06  9.1648E-04  0.0000E+00  1.1223E-01
  1.1200E+02  5.6257E-06  1.0214E-03  0.0000E+00  2.2063E-01
  1.1200E+02  5.6257E-06  1.0214E-03  0.0000E+00  2.2063E-01
  1.1300E+02  5.6257E-06  7.2231E-04  0.0000E+00 -1.2585E-01
  1.1300E+02  5.6257E-06  7.2231E-04  0.0000E+00 -1.2585E-01
  1.1400E+02  5.6257E-06  8.8519E-04  0.0000E+00  7.7488E-02
  1.1400E+02  5.6257E-06  8.8519E-04  0.0000E+00  7.7488E-02
  1.1500E+02  5.6257E-06  7.8875E-04  0.0000E+00 -3.7860E-02
  1.1500E+02  5.6257E-06  7.8875E-04  0.0000E+00 -3.7860E-02
  1.1600E+02  5.6257E-06  7.6793E-04  0.0000E+00 -6.4619E-02
  1.1600E+02  5.6257E-06  7.6793E-04  0.0000E+00 -6.4619E-02
  1.1700E+02  5.6257E-06  7.6921E-04  0.0000E+00 -6.2951E-02
  1.1700E+02  5.6257E-06  7.6921E-04  0.0000E+00 -6.2951E-02
  1.1800E+02  5.6257E-06  7.6669E-04  0.0000E+00 -6.6228E-02
  1.1800E+02  5.6257E-06  7.6669E-04  0.0000E+00 -6.6228E-02
  1.1900E+02  5.6257E-06  8.1652E-04  0.0000E+00 -3.2612E-03
  1.1900E+02  5.6257E-06  8.1652E-04  0.0000E+00 -3.2612E-03
  1.2000E+02  5.6257E-06  8.1932E-04  0.0000E+00  1.6183E-04
  1.2000E+02  5.6257E-06  8.1932E-04  0.0000E+00  1.6183E-04
