TABLE NO.  2
 ID          CL          V           ETA1        ETA2
  1.0000E+00  7.2172E-06  8.6735E-04  2.0371E-01  0.0000E+00
  1.0000E+00  7.2172E-06  8.6735E-04  2.0371E-01  0.0000E+00
  2.0000E+00  5.7316E-06  8.6735E-04 -2.6772E-02  0.0000E+00
  2.0000E+00  5.7316E-06  8.6735E-04 -2.6772E-02  0.0000E+00
  3.0000E+00  5.2164E-06  8.6735E-04 -1.2095E-01  0.0000E+00
  3.0000E+00  5.2164E-06  8.6735E-04 -1.2095E-01  0.0000E+00
  4.0000E+00  5.6344E-06  8.6735E-04 -4.3872E-02  0.0000E+00
  4.0000E+00  5.6344E-06  8.6735E-04 -4.3872E-02  0.0000E+00
  5.0000E+00  5.8871E-06  8.6735E-04  0.0000E+00  0.0000E+00
  5.0000E+00  5.8871E-06  8.6735E-04  0.0000E+00  0.0000E+00
  6.0000E+00  5.7654E-06  8.6735E-04 -2.0891E-02  0.0000E+00
  6.0000E+00  5.7654E-06  8.6735E-04 -2.0891E-02  0.0000E+00
  7.0000E+00  4.7721E-06  8.6735E-04 -2.0998E-01  0.0000E+00
  7.0000E+00  4.7721E-06  8.6735E-04 -2.0998E-01  0.0000E+00
  8.0000E+00  6.8087E-06  8.6735E-04  1.4544E-01  0.0000E+00
  8.0000E+00  6.8087E-06  8.6735E-04  1.4544E-01  0.0000E+00
  9.0000E+00  5.8199E-06  8.6735E-04 -1.1482E-02  0.0000E+00
  9.0000E+00  5.8199E-06  8.6735E-04 -1.1482E-02  0.0000E+00
  1.0000E+01  5.4918E-06  8.6735E-04 -6.9501E-02  0.0000E+00
  1.0000E+01  5.4918E-06  8.6735E-04 -6.9501E-02  0.0000E+00
  1.1000E+01  5.2930E-06  8.6735E-04 -1.0637E-01  0.0000E+00
  1.1000E+01  5.2930E-06  8.6735E-04 -1.0637E-01  0.0000E+00
  1.2000E+01  6.5374E-06  8.6735E-04  1.0479E-01  0.0000E+00
  1.2000E+01  6.5374E-06  8.6735E-04  1.0479E-01  0.0000E+00
  1.3000E+01  5.8292E-06  8.6735E-04 -9.8842E-03  0.0000E+00
  1.3000E+01  5.8292E-06  8.6735E-04 -9.8842E-03  0.0000E+00
  1.4000E+01  6.1535E-06  8.6735E-04  4.4268E-02  0.0000E+00
  1.4000E+01  6.1535E-06  8.6735E-04  4.4268E-02  0.0000E+00
  1.5000E+01  7.8230E-06  8.6735E-04  2.8431E-01  0.0000E+00
  1.5000E+01  7.8230E-06  8.6735E-04  2.8431E-01  0.0000E+00
  1.6000E+01  5.0864E-06  8.6735E-04 -1.4619E-01  0.0000E+00
  1.6000E+01  5.0864E-06  8.6735E-04 -1.4619E-01  0.0000E+00
  1.7000E+01  5.0042E-06  8.6735E-04 -1.6247E-01  0.0000E+00
  1.7000E+01  5.0042E-06  8.6735E-04 -1.6247E-01  0.0000E+00
  1.8000E+01  5.7810E-06  8.6735E-04 -1.8189E-02  0.0000E+00
  1.8000E+01  5.7810E-06  8.6735E-04 -1.8189E-02  0.0000E+00
  1.9000E+01  5.7617E-06  8.6735E-04 -2.1519E-02  0.0000E+00
  1.9000E+01  5.7617E-06  8.6735E-04 -2.1519E-02  0.0000E+00
  2.0000E+01  5.4695E-06  8.6735E-04 -7.3579E-02  0.0000E+00
  2.0000E+01  5.4695E-06  8.6735E-04 -7.3579E-02  0.0000E+00
  1.0100E+02  5.9892E-06  8.6735E-04  1.7205E-02  0.0000E+00
  1.0100E+02  5.9892E-06  8.6735E-04  1.7205E-02  0.0000E+00
  1.0200E+02  6.7191E-06  8.6735E-04  1.3219E-01  0.0000E+00
  1.0200E+02  6.7191E-06  8.6735E-04  1.3219E-01  0.0000E+00
  1.0300E+02  5.8656E-06  8.6735E-04 -3.6576E-03  0.0000E+00
  1.0300E+02  5.8656E-06  8.6735E-04 -3.6576E-03  0.0000E+00
  1.0400E+02  5.6861E-06  8.6735E-04 -3.4736E-02  0.0000E+00
  1.0400E+02  5.6861E-06  8.6735E-04 -3.4736E-02  0.0000E+00
  1.0500E+02  5.8490E-06  8.6735E-04 -6.4911E-03  0.0000E+00
  1.0500E+02  5.8490E-06  8.6735E-04 -6.4911E-03  0.0000E+00
  1.0600E+02  6.1967E-06  8.6735E-04  5.1251E-02  0.0000E+00
  1.0600E+02  6.1967E-06  8.6735E-04  5.1251E-02  0.0000E+00
  1.0700E+02  5.7651E-06  8.6735E-04 -2.0930E-02  0.0000E+00
  1.0700E+02  5.7651E-06  8.6735E-04 -2.0930E-02  0.0000E+00
  1.0800E+02  6.1793E-06  8.6735E-04  4.8454E-02  0.0000E+00
  1.0800E+02  6.1793E-06  8.6735E-04  4.8454E-02  0.0000E+00
  1.0900E+02  6.2124E-06  8.6735E-04  5.3793E-02  0.0000E+00
  1.0900E+02  6.2124E-06  8.6735E-04  5.3793E-02  0.0000E+00
  1.1000E+02  5.7823E-06  8.6735E-04 -1.7964E-02  0.0000E+00
  1.1000E+02  5.7823E-06  8.6735E-04 -1.7964E-02  0.0000E+00
  1.1100E+02  5.4663E-06  8.6735E-04 -7.4155E-02  0.0000E+00
  1.1100E+02  5.4663E-06  8.6735E-04 -7.4155E-02  0.0000E+00
  1.1200E+02  5.1992E-06  8.6735E-04 -1.2426E-01  0.0000E+00
  1.1200E+02  5.1992E-06  8.6735E-04 -1.2426E-01  0.0000E+00
  1.1300E+02  6.5191E-06  8.6735E-04  1.0198E-01  0.0000E+00
  1.1300E+02  6.5191E-06  8.6735E-04  1.0198E-01  0.0000E+00
  1.1400E+02  5.5386E-06  8.6735E-04 -6.1022E-02  0.0000E+00
  1.1400E+02  5.5386E-06  8.6735E-04 -6.1022E-02  0.0000E+00
  1.1500E+02  6.0637E-06  8.6735E-04  2.9553E-02  0.0000E+00
  1.1500E+02  6.0637E-06  8.6735E-04  2.9553E-02  0.0000E+00
  1.1600E+02  6.2493E-06  8.6735E-04  5.9705E-02  0.0000E+00
  1.1600E+02  6.2493E-06  8.6735E-04  5.9705E-02  0.0000E+00
  1.1700E+02  6.2401E-06  8.6735E-04  5.8239E-02  0.0000E+00
  1.1700E+02  6.2401E-06  8.6735E-04  5.8239E-02  0.0000E+00
  1.1800E+02  6.2846E-06  8.6735E-04  6.5351E-02  0.0000E+00
  1.1800E+02  6.2846E-06  8.6735E-04  6.5351E-02  0.0000E+00
  1.1900E+02  5.9369E-06  8.6735E-04  8.4287E-03  0.0000E+00
  1.1900E+02  5.9369E-06  8.6735E-04  8.4287E-03  0.0000E+00
  1.2000E+02  5.9187E-06  8.6735E-04  5.3565E-03  0.0000E+00
  1.2000E+02  5.9187E-06  8.6735E-04  5.3565E-03  0.0000E+00
