TABLE NO.  2
 ID          CL          V1          V2          Q           ETA1        ETA2        ETA3        ETA4
  1.0000E+00  6.3045E-06  9.3318E-04  9.1442E-07  1.2885E-07  0.0000E+00  0.0000E+00  0.0000E+00 -8.9512E-02
  1.0000E+00  6.3045E-06  9.3318E-04  9.1442E-07  1.2885E-07  0.0000E+00  0.0000E+00  0.0000E+00 -8.9512E-02
  2.0000E+00  6.3045E-06  9.3318E-04  1.0099E-06  1.2885E-07  0.0000E+00  0.0000E+00  0.0000E+00  9.8155E-03
  2.0000E+00  6.3045E-06  9.3318E-04  1.0099E-06  1.2885E-07  0.0000E+00  0.0000E+00  0.0000E+00  9.8155E-03
  3.0000E+00  6.3045E-06  9.3318E-04  3.5760E-05  1.2885E-07  0.0000E+00  0.0000E+00  0.0000E+00  3.5768E+00
  3.0000E+00  6.3045E-06  9.3318E-04  3.5760E-05  1.2885E-07  0.0000E+00  0.0000E+00  0.0000E+00  3.5768E+00
  4.0000E+00  6.3045E-06  9.3318E-04  1.3090E-06  1.2885E-07  0.0000E+00  0.0000E+00  0.0000E+00  2.6924E-01
  4.0000E+00  6.3045E-06  9.3318E-04  1.3090E-06  1.2885E-07  0.0000E+00  0.0000E+00  0.0000E+00  2.6924E-01
  5.0000E+00  6.3045E-06  9.3318E-04  1.0001E-06  1.2885E-07  0.0000E+00  0.0000E+00  0.0000E+00  0.0000E+00
  5.0000E+00  6.3045E-06  9.3318E-04  1.0001E-06  1.2885E-07  0.0000E+00  0.0000E+00  0.0000E+00  0.0000E+00
  6.0000E+00  6.3045E-06  9.3318E-04  1.2254E-06  1.2885E-07  0.0000E+00  0.0000E+00  0.0000E+00  2.0318E-01
  6.0000E+00  6.3045E-06  9.3318E-04  1.2254E-06  1.2885E-07  0.0000E+00  0.0000E+00  0.0000E+00  2.0318E-01
  7.0000E+00  6.3045E-06  9.3318E-04  8.0170E-05  1.2885E-07  0.0000E+00  0.0000E+00  0.0000E+00  4.3841E+00
  7.0000E+00  6.3045E-06  9.3318E-04  8.0170E-05  1.2885E-07  0.0000E+00  0.0000E+00  0.0000E+00  4.3841E+00
  8.0000E+00  6.3045E-06  9.3318E-04  6.8045E-07  1.2885E-07  0.0000E+00  0.0000E+00  0.0000E+00 -3.8505E-01
  8.0000E+00  6.3045E-06  9.3318E-04  6.8045E-07  1.2885E-07  0.0000E+00  0.0000E+00  0.0000E+00 -3.8505E-01
  9.0000E+00  6.3045E-06  9.3318E-04  1.0885E-06  1.2885E-07  0.0000E+00  0.0000E+00  0.0000E+00  8.4752E-02
  9.0000E+00  6.3045E-06  9.3318E-04  1.0885E-06  1.2885E-07  0.0000E+00  0.0000E+00  0.0000E+00  8.4752E-02
  1.0000E+01  6.3045E-06  9.3318E-04  1.9313E-05  1.2885E-07  0.0000E+00  0.0000E+00  0.0000E+00  2.9608E+00
  1.0000E+01  6.3045E-06  9.3318E-04  1.9313E-05  1.2885E-07  0.0000E+00  0.0000E+00  0.0000E+00  2.9608E+00
  1.1000E+01  6.3045E-06  9.3318E-04  1.1144E-06  1.2885E-07  0.0000E+00  0.0000E+00  0.0000E+00  1.0828E-01
  1.1000E+01  6.3045E-06  9.3318E-04  1.1144E-06  1.2885E-07  0.0000E+00  0.0000E+00  0.0000E+00  1.0828E-01
  1.2000E+01  6.3045E-06  9.3318E-04  9.3435E-07  1.2885E-07  0.0000E+00  0.0000E+00  0.0000E+00 -6.7958E-02
  1.2000E+01  6.3045E-06  9.3318E-04  9.3435E-07  1.2885E-07  0.0000E+00  0.0000E+00  0.0000E+00 -6.7958E-02
  1.3000E+01  6.3045E-06  9.3318E-04  9.9602E-07  1.2885E-07  0.0000E+00  0.0000E+00  0.0000E+00 -4.0360E-03
  1.3000E+01  6.3045E-06  9.3318E-04  9.9602E-07  1.2885E-07  0.0000E+00  0.0000E+00  0.0000E+00 -4.0360E-03
  1.4000E+01  6.3045E-06  9.3318E-04  8.4630E-07  1.2885E-07  0.0000E+00  0.0000E+00  0.0000E+00 -1.6693E-01
  1.4000E+01  6.3045E-06  9.3318E-04  8.4630E-07  1.2885E-07  0.0000E+00  0.0000E+00  0.0000E+00 -1.6693E-01
  1.5000E+01  6.3045E-06  9.3318E-04  8.1977E-07  1.2885E-07  0.0000E+00  0.0000E+00  0.0000E+00 -1.9879E-01
  1.5000E+01  6.3045E-06  9.3318E-04  8.1977E-07  1.2885E-07  0.0000E+00  0.0000E+00  0.0000E+00 -1.9879E-01
  1.6000E+01  6.3045E-06  9.3318E-04  6.1859E-05  1.2885E-07  0.0000E+00  0.0000E+00  0.0000E+00  4.1248E+00
  1.6000E+01  6.3045E-06  9.3318E-04  6.1859E-05  1.2885E-07  0.0000E+00  0.0000E+00  0.0000E+00  4.1248E+00
  1.7000E+01  6.3045E-06  9.3318E-04  7.2088E-05  1.2885E-07  0.0000E+00  0.0000E+00  0.0000E+00  4.2778E+00
  1.7000E+01  6.3045E-06  9.3318E-04  7.2088E-05  1.2885E-07  0.0000E+00  0.0000E+00  0.0000E+00  4.2778E+00
  1.8000E+01  6.3045E-06  9.3318E-04  1.4661E-06  1.2885E-07  0.0000E+00  0.0000E+00  0.0000E+00  3.8257E-01
  1.8000E+01  6.3045E-06  9.3318E-04  1.4661E-06  1.2885E-07  0.0000E+00  0.0000E+00  0.0000E+00  3.8257E-01
  1.9000E+01  6.3045E-06  9.3318E-04  2.3526E-06  1.2885E-07  0.0000E+00  0.0000E+00  0.0000E+00  8.5545E-01
  1.9000E+01  6.3045E-06  9.3318E-04  2.3526E-06  1.2885E-07  0.0000E+00  0.0000E+00  0.0000E+00  8.5545E-01
  2.0000E+01  6.3045E-06  9.3318E-04  1.9940E-05  1.2885E-07  0.0000E+00  0.0000E+00  0.0000E+00  2.9927E+00
  2.0000E+01  6.3045E-06  9.3318E-04  1.9940E-05  1.2885E-07  0.0000E+00  0.0000E+00  0.0000E+00  2.9927E+00
  1.0100E+02  6.3045E-06  9.3318E-04  9.7551E-07  1.2885E-07  0.0000E+00  0.0000E+00  0.0000E+00 -2.4848E-02
  1.0100E+02  6.3045E-06  9.3318E-04  9.7551E-07  1.2885E-07  0.0000E+00  0.0000E+00  0.0000E+00 -2.4848E-02
  1.0200E+02  6.3045E-06  9.3318E-04  9.2664E-07  1.2885E-07  0.0000E+00  0.0000E+00  0.0000E+00 -7.6242E-02
  1.0200E+02  6.3045E-06  9.3318E-04  9.2664E-07  1.2885E-07  0.0000E+00  0.0000E+00  0.0000E+00 -7.6242E-02
  1.0300E+02  6.3045E-06  9.3318E-04  9.6782E-07  1.2885E-07  0.0000E+00  0.0000E+00  0.0000E+00 -3.2763E-02
  1.0300E+02  6.3045E-06  9.3318E-04  9.6782E-07  1.2885E-07  0.0000E+00  0.0000E+00  0.0000E+00 -3.2763E-02
  1.0400E+02  6.3045E-06  9.3318E-04  1.1803E-06  1.2885E-07  0.0000E+00  0.0000E+00  0.0000E+00  1.6568E-01
  1.0400E+02  6.3045E-06  9.3318E-04  1.1803E-06  1.2885E-07  0.0000E+00  0.0000E+00  0.0000E+00  1.6568E-01
  1.0500E+02  6.3045E-06  9.3318E-04  9.8008E-07  1.2885E-07  0.0000E+00  0.0000E+00  0.0000E+00 -2.0168E-02
  1.0500E+02  6.3045E-06  9.3318E-04  9.8008E-07  1.2885E-07  0.0000E+00  0.0000E+00  0.0000E+00 -2.0168E-02
  1.0600E+02  6.3045E-06  9.3318E-04  7.3169E-07  1.2885E-07  0.0000E+00  0.0000E+00  0.0000E+00 -3.1244E-01
  1.0600E+02  6.3045E-06  9.3318E-04  7.3169E-07  1.2885E-07  0.0000E+00  0.0000E+00  0.0000E+00 -3.1244E-01
  1.0700E+02  6.3045E-06  9.3318E-04  1.2265E-06  1.2885E-07  0.0000E+00  0.0000E+00  0.0000E+00  2.0413E-01
  1.0700E+02  6.3045E-06  9.3318E-04  1.2265E-06  1.2885E-07  0.0000E+00  0.0000E+00  0.0000E+00  2.0413E-01
  1.0800E+02  6.3045E-06  9.3318E-04  6.5577E-07  1.2885E-07  0.0000E+00  0.0000E+00  0.0000E+00 -4.2199E-01
  1.0800E+02  6.3045E-06  9.3318E-04  6.5577E-07  1.2885E-07  0.0000E+00  0.0000E+00  0.0000E+00 -4.2199E-01
  1.0900E+02  6.3045E-06  9.3318E-04  6.5084E-07  1.2885E-07  0.0000E+00  0.0000E+00  0.0000E+00 -4.2954E-01
  1.0900E+02  6.3045E-06  9.3318E-04  6.5084E-07  1.2885E-07  0.0000E+00  0.0000E+00  0.0000E+00 -4.2954E-01
  1.1000E+02  6.3045E-06  9.3318E-04  1.4435E-06  1.2885E-07  0.0000E+00  0.0000E+00  0.0000E+00  3.6704E-01
  1.1000E+02  6.3045E-06  9.3318E-04  1.4435E-06  1.2885E-07  0.0000E+00  0.0000E+00  0.0000E+00  3.6704E-01
  1.1100E+02  6.3045E-06  9.3318E-04  1.0635E-06  1.2885E-07  0.0000E+00  0.0000E+00  0.0000E+00  6.1471E-02
  1.1100E+02  6.3045E-06  9.3318E-04  1.0635E-06  1.2885E-07  0.0000E+00  0.0000E+00  0.0000E+00  6.1471E-02
  1.1200E+02  6.3045E-06  9.3318E-04  1.1501E-06  1.2885E-07  0.0000E+00  0.0000E+00  0.0000E+00  1.3979E-01
  1.1200E+02  6.3045E-06  9.3318E-04  1.1501E-06  1.2885E-07  0.0000E+00  0.0000E+00  0.0000E+00  1.3979E-01
  1.1300E+02  6.3045E-06  9.3318E-04  7.9757E-07  1.2885E-07  0.0000E+00  0.0000E+00  0.0000E+00 -2.2624E-01
  1.1300E+02  6.3045E-06  9.3318E-04  7.9757E-07  1.2885E-07  0.0000E+00  0.0000E+00  0.0000E+00 -2.2624E-01
  1.1400E+02  6.3045E-06  9.3318E-04  2.2963E-06  1.2885E-07  0.0000E+00  0.0000E+00  0.0000E+00  8.3126E-01
  1.1400E+02  6.3045E-06  9.3318E-04  2.2963E-06  1.2885E-07  0.0000E+00  0.0000E+00  0.0000E+00  8.3126E-01
  1.1500E+02  6.3045E-06  9.3318E-04  8.7140E-07  1.2885E-07  0.0000E+00  0.0000E+00  0.0000E+00 -1.3771E-01
  1.1500E+02  6.3045E-06  9.3318E-04  8.7140E-07  1.2885E-07  0.0000E+00  0.0000E+00  0.0000E+00 -1.3771E-01
  1.1600E+02  6.3045E-06  9.3318E-04  7.2230E-07  1.2885E-07  0.0000E+00  0.0000E+00  0.0000E+00 -3.2537E-01
  1.1600E+02  6.3045E-06  9.3318E-04  7.2230E-07  1.2885E-07  0.0000E+00  0.0000E+00  0.0000E+00 -3.2537E-01
  1.1700E+02  6.3045E-06  9.3318E-04  7.2373E-07  1.2885E-07  0.0000E+00  0.0000E+00  0.0000E+00 -3.2339E-01
  1.1700E+02  6.3045E-06  9.3318E-04  7.2373E-07  1.2885E-07  0.0000E+00  0.0000E+00  0.0000E+00 -3.2339E-01
  1.1800E+02  6.3045E-06  9.3318E-04  6.4465E-07  1.2885E-07  0.0000E+00  0.0000E+00  0.0000E+00 -4.3910E-01
  1.1800E+02  6.3045E-06  9.3318E-04  6.4465E-07  1.2885E-07  0.0000E+00  0.0000E+00  0.0000E+00 -4.3910E-01
  1.1900E+02  6.3045E-06  9.3318E-04  7.8446E-07  1.2885E-07  0.0000E+00  0.0000E+00  0.0000E+00 -2.4281E-01
  1.1900E+02  6.3045E-06  9.3318E-04  7.8446E-07  1.2885E-07  0.0000E+00  0.0000E+00  0.0000E+00 -2.4281E-01
  1.2000E+02  6.3045E-06  9.3318E-04  8.0884E-07  1.2885E-07  0.0000E+00  0.0000E+00  0.0000E+00 -2.1220E-01
  1.2000E+02  6.3045E-06  9.3318E-04  8.0884E-07  1.2885E-07  0.0000E+00  0.0000E+00  0.0000E+00 -2.1220E-01
