TABLE NO.  2
 ID          CL          V           ETA1        ETA2
  1.0000E+00  1.2399E-05  2.2742E-03  4.3420E-02 -2.2914E-02
  1.0000E+00  1.2399E-05  2.2742E-03  4.3420E-02 -2.2914E-02
  2.0000E+00  8.6241E-06  2.4609E-03 -3.1966E-01  5.5991E-02
  2.0000E+00  8.6241E-06  2.4609E-03 -3.1966E-01  5.5991E-02
  3.0000E+00  1.1003E-05  2.4681E-03 -7.6077E-02  5.8896E-02
  3.0000E+00  1.1003E-05  2.4681E-03 -7.6077E-02  5.8896E-02
  4.0000E+00  1.1762E-05  2.3448E-03 -9.3602E-03  7.6504E-03
  4.0000E+00  1.1762E-05  2.3448E-03 -9.3602E-03  7.6504E-03
  5.0000E+00  1.1872E-05  2.3269E-03  0.0000E+00  0.0000E+00
  5.0000E+00  1.1872E-05  2.3269E-03  0.0000E+00  0.0000E+00
  6.0000E+00  1.2590E-05  2.1994E-03  5.8647E-02 -5.6339E-02
  6.0000E+00  1.2590E-05  2.1994E-03  5.8647E-02 -5.6339E-02
  7.0000E+00  1.1062E-05  2.4805E-03 -7.0735E-02  6.3912E-02
  7.0000E+00  1.1062E-05  2.4805E-03 -7.0735E-02  6.3912E-02
  8.0000E+00  1.4100E-05  1.9450E-03  1.7192E-01 -1.7928E-01
  8.0000E+00  1.4100E-05  1.9450E-03  1.7192E-01 -1.7928E-01
  9.0000E+00  1.2906E-05  2.1372E-03  8.3489E-02 -8.5066E-02
  9.0000E+00  1.2906E-05  2.1372E-03  8.3489E-02 -8.5066E-02
  1.0000E+01  1.2474E-05  2.2138E-03  4.9405E-02 -4.9831E-02
  1.0000E+01  1.2474E-05  2.2138E-03  4.9405E-02 -4.9831E-02
  1.1000E+01  7.3739E-06  2.3788E-03 -4.7627E-01  2.2069E-02
  1.1000E+01  7.3739E-06  2.3788E-03 -4.7627E-01  2.2069E-02
  1.2000E+01  1.0837E-05  2.4117E-03 -9.1216E-02  3.5795E-02
  1.2000E+01  1.0837E-05  2.4117E-03 -9.1216E-02  3.5795E-02
  1.3000E+01  1.2090E-05  2.2920E-03  1.8117E-02 -1.5113E-02
  1.3000E+01  1.2090E-05  2.2920E-03  1.8117E-02 -1.5113E-02
  1.4000E+01  1.2605E-05  2.2103E-03  5.9846E-02 -5.1397E-02
  1.4000E+01  1.2605E-05  2.2103E-03  5.9846E-02 -5.1397E-02
  1.5000E+01  1.4834E-05  1.8865E-03  2.2270E-01 -2.0981E-01
  1.5000E+01  1.4834E-05  1.8865E-03  2.2270E-01 -2.0981E-01
  1.6000E+01  1.1579E-05  2.3814E-03 -2.5023E-02  2.3145E-02
  1.6000E+01  1.1579E-05  2.3814E-03 -2.5023E-02  2.3145E-02
  1.7000E+01  1.1447E-05  2.4063E-03 -3.6462E-02  3.3536E-02
  1.7000E+01  1.1447E-05  2.4063E-03 -3.6462E-02  3.3536E-02
  1.8000E+01  1.2856E-05  2.1459E-03  7.9592E-02 -8.1005E-02
  1.8000E+01  1.2856E-05  2.1459E-03  7.9592E-02 -8.1005E-02
  1.9000E+01  1.2831E-05  2.1502E-03  7.7653E-02 -7.8986E-02
  1.9000E+01  1.2831E-05  2.1502E-03  7.7653E-02 -7.8986E-02
  2.0000E+01  1.2443E-05  2.2193E-03  4.6977E-02 -4.7346E-02
  2.0000E+01  1.2443E-05  2.2193E-03  4.6977E-02 -4.7346E-02
  1.0100E+02  9.3620E-06  2.4692E-03 -2.3756E-01  5.9361E-02
  1.0100E+02  9.3620E-06  2.4692E-03 -2.3756E-01  5.9361E-02
  1.0200E+02  1.1285E-05  2.3787E-03 -5.0776E-02  2.1989E-02
  1.0200E+02  1.1285E-05  2.3787E-03 -5.0776E-02  2.1989E-02
  1.0300E+02  1.2149E-05  2.2825E-03  2.3038E-02 -1.9287E-02
  1.0300E+02  1.2149E-05  2.2825E-03  2.3038E-02 -1.9287E-02
  1.0400E+02  1.1850E-05  2.3305E-03 -1.8689E-03  1.5362E-03
  1.0400E+02  1.1850E-05  2.3305E-03 -1.8689E-03  1.5362E-03
  1.0500E+02  1.2122E-05  2.2868E-03  2.0803E-02 -1.7388E-02
  1.0500E+02  1.2122E-05  2.2868E-03  2.0803E-02 -1.7388E-02
  1.0600E+02  1.3172E-05  2.1021E-03  1.0388E-01 -1.0160E-01
  1.0600E+02  1.3172E-05  2.1021E-03  1.0388E-01 -1.0160E-01
  1.0700E+02  1.2589E-05  2.1995E-03  5.8621E-02 -5.6315E-02
  1.0700E+02  1.2589E-05  2.1995E-03  5.8621E-02 -5.6315E-02
  1.0800E+02  1.3358E-05  2.0612E-03  1.1786E-01 -1.2124E-01
  1.0800E+02  1.3358E-05  2.0612E-03  1.1786E-01 -1.2124E-01
  1.0900E+02  1.3398E-05  2.0546E-03  1.2088E-01 -1.2445E-01
  1.0900E+02  1.3398E-05  2.0546E-03  1.2088E-01 -1.2445E-01
  1.1000E+02  1.2858E-05  2.1456E-03  7.9723E-02 -8.1141E-02
  1.1000E+02  1.2858E-05  2.1456E-03  7.9723E-02 -8.1141E-02
  1.1100E+02  7.8618E-06  2.4216E-03 -4.1220E-01  3.9886E-02
  1.1100E+02  7.8618E-06  2.4216E-03 -4.1220E-01  3.9886E-02
  1.1200E+02  7.1098E-06  2.4962E-03 -5.1275E-01  7.0223E-02
  1.1200E+02  7.1098E-06  2.4962E-03 -5.1275E-01  7.0223E-02
  1.1300E+02  1.3146E-05  2.1268E-03  1.0193E-01 -8.9936E-02
  1.1300E+02  1.3146E-05  2.1268E-03  1.0193E-01 -8.9936E-02
  1.1400E+02  1.1595E-05  2.3718E-03 -2.3646E-02  1.9114E-02
  1.1400E+02  1.1595E-05  2.3718E-03 -2.3646E-02  1.9114E-02
  1.1500E+02  1.2465E-05  2.2322E-03  4.8738E-02 -4.1544E-02
  1.1500E+02  1.2465E-05  2.2322E-03  4.8738E-02 -4.1544E-02
  1.1600E+02  1.3241E-05  2.0910E-03  1.0906E-01 -1.0688E-01
  1.1600E+02  1.3241E-05  2.0910E-03  1.0906E-01 -1.0688E-01
  1.1700E+02  1.3229E-05  2.0930E-03  1.0817E-01 -1.0597E-01
  1.1700E+02  1.3229E-05  2.0930E-03  1.0817E-01 -1.0597E-01
  1.1800E+02  1.3486E-05  2.0404E-03  1.2741E-01 -1.3139E-01
  1.1800E+02  1.3486E-05  2.0404E-03  1.2741E-01 -1.3139E-01
  1.1900E+02  1.3056E-05  2.1116E-03  9.4997E-02 -9.7108E-02
  1.1900E+02  1.3056E-05  2.1116E-03  9.4997E-02 -9.7108E-02
  1.2000E+02  1.3033E-05  2.1155E-03  9.3227E-02 -9.5251E-02
  1.2000E+02  1.3033E-05  2.1155E-03  9.3227E-02 -9.5251E-02
