TABLE NO.  2
 ID          CL          V1          V2          Q           ETA1        ETA2        ETA3        ETA4
  1.0000E+00  5.1432E-06  3.4937E-04  1.4131E-04  1.8414E-06  1.8435E-01  0.0000E+00  0.0000E+00  0.0000E+00
  1.0000E+00  5.1432E-06  3.4937E-04  1.4131E-04  1.8414E-06  1.8435E-01  0.0000E+00  0.0000E+00  0.0000E+00
  2.0000E+00  4.0887E-06  3.4937E-04  1.4131E-04  1.8414E-06 -4.5097E-02  0.0000E+00  0.0000E+00  0.0000E+00
  2.0000E+00  4.0887E-06  3.4937E-04  1.4131E-04  1.8414E-06 -4.5097E-02  0.0000E+00  0.0000E+00  0.0000E+00
  3.0000E+00  3.7155E-06  3.4937E-04  1.4131E-04  1.8414E-06 -1.4082E-01  0.0000E+00  0.0000E+00  0.0000E+00
  3.0000E+00  3.7155E-06  3.4937E-04  1.4131E-04  1.8414E-06 -1.4082E-01  0.0000E+00  0.0000E+00  0.0000E+00
  4.0000E+00  4.0480E-06  3.4937E-04  1.4131E-04  1.8414E-06 -5.5113E-02  0.0000E+00  0.0000E+00  0.0000E+00
  4.0000E+00  4.0480E-06  3.4937E-04  1.4131E-04  1.8414E-06 -5.5113E-02  0.0000E+00  0.0000E+00  0.0000E+00
  5.0000E+00  4.2773E-06  3.4937E-04  1.4131E-04  1.8414E-06  0.0000E+00  0.0000E+00  0.0000E+00  0.0000E+00
  5.0000E+00  4.2773E-06  3.4937E-04  1.4131E-04  1.8414E-06  0.0000E+00  0.0000E+00  0.0000E+00  0.0000E+00
  6.0000E+00  4.1789E-06  3.4937E-04  1.4131E-04  1.8414E-06 -2.3293E-02  0.0000E+00  0.0000E+00  0.0000E+00
  6.0000E+00  4.1789E-06  3.4937E-04  1.4131E-04  1.8414E-06 -2.3293E-02  0.0000E+00  0.0000E+00  0.0000E+00
  7.0000E+00  3.3457E-06  3.4937E-04  1.4131E-04  1.8414E-06 -2.4565E-01  0.0000E+00  0.0000E+00  0.0000E+00
  7.0000E+00  3.3457E-06  3.4937E-04  1.4131E-04  1.8414E-06 -2.4565E-01  0.0000E+00  0.0000E+00  0.0000E+00
  8.0000E+00  5.2632E-06  3.4937E-04  1.4131E-04  1.8414E-06  2.0741E-01  0.0000E+00  0.0000E+00  0.0000E+00
  8.0000E+00  5.2632E-06  3.4937E-04  1.4131E-04  1.8414E-06  2.0741E-01  0.0000E+00  0.0000E+00  0.0000E+00
  9.0000E+00  4.2433E-06  3.4937E-04  1.4131E-04  1.8414E-06 -7.9853E-03  0.0000E+00  0.0000E+00  0.0000E+00
  9.0000E+00  4.2433E-06  3.4937E-04  1.4131E-04  1.8414E-06 -7.9853E-03  0.0000E+00  0.0000E+00  0.0000E+00
  1.0000E+01  3.9415E-06  3.4937E-04  1.4131E-04  1.8414E-06 -8.1769E-02  0.0000E+00  0.0000E+00  0.0000E+00
  1.0000E+01  3.9415E-06  3.4937E-04  1.4131E-04  1.8414E-06 -8.1769E-02  0.0000E+00  0.0000E+00  0.0000E+00
  1.1000E+01  3.7979E-06  3.4937E-04  1.4131E-04  1.8414E-06 -1.1888E-01  0.0000E+00  0.0000E+00  0.0000E+00
  1.1000E+01  3.7979E-06  3.4937E-04  1.4131E-04  1.8414E-06 -1.1888E-01  0.0000E+00  0.0000E+00  0.0000E+00
  1.2000E+01  4.6462E-06  3.4937E-04  1.4131E-04  1.8414E-06  8.2729E-02  0.0000E+00  0.0000E+00  0.0000E+00
  1.2000E+01  4.6462E-06  3.4937E-04  1.4131E-04  1.8414E-06  8.2729E-02  0.0000E+00  0.0000E+00  0.0000E+00
  1.3000E+01  4.2084E-06  3.4937E-04  1.4131E-04  1.8414E-06 -1.6249E-02  0.0000E+00  0.0000E+00  0.0000E+00
  1.3000E+01  4.2084E-06  3.4937E-04  1.4131E-04  1.8414E-06 -1.6249E-02  0.0000E+00  0.0000E+00  0.0000E+00
  1.4000E+01  4.4840E-06  3.4937E-04  1.4131E-04  1.8414E-06  4.7189E-02  0.0000E+00  0.0000E+00  0.0000E+00
  1.4000E+01  4.4840E-06  3.4937E-04  1.4131E-04  1.8414E-06  4.7189E-02  0.0000E+00  0.0000E+00  0.0000E+00
  1.5000E+01  6.1153E-06  3.4937E-04  1.4131E-04  1.8414E-06  3.5746E-01  0.0000E+00  0.0000E+00  0.0000E+00
  1.5000E+01  6.1153E-06  3.4937E-04  1.4131E-04  1.8414E-06  3.5746E-01  0.0000E+00  0.0000E+00  0.0000E+00
  1.6000E+01  3.5979E-06  3.4937E-04  1.4131E-04  1.8414E-06 -1.7297E-01  0.0000E+00  0.0000E+00  0.0000E+00
  1.6000E+01  3.5979E-06  3.4937E-04  1.4131E-04  1.8414E-06 -1.7297E-01  0.0000E+00  0.0000E+00  0.0000E+00
  1.7000E+01  3.5311E-06  3.4937E-04  1.4131E-04  1.8414E-06 -1.9172E-01  0.0000E+00  0.0000E+00  0.0000E+00
  1.7000E+01  3.5311E-06  3.4937E-04  1.4131E-04  1.8414E-06 -1.9172E-01  0.0000E+00  0.0000E+00  0.0000E+00
  1.8000E+01  4.2067E-06  3.4937E-04  1.4131E-04  1.8414E-06 -1.6652E-02  0.0000E+00  0.0000E+00  0.0000E+00
  1.8000E+01  4.2067E-06  3.4937E-04  1.4131E-04  1.8414E-06 -1.6652E-02  0.0000E+00  0.0000E+00  0.0000E+00
  1.9000E+01  4.1887E-06  3.4937E-04  1.4131E-04  1.8414E-06 -2.0941E-02  0.0000E+00  0.0000E+00  0.0000E+00
  1.9000E+01  4.1887E-06  3.4937E-04  1.4131E-04  1.8414E-06 -2.0941E-02  0.0000E+00  0.0000E+00  0.0000E+00
  2.0000E+01  3.9215E-06  3.4937E-04  1.4131E-04  1.8414E-06 -8.6858E-02  0.0000E+00  0.0000E+00  0.0000E+00
  2.0000E+01  3.9215E-06  3.4937E-04  1.4131E-04  1.8414E-06 -8.6858E-02  0.0000E+00  0.0000E+00  0.0000E+00
  1.0100E+02  4.2636E-06  3.4937E-04  1.4131E-04  1.8414E-06 -3.2211E-03  0.0000E+00  0.0000E+00  0.0000E+00
  1.0100E+02  4.2636E-06  3.4937E-04  1.4131E-04  1.8414E-06 -3.2211E-03  0.0000E+00  0.0000E+00  0.0000E+00
  1.0200E+02  4.7765E-06  3.4937E-04  1.4131E-04  1.8414E-06  1.1037E-01  0.0000E+00  0.0000E+00  0.0000E+00
  1.0200E+02  4.7765E-06  3.4937E-04  1.4131E-04  1.8414E-06  1.1037E-01  0.0000E+00  0.0000E+00  0.0000E+00
  1.0300E+02  4.2388E-06  3.4937E-04  1.4131E-04  1.8414E-06 -9.0515E-03  0.0000E+00  0.0000E+00  0.0000E+00
  1.0300E+02  4.2388E-06  3.4937E-04  1.4131E-04  1.8414E-06 -9.0515E-03  0.0000E+00  0.0000E+00  0.0000E+00
  1.0400E+02  4.0902E-06  3.4937E-04  1.4131E-04  1.8414E-06 -4.4735E-02  0.0000E+00  0.0000E+00  0.0000E+00
  1.0400E+02  4.0902E-06  3.4937E-04  1.4131E-04  1.8414E-06 -4.4735E-02  0.0000E+00  0.0000E+00  0.0000E+00
  1.0500E+02  4.2249E-06  3.4937E-04  1.4131E-04  1.8414E-06 -1.2330E-02  0.0000E+00  0.0000E+00  0.0000E+00
  1.0500E+02  4.2249E-06  3.4937E-04  1.4131E-04  1.8414E-06 -1.2330E-02  0.0000E+00  0.0000E+00  0.0000E+00
  1.0600E+02  4.5781E-06  3.4937E-04  1.4131E-04  1.8414E-06  6.7954E-02  0.0000E+00  0.0000E+00  0.0000E+00
  1.0600E+02  4.5781E-06  3.4937E-04  1.4131E-04  1.8414E-06  6.7954E-02  0.0000E+00  0.0000E+00  0.0000E+00
  1.0700E+02  4.1787E-06  3.4937E-04  1.4131E-04  1.8414E-06 -2.3341E-02  0.0000E+00  0.0000E+00  0.0000E+00
  1.0700E+02  4.1787E-06  3.4937E-04  1.4131E-04  1.8414E-06 -2.3341E-02  0.0000E+00  0.0000E+00  0.0000E+00
  1.0800E+02  4.5932E-06  3.4937E-04  1.4131E-04  1.8414E-06  7.1239E-02  0.0000E+00  0.0000E+00  0.0000E+00
  1.0800E+02  4.5932E-06  3.4937E-04  1.4131E-04  1.8414E-06  7.1239E-02  0.0000E+00  0.0000E+00  0.0000E+00
  1.0900E+02  4.6265E-06  3.4937E-04  1.4131E-04  1.8414E-06  7.8462E-02  0.0000E+00  0.0000E+00  0.0000E+00
  1.0900E+02  4.6265E-06  3.4937E-04  1.4131E-04  1.8414E-06  7.8462E-02  0.0000E+00  0.0000E+00  0.0000E+00
  1.1000E+02  4.2079E-06  3.4937E-04  1.4131E-04  1.8414E-06 -1.6362E-02  0.0000E+00  0.0000E+00  0.0000E+00
  1.1000E+02  4.2079E-06  3.4937E-04  1.4131E-04  1.8414E-06 -1.6362E-02  0.0000E+00  0.0000E+00  0.0000E+00
  1.1100E+02  3.9118E-06  3.4937E-04  1.4131E-04  1.8414E-06 -8.9322E-02  0.0000E+00  0.0000E+00  0.0000E+00
  1.1100E+02  3.9118E-06  3.4937E-04  1.4131E-04  1.8414E-06 -8.9322E-02  0.0000E+00  0.0000E+00  0.0000E+00
  1.1200E+02  3.7367E-06  3.4937E-04  1.4131E-04  1.8414E-06 -1.3512E-01  0.0000E+00  0.0000E+00  0.0000E+00
  1.1200E+02  3.7367E-06  3.4937E-04  1.4131E-04  1.8414E-06 -1.3512E-01  0.0000E+00  0.0000E+00  0.0000E+00
  1.1300E+02  4.8086E-06  3.4937E-04  1.4131E-04  1.8414E-06  1.1707E-01  0.0000E+00  0.0000E+00  0.0000E+00
  1.1300E+02  4.8086E-06  3.4937E-04  1.4131E-04  1.8414E-06  1.1707E-01  0.0000E+00  0.0000E+00  0.0000E+00
  1.1400E+02  3.9704E-06  3.4937E-04  1.4131E-04  1.8414E-06 -7.4465E-02  0.0000E+00  0.0000E+00  0.0000E+00
  1.1400E+02  3.9704E-06  3.4937E-04  1.4131E-04  1.8414E-06 -7.4465E-02  0.0000E+00  0.0000E+00  0.0000E+00
  1.1500E+02  4.4065E-06  3.4937E-04  1.4131E-04  1.8414E-06  2.9758E-02  0.0000E+00  0.0000E+00  0.0000E+00
  1.1500E+02  4.4065E-06  3.4937E-04  1.4131E-04  1.8414E-06  2.9758E-02  0.0000E+00  0.0000E+00  0.0000E+00
  1.1600E+02  4.6286E-06  3.4937E-04  1.4131E-04  1.8414E-06  7.8933E-02  0.0000E+00  0.0000E+00  0.0000E+00
  1.1600E+02  4.6286E-06  3.4937E-04  1.4131E-04  1.8414E-06  7.8933E-02  0.0000E+00  0.0000E+00  0.0000E+00
  1.1700E+02  4.6198E-06  3.4937E-04  1.4131E-04  1.8414E-06  7.7025E-02  0.0000E+00  0.0000E+00  0.0000E+00
  1.1700E+02  4.6198E-06  3.4937E-04  1.4131E-04  1.8414E-06  7.7025E-02  0.0000E+00  0.0000E+00  0.0000E+00
  1.1800E+02  4.6998E-06  3.4937E-04  1.4131E-04  1.8414E-06  9.4199E-02  0.0000E+00  0.0000E+00  0.0000E+00
  1.1800E+02  4.6998E-06  3.4937E-04  1.4131E-04  1.8414E-06  9.4199E-02  0.0000E+00  0.0000E+00  0.0000E+00
  1.1900E+02  4.3549E-06  3.4937E-04  1.4131E-04  1.8414E-06  1.7970E-02  0.0000E+00  0.0000E+00  0.0000E+00
  1.1900E+02  4.3549E-06  3.4937E-04  1.4131E-04  1.8414E-06  1.7970E-02  0.0000E+00  0.0000E+00  0.0000E+00
  1.2000E+02  4.3374E-06  3.4937E-04  1.4131E-04  1.8414E-06  1.3942E-02  0.0000E+00  0.0000E+00  0.0000E+00
  1.2000E+02  4.3374E-06  3.4937E-04  1.4131E-04  1.8414E-06  1.3942E-02  0.0000E+00  0.0000E+00  0.0000E+00
