TABLE NO.  2
 ID          CL          V           ETA1        ETA2
  1.0000E+00  1.4664E-08  7.0882E-06 -1.0035E+00 -3.1686E+00
  1.0000E+00  1.4664E-08  7.0882E-06 -1.0035E+00 -3.1686E+00
  2.0000E+00  8.4153E-09  3.7840E-06 -1.5588E+00 -3.7962E+00
  2.0000E+00  8.4153E-09  3.7840E-06 -1.5588E+00 -3.7962E+00
  3.0000E+00  2.4873E-08  2.5872E-05 -4.7508E-01 -1.8738E+00
  3.0000E+00  2.4873E-08  2.5872E-05 -4.7508E-01 -1.8738E+00
  4.0000E+00  3.1803E-08  3.9991E-05 -2.2933E-01 -1.4384E+00
  4.0000E+00  3.1803E-08  3.9991E-05 -2.2933E-01 -1.4384E+00
  5.0000E+00  4.0000E-08  1.6852E-04  0.0000E+00  0.0000E+00
  5.0000E+00  4.0000E-08  1.6852E-04  0.0000E+00  0.0000E+00
  6.0000E+00  4.0503E-08  6.6273E-04  1.2487E-02  1.3693E+00
  6.0000E+00  4.0503E-08  6.6273E-04  1.2487E-02  1.3693E+00
  7.0000E+00  4.0079E-08  1.7682E-04  1.9782E-03  4.8089E-02
  7.0000E+00  4.0079E-08  1.7682E-04  1.9782E-03  4.8089E-02
  8.0000E+00  4.0048E-08  3.3070E-02  1.1955E-03  5.2794E+00
  8.0000E+00  4.0048E-08  3.3070E-02  1.1955E-03  5.2794E+00
  9.0000E+00  4.0159E-08  7.1028E-03  3.9792E-03  3.7412E+00
  9.0000E+00  4.0159E-08  7.1028E-03  3.9792E-03  3.7412E+00
  1.0000E+01  4.0232E-08  4.2505E-03  5.7770E-03  3.2278E+00
  1.0000E+01  4.0232E-08  4.2505E-03  5.7770E-03  3.2278E+00
  1.1000E+01  7.1246E-09  3.1602E-06 -1.7253E+00 -3.9764E+00
  1.1000E+01  7.1246E-09  3.1602E-06 -1.7253E+00 -3.9764E+00
  1.2000E+01  1.1399E-08  5.2966E-06 -1.2553E+00 -3.4600E+00
  1.2000E+01  1.1399E-08  5.2966E-06 -1.2553E+00 -3.4600E+00
  1.3000E+01  3.4516E-08  4.9819E-05 -1.4746E-01 -1.2186E+00
  1.3000E+01  3.4516E-08  4.9819E-05 -1.4746E-01 -1.2186E+00
  1.4000E+01  3.7518E-08  7.1829E-05 -6.4061E-02 -8.5274E-01
  1.4000E+01  3.7518E-08  7.1829E-05 -6.4061E-02 -8.5274E-01
  1.5000E+01  4.0341E-08  3.4374E-04  8.4776E-03  7.1286E-01
  1.5000E+01  4.0341E-08  3.4374E-04  8.4776E-03  7.1286E-01
  1.6000E+01  4.0479E-08  2.7621E-04  1.1897E-02  4.9412E-01
  1.6000E+01  4.0479E-08  2.7621E-04  1.1897E-02  4.9412E-01
  1.7000E+01  4.0421E-08  2.4673E-04  1.0475E-02  3.8126E-01
  1.7000E+01  4.0421E-08  2.4673E-04  1.0475E-02  3.8126E-01
  1.8000E+01  4.0167E-08  6.6841E-03  4.1625E-03  3.6805E+00
  1.8000E+01  4.0167E-08  6.6841E-03  4.1625E-03  3.6805E+00
  1.9000E+01  4.0171E-08  6.4864E-03  4.2559E-03  3.6504E+00
  1.9000E+01  4.0171E-08  6.4864E-03  4.2559E-03  3.6504E+00
  2.0000E+01  4.0238E-08  4.1039E-03  5.9218E-03  3.1927E+00
  2.0000E+01  4.0238E-08  4.1039E-03  5.9218E-03  3.1927E+00
  1.0100E+02  9.2767E-09  4.2101E-06 -1.4614E+00 -3.6895E+00
  1.0100E+02  9.2767E-09  4.2101E-06 -1.4614E+00 -3.6895E+00
  1.0200E+02  1.2199E-08  5.7206E-06 -1.1875E+00 -3.3829E+00
  1.0200E+02  1.2199E-08  5.7206E-06 -1.1875E+00 -3.3829E+00
  1.0300E+02  3.4949E-08  5.1933E-05 -1.3498E-01 -1.1771E+00
  1.0300E+02  3.4949E-08  5.1933E-05 -1.3498E-01 -1.1771E+00
  1.0400E+02  3.2581E-08  4.2364E-05 -2.0514E-01 -1.3807E+00
  1.0400E+02  3.2581E-08  4.2364E-05 -2.0514E-01 -1.3807E+00
  1.0500E+02  3.4755E-08  5.0958E-05 -1.4056E-01 -1.1960E+00
  1.0500E+02  3.4755E-08  5.0958E-05 -1.4056E-01 -1.1960E+00
  1.0600E+02  4.0399E-08  1.1220E-03  9.9173E-03  1.8959E+00
  1.0600E+02  4.0399E-08  1.1220E-03  9.9173E-03  1.8959E+00
  1.0700E+02  4.0503E-08  6.6254E-04  1.2488E-02  1.3691E+00
  1.0700E+02  4.0503E-08  6.6254E-04  1.2488E-02  1.3691E+00
  1.0800E+02  4.0104E-08  1.2438E-02  2.6004E-03  4.3015E+00
  1.0800E+02  4.0104E-08  1.2438E-02  2.6004E-03  4.3015E+00
  1.0900E+02  4.0100E-08  1.3096E-02  2.4987E-03  4.3530E+00
  1.0900E+02  4.0100E-08  1.3096E-02  2.4987E-03  4.3530E+00
  1.1000E+02  4.0167E-08  6.6977E-03  4.1563E-03  3.6825E+00
  1.1000E+02  4.0167E-08  6.6977E-03  4.1563E-03  3.6825E+00
  1.1100E+02  7.6097E-09  3.3927E-06 -1.6595E+00 -3.9054E+00
  1.1100E+02  7.6097E-09  3.3927E-06 -1.6595E+00 -3.9054E+00
  1.1200E+02  6.8746E-09  3.0413E-06 -1.7610E+00 -4.0147E+00
  1.1200E+02  6.8746E-09  3.0413E-06 -1.7610E+00 -4.0147E+00
  1.1300E+02  3.9147E-08  1.0556E-04 -2.1564E-02 -4.6772E-01
  1.1300E+02  3.9147E-08  1.0556E-04 -2.1564E-02 -4.6772E-01
  1.1400E+02  3.0278E-08  3.6010E-05 -2.7846E-01 -1.5432E+00
  1.1400E+02  3.0278E-08  3.6010E-05 -2.7846E-01 -1.5432E+00
  1.1500E+02  3.6870E-08  6.5008E-05 -8.1481E-02 -9.5251E-01
  1.1500E+02  3.6870E-08  6.5008E-05 -8.1481E-02 -9.5251E-01
  1.1600E+02  4.0386E-08  1.1955E-03  9.5941E-03  1.9593E+00
  1.1600E+02  4.0386E-08  1.1955E-03  9.5941E-03  1.9593E+00
  1.1700E+02  4.0388E-08  1.1824E-03  9.6501E-03  1.9482E+00
  1.1700E+02  4.0388E-08  1.1824E-03  9.6501E-03  1.9482E+00
  1.1800E+02  4.0092E-08  1.4653E-02  2.2893E-03  4.4653E+00
  1.1800E+02  4.0092E-08  1.4653E-02  2.2893E-03  4.4653E+00
  1.1900E+02  4.0139E-08  8.5260E-03  3.4706E-03  3.9238E+00
  1.1900E+02  4.0139E-08  8.5260E-03  3.4706E-03  3.9238E+00
  1.2000E+02  4.0142E-08  8.2872E-03  3.5456E-03  3.8954E+00
  1.2000E+02  4.0142E-08  8.2872E-03  3.5456E-03  3.8954E+00
