TABLE NO.  2
 ID          CL          V           ETA1        ETA2
  1.0000E+00  7.4457E-06  9.1073E-04  1.9584E-01 -1.3158E-05
  1.0000E+00  7.4457E-06  9.1073E-04  1.9584E-01 -1.3158E-05
  2.0000E+00  5.8861E-06  9.1075E-04 -3.9191E-02  2.2338E-06
  2.0000E+00  5.8861E-06  9.1075E-04 -3.9191E-02  2.2338E-06
  3.0000E+00  5.4114E-06  9.1075E-04 -1.2329E-01  9.7629E-06
  3.0000E+00  5.4114E-06  9.1075E-04 -1.2329E-01  9.7629E-06
  4.0000E+00  5.8502E-06  9.1075E-04 -4.5317E-02  3.6785E-06
  4.0000E+00  5.8502E-06  9.1075E-04 -4.5317E-02  3.6785E-06
  5.0000E+00  6.1214E-06  9.1075E-04  0.0000E+00  0.0000E+00
  5.0000E+00  6.1214E-06  9.1075E-04  0.0000E+00  0.0000E+00
  6.0000E+00  6.0097E-06  9.1075E-04 -1.8408E-02  1.6524E-06
  6.0000E+00  6.0097E-06  9.1075E-04 -1.8408E-02  1.6524E-06
  7.0000E+00  4.9669E-06  9.1076E-04 -2.0900E-01  1.8064E-05
  7.0000E+00  4.9669E-06  9.1076E-04 -2.0900E-01  1.8064E-05
  8.0000E+00  7.1161E-06  9.1073E-04  1.5057E-01 -1.4393E-05
  8.0000E+00  7.1161E-06  9.1073E-04  1.5057E-01 -1.4393E-05
  9.0000E+00  6.0780E-06  9.1075E-04 -7.1167E-03  6.6804E-07
  9.0000E+00  6.0780E-06  9.1075E-04 -7.1167E-03  6.6804E-07
  1.0000E+01  5.7336E-06  9.1075E-04 -6.5454E-02  6.0978E-06
  1.0000E+01  5.7336E-06  9.1075E-04 -6.5454E-02  6.0978E-06
  1.1000E+01  5.4259E-06  9.1075E-04 -1.2061E-01  6.3767E-06
  1.1000E+01  5.4259E-06  9.1075E-04 -1.2061E-01  6.3767E-06
  1.2000E+01  6.7320E-06  9.1074E-04  9.5089E-02 -6.0011E-06
  1.2000E+01  6.7320E-06  9.1074E-04  9.5089E-02 -6.0011E-06
  1.3000E+01  6.0547E-06  9.1075E-04 -1.0957E-02  8.9845E-07
  1.3000E+01  6.0547E-06  9.1075E-04 -1.0957E-02  8.9845E-07
  1.4000E+01  6.3952E-06  9.1074E-04  4.3763E-02 -3.6437E-06
  1.4000E+01  6.3952E-06  9.1074E-04  4.3763E-02 -3.6437E-06
  1.5000E+01  8.1480E-06  9.1072E-04  2.8598E-01 -2.5188E-05
  1.5000E+01  8.1480E-06  9.1072E-04  2.8598E-01 -2.5188E-05
  1.6000E+01  5.2969E-06  9.1076E-04 -1.4468E-01  1.2677E-05
  1.6000E+01  5.2969E-06  9.1076E-04 -1.4468E-01  1.2677E-05
  1.7000E+01  5.2106E-06  9.1076E-04 -1.6109E-01  1.4068E-05
  1.7000E+01  5.2106E-06  9.1076E-04 -1.6109E-01  1.4068E-05
  1.8000E+01  6.0371E-06  9.1075E-04 -1.3859E-02  1.2999E-06
  1.8000E+01  6.0371E-06  9.1075E-04 -1.3859E-02  1.2999E-06
  1.9000E+01  6.0170E-06  9.1075E-04 -1.7208E-02  1.6132E-06
  1.9000E+01  6.0170E-06  9.1075E-04 -1.7208E-02  1.6132E-06
  2.0000E+01  5.7101E-06  9.1075E-04 -6.9555E-02  6.4763E-06
  2.0000E+01  5.7101E-06  9.1075E-04 -6.9555E-02  6.4763E-06
  1.0100E+02  6.1566E-06  9.1075E-04  5.7347E-03 -3.3912E-07
  1.0100E+02  6.1566E-06  9.1075E-04  5.7347E-03 -3.3912E-07
  1.0200E+02  6.9227E-06  9.1074E-04  1.2302E-01 -7.9078E-06
  1.0200E+02  6.9227E-06  9.1074E-04  1.2302E-01 -7.9078E-06
  1.0300E+02  6.0929E-06  9.1075E-04 -4.6632E-03  3.8308E-07
  1.0300E+02  6.0929E-06  9.1075E-04 -4.6632E-03  3.8308E-07
  1.0400E+02  5.9045E-06  9.1075E-04 -3.6080E-02  2.9368E-06
  1.0400E+02  5.9045E-06  9.1075E-04 -3.6080E-02  2.9368E-06
  1.0500E+02  6.0755E-06  9.1075E-04 -7.5271E-03  6.1783E-07
  1.0500E+02  6.0755E-06  9.1075E-04 -7.5271E-03  6.1783E-07
  1.0600E+02  6.4626E-06  9.1074E-04  5.4236E-02 -4.9289E-06
  1.0600E+02  6.4626E-06  9.1074E-04  5.4236E-02 -4.9289E-06
  1.0700E+02  6.0095E-06  9.1075E-04 -1.8448E-02  1.6560E-06
  1.0700E+02  6.0095E-06  9.1075E-04 -1.8448E-02  1.6560E-06
  1.0800E+02  6.4554E-06  9.1074E-04  5.3130E-02 -5.0238E-06
  1.0800E+02  6.4554E-06  9.1074E-04  5.3130E-02 -5.0238E-06
  1.0900E+02  6.4901E-06  9.1074E-04  5.8495E-02 -5.5347E-06
  1.0900E+02  6.4901E-06  9.1074E-04  5.8495E-02 -5.5347E-06
  1.1000E+02  6.0385E-06  9.1075E-04 -1.3634E-02  1.2787E-06
  1.1000E+02  6.0385E-06  9.1075E-04 -1.3634E-02  1.2787E-06
  1.1100E+02  5.6077E-06  9.1075E-04 -8.7645E-02  4.7838E-06
  1.1100E+02  5.6077E-06  9.1075E-04 -8.7645E-02  4.7838E-06
  1.1200E+02  5.3274E-06  9.1075E-04 -1.3893E-01  7.2098E-06
  1.1200E+02  5.3274E-06  9.1075E-04 -1.3893E-01  7.2098E-06
  1.1300E+02  6.7790E-06  9.1074E-04  1.0204E-01 -8.6254E-06
  1.1300E+02  6.7790E-06  9.1074E-04  1.0204E-01 -8.6254E-06
  1.1400E+02  5.7496E-06  9.1075E-04 -6.2659E-02  5.0594E-06
  1.1400E+02  5.7496E-06  9.1075E-04 -6.2659E-02  5.0594E-06
  1.1500E+02  6.3009E-06  9.1074E-04  2.8897E-02 -2.3963E-06
  1.1500E+02  6.3009E-06  9.1074E-04  2.8897E-02 -2.3963E-06
  1.1600E+02  6.5178E-06  9.1074E-04  6.2746E-02 -5.7101E-06
  1.1600E+02  6.5178E-06  9.1074E-04  6.2746E-02 -5.7101E-06
  1.1700E+02  6.5082E-06  9.1074E-04  6.1271E-02 -5.5745E-06
  1.1700E+02  6.5082E-06  9.1074E-04  6.1271E-02 -5.5745E-06
  1.1800E+02  6.5660E-06  9.1074E-04  7.0111E-02 -6.6426E-06
  1.1800E+02  6.5660E-06  9.1074E-04  7.0111E-02 -6.6426E-06
  1.1900E+02  6.2009E-06  9.1074E-04  1.2899E-02 -1.2139E-06
  1.1900E+02  6.2009E-06  9.1074E-04  1.2899E-02 -1.2139E-06
  1.2000E+02  6.1817E-06  9.1075E-04  9.8110E-03 -9.2289E-07
  1.2000E+02  6.1817E-06  9.1075E-04  9.8110E-03 -9.2289E-07
