TABLE NO.  2
 ID          CL          V1          V2          Q           ETA1        ETA2        ETA3        ETA4
  1.0000E+00  6.1528E-06  8.4226E-04  6.8355E-05  2.7195E-05  0.0000E+00  0.0000E+00  3.2106E-02  0.0000E+00
  1.0000E+00  6.1528E-06  8.4226E-04  6.8355E-05  2.7195E-05  0.0000E+00  0.0000E+00  3.2106E-02  0.0000E+00
  2.0000E+00  6.1528E-06  8.4226E-04  6.8355E-05  2.6333E-05  0.0000E+00  0.0000E+00 -1.0963E-04  0.0000E+00
  2.0000E+00  6.1528E-06  8.4226E-04  6.8355E-05  2.6333E-05  0.0000E+00  0.0000E+00 -1.0963E-04  0.0000E+00
  3.0000E+00  6.1528E-06  8.4226E-04  6.8355E-05  5.1230E-07  0.0000E+00  0.0000E+00 -3.9398E+00  0.0000E+00
  3.0000E+00  6.1528E-06  8.4226E-04  6.8355E-05  5.1230E-07  0.0000E+00  0.0000E+00 -3.9398E+00  0.0000E+00
  4.0000E+00  6.1528E-06  8.4226E-04  6.8355E-05  2.0460E-05  0.0000E+00  0.0000E+00 -2.5248E-01  0.0000E+00
  4.0000E+00  6.1528E-06  8.4226E-04  6.8355E-05  2.0460E-05  0.0000E+00  0.0000E+00 -2.5248E-01  0.0000E+00
  5.0000E+00  6.1528E-06  8.4226E-04  6.8355E-05  2.6336E-05  0.0000E+00  0.0000E+00  0.0000E+00  0.0000E+00
  5.0000E+00  6.1528E-06  8.4226E-04  6.8355E-05  2.6336E-05  0.0000E+00  0.0000E+00  0.0000E+00  0.0000E+00
  6.0000E+00  6.1528E-06  8.4226E-04  6.8355E-05  2.1998E-05  0.0000E+00  0.0000E+00 -1.7998E-01  0.0000E+00
  6.0000E+00  6.1528E-06  8.4226E-04  6.8355E-05  2.1998E-05  0.0000E+00  0.0000E+00 -1.7998E-01  0.0000E+00
  7.0000E+00  6.1528E-06  8.4226E-04  6.8355E-05  2.2798E-07  0.0000E+00  0.0000E+00 -4.7494E+00  0.0000E+00
  7.0000E+00  6.1528E-06  8.4226E-04  6.8355E-05  2.2798E-07  0.0000E+00  0.0000E+00 -4.7494E+00  0.0000E+00
  8.0000E+00  6.1528E-06  8.4226E-04  6.8355E-05  4.3562E-05  0.0000E+00  0.0000E+00  5.0327E-01  0.0000E+00
  8.0000E+00  6.1528E-06  8.4226E-04  6.8355E-05  4.3562E-05  0.0000E+00  0.0000E+00  5.0327E-01  0.0000E+00
  9.0000E+00  6.1528E-06  8.4226E-04  6.8355E-05  2.5876E-05  0.0000E+00  0.0000E+00 -1.7619E-02  0.0000E+00
  9.0000E+00  6.1528E-06  8.4226E-04  6.8355E-05  2.5876E-05  0.0000E+00  0.0000E+00 -1.7619E-02  0.0000E+00
  1.0000E+01  6.1528E-06  8.4226E-04  6.8355E-05  7.6256E-07  0.0000E+00  0.0000E+00 -3.5420E+00  0.0000E+00
  1.0000E+01  6.1528E-06  8.4226E-04  6.8355E-05  7.6256E-07  0.0000E+00  0.0000E+00 -3.5420E+00  0.0000E+00
  1.1000E+01  6.1528E-06  8.4226E-04  6.8355E-05  2.5606E-05  0.0000E+00  0.0000E+00 -2.8119E-02  0.0000E+00
  1.1000E+01  6.1528E-06  8.4226E-04  6.8355E-05  2.5606E-05  0.0000E+00  0.0000E+00 -2.8119E-02  0.0000E+00
  1.2000E+01  6.1528E-06  8.4226E-04  6.8355E-05  2.6999E-05  0.0000E+00  0.0000E+00  2.4889E-02  0.0000E+00
  1.2000E+01  6.1528E-06  8.4226E-04  6.8355E-05  2.6999E-05  0.0000E+00  0.0000E+00  2.4889E-02  0.0000E+00
  1.3000E+01  6.1528E-06  8.4226E-04  6.8355E-05  2.7264E-05  0.0000E+00  0.0000E+00  3.4626E-02  0.0000E+00
  1.3000E+01  6.1528E-06  8.4226E-04  6.8355E-05  2.7264E-05  0.0000E+00  0.0000E+00  3.4626E-02  0.0000E+00
  1.4000E+01  6.1528E-06  8.4226E-04  6.8355E-05  3.2365E-05  0.0000E+00  0.0000E+00  2.0615E-01  0.0000E+00
  1.4000E+01  6.1528E-06  8.4226E-04  6.8355E-05  3.2365E-05  0.0000E+00  0.0000E+00  2.0615E-01  0.0000E+00
  1.5000E+01  6.1528E-06  8.4226E-04  6.8355E-05  3.3197E-05  0.0000E+00  0.0000E+00  2.3155E-01  0.0000E+00
  1.5000E+01  6.1528E-06  8.4226E-04  6.8355E-05  3.3197E-05  0.0000E+00  0.0000E+00  2.3155E-01  0.0000E+00
  1.6000E+01  6.1528E-06  8.4226E-04  6.8355E-05  2.5829E-07  0.0000E+00  0.0000E+00 -4.6246E+00  0.0000E+00
  1.6000E+01  6.1528E-06  8.4226E-04  6.8355E-05  2.5829E-07  0.0000E+00  0.0000E+00 -4.6246E+00  0.0000E+00
  1.7000E+01  6.1528E-06  8.4226E-04  6.8355E-05  2.3793E-07  0.0000E+00  0.0000E+00 -4.7067E+00  0.0000E+00
  1.7000E+01  6.1528E-06  8.4226E-04  6.8355E-05  2.3793E-07  0.0000E+00  0.0000E+00 -4.7067E+00  0.0000E+00
  1.8000E+01  6.1528E-06  8.4226E-04  6.8355E-05  1.8289E-05  0.0000E+00  0.0000E+00 -3.6465E-01  0.0000E+00
  1.8000E+01  6.1528E-06  8.4226E-04  6.8355E-05  1.8289E-05  0.0000E+00  0.0000E+00 -3.6465E-01  0.0000E+00
  1.9000E+01  6.1528E-06  8.4226E-04  6.8355E-05  1.1554E-05  0.0000E+00  0.0000E+00 -8.2388E-01  0.0000E+00
  1.9000E+01  6.1528E-06  8.4226E-04  6.8355E-05  1.1554E-05  0.0000E+00  0.0000E+00 -8.2388E-01  0.0000E+00
  2.0000E+01  6.1528E-06  8.4226E-04  6.8355E-05  7.2779E-07  0.0000E+00  0.0000E+00 -3.5887E+00  0.0000E+00
  2.0000E+01  6.1528E-06  8.4226E-04  6.8355E-05  7.2779E-07  0.0000E+00  0.0000E+00 -3.5887E+00  0.0000E+00
  1.0100E+02  6.1528E-06  8.4226E-04  6.8355E-05  2.6620E-05  0.0000E+00  0.0000E+00  1.0739E-02  0.0000E+00
  1.0100E+02  6.1528E-06  8.4226E-04  6.8355E-05  2.6620E-05  0.0000E+00  0.0000E+00  1.0739E-02  0.0000E+00
  1.0200E+02  6.1528E-06  8.4226E-04  6.8355E-05  2.7075E-05  0.0000E+00  0.0000E+00  2.7672E-02  0.0000E+00
  1.0200E+02  6.1528E-06  8.4226E-04  6.8355E-05  2.7075E-05  0.0000E+00  0.0000E+00  2.7672E-02  0.0000E+00
  1.0300E+02  6.1528E-06  8.4226E-04  6.8355E-05  2.8104E-05  0.0000E+00  0.0000E+00  6.4967E-02  0.0000E+00
  1.0300E+02  6.1528E-06  8.4226E-04  6.8355E-05  2.8104E-05  0.0000E+00  0.0000E+00  6.4967E-02  0.0000E+00
  1.0400E+02  6.1528E-06  8.4226E-04  6.8355E-05  2.2796E-05  0.0000E+00  0.0000E+00 -1.4434E-01  0.0000E+00
  1.0400E+02  6.1528E-06  8.4226E-04  6.8355E-05  2.2796E-05  0.0000E+00  0.0000E+00 -1.4434E-01  0.0000E+00
  1.0500E+02  6.1528E-06  8.4226E-04  6.8355E-05  2.7732E-05  0.0000E+00  0.0000E+00  5.1665E-02  0.0000E+00
  1.0500E+02  6.1528E-06  8.4226E-04  6.8355E-05  2.7732E-05  0.0000E+00  0.0000E+00  5.1665E-02  0.0000E+00
  1.0600E+02  6.1528E-06  8.4226E-04  6.8355E-05  3.9584E-05  0.0000E+00  0.0000E+00  4.0750E-01  0.0000E+00
  1.0600E+02  6.1528E-06  8.4226E-04  6.8355E-05  3.9584E-05  0.0000E+00  0.0000E+00  4.0750E-01  0.0000E+00
  1.0700E+02  6.1528E-06  8.4226E-04  6.8355E-05  2.1973E-05  0.0000E+00  0.0000E+00 -1.8110E-01  0.0000E+00
  1.0700E+02  6.1528E-06  8.4226E-04  6.8355E-05  2.1973E-05  0.0000E+00  0.0000E+00 -1.8110E-01  0.0000E+00
  1.0800E+02  6.1528E-06  8.4226E-04  6.8355E-05  4.5913E-05  0.0000E+00  0.0000E+00  5.5583E-01  0.0000E+00
  1.0800E+02  6.1528E-06  8.4226E-04  6.8355E-05  4.5913E-05  0.0000E+00  0.0000E+00  5.5583E-01  0.0000E+00
  1.0900E+02  6.1528E-06  8.4226E-04  6.8355E-05  4.6278E-05  0.0000E+00  0.0000E+00  5.6374E-01  0.0000E+00
  1.0900E+02  6.1528E-06  8.4226E-04  6.8355E-05  4.6278E-05  0.0000E+00  0.0000E+00  5.6374E-01  0.0000E+00
  1.1000E+02  6.1528E-06  8.4226E-04  6.8355E-05  1.8620E-05  0.0000E+00  0.0000E+00 -3.4666E-01  0.0000E+00
  1.1000E+02  6.1528E-06  8.4226E-04  6.8355E-05  1.8620E-05  0.0000E+00  0.0000E+00 -3.4666E-01  0.0000E+00
  1.1100E+02  6.1528E-06  8.4226E-04  6.8355E-05  2.5935E-05  0.0000E+00  0.0000E+00 -1.5325E-02  0.0000E+00
  1.1100E+02  6.1528E-06  8.4226E-04  6.8355E-05  2.5935E-05  0.0000E+00  0.0000E+00 -1.5325E-02  0.0000E+00
  1.1200E+02  6.1528E-06  8.4226E-04  6.8355E-05  2.5399E-05  0.0000E+00  0.0000E+00 -3.6201E-02  0.0000E+00
  1.1200E+02  6.1528E-06  8.4226E-04  6.8355E-05  2.5399E-05  0.0000E+00  0.0000E+00 -3.6201E-02  0.0000E+00
  1.1300E+02  6.1528E-06  8.4226E-04  6.8355E-05  3.4405E-05  0.0000E+00  0.0000E+00  2.6729E-01  0.0000E+00
  1.1300E+02  6.1528E-06  8.4226E-04  6.8355E-05  3.4405E-05  0.0000E+00  0.0000E+00  2.6729E-01  0.0000E+00
  1.1400E+02  6.1528E-06  8.4226E-04  6.8355E-05  1.2942E-05  0.0000E+00  0.0000E+00 -7.1044E-01  0.0000E+00
  1.1400E+02  6.1528E-06  8.4226E-04  6.8355E-05  1.2942E-05  0.0000E+00  0.0000E+00 -7.1044E-01  0.0000E+00
  1.1500E+02  6.1528E-06  8.4226E-04  6.8355E-05  3.1389E-05  0.0000E+00  0.0000E+00  1.7554E-01  0.0000E+00
  1.1500E+02  6.1528E-06  8.4226E-04  6.8355E-05  3.1389E-05  0.0000E+00  0.0000E+00  1.7554E-01  0.0000E+00
  1.1600E+02  6.1528E-06  8.4226E-04  6.8355E-05  4.0139E-05  0.0000E+00  0.0000E+00  4.2141E-01  0.0000E+00
  1.1600E+02  6.1528E-06  8.4226E-04  6.8355E-05  4.0139E-05  0.0000E+00  0.0000E+00  4.2141E-01  0.0000E+00
  1.1700E+02  6.1528E-06  8.4226E-04  6.8355E-05  4.0054E-05  0.0000E+00  0.0000E+00  4.1930E-01  0.0000E+00
  1.1700E+02  6.1528E-06  8.4226E-04  6.8355E-05  4.0054E-05  0.0000E+00  0.0000E+00  4.1930E-01  0.0000E+00
  1.1800E+02  6.1528E-06  8.4226E-04  6.8355E-05  4.6720E-05  0.0000E+00  0.0000E+00  5.7324E-01  0.0000E+00
  1.1800E+02  6.1528E-06  8.4226E-04  6.8355E-05  4.6720E-05  0.0000E+00  0.0000E+00  5.7324E-01  0.0000E+00
  1.1900E+02  6.1528E-06  8.4226E-04  6.8355E-05  3.7655E-05  0.0000E+00  0.0000E+00  3.5754E-01  0.0000E+00
  1.1900E+02  6.1528E-06  8.4226E-04  6.8355E-05  3.7655E-05  0.0000E+00  0.0000E+00  3.5754E-01  0.0000E+00
  1.2000E+02  6.1528E-06  8.4226E-04  6.8355E-05  3.6377E-05  0.0000E+00  0.0000E+00  3.2300E-01  0.0000E+00
  1.2000E+02  6.1528E-06  8.4226E-04  6.8355E-05  3.6377E-05  0.0000E+00  0.0000E+00  3.2300E-01  0.0000E+00
