TABLE NO.  1
 ID          TIME        DV          MDV         CMT         AMT         LEFT        SITE        DAY         WEEK        IWRES       IRES        IPRED       CWRES       DV          PRED        RES         WRES
  1.0000E+00  0.0000E+00  0.0000E+00  1.0000E+00  1.0000E+00  6.0000E-01  0.0000E+00  2.0000E+00  0.0000E+00  0.0000E+00 -1.8160E+00 -5.3909E+05  5.3909E+05  0.0000E+00  0.0000E+00  5.3909E+05  0.0000E+00  0.0000E+00
  1.0000E+00  3.3600E+02  4.2240E+04  0.0000E+00  1.0000E+00  0.0000E+00  1.0000E+00  2.0000E+00  1.5000E+01  2.0000E+00 -6.1395E-01 -2.1575E+04  6.3815E+04 -6.1395E-01  4.2240E+04  6.3815E+04 -2.1575E+04 -6.1395E-01
  2.0000E+00  0.0000E+00  0.0000E+00  1.0000E+00  1.0000E+00  6.0000E-01  0.0000E+00  2.0000E+00  0.0000E+00  0.0000E+00 -1.8160E+00 -5.3909E+05  5.3909E+05  0.0000E+00  0.0000E+00  5.3909E+05  0.0000E+00  0.0000E+00
  2.0000E+00  3.3600E+02  7.5107E+04  0.0000E+00  1.0000E+00  0.0000E+00  1.0000E+00  2.0000E+00  1.5000E+01  2.0000E+00  3.2131E-01  1.1291E+04  6.3815E+04  3.2131E-01  7.5107E+04  6.3815E+04  1.1291E+04  3.2131E-01
  3.0000E+00  0.0000E+00  0.0000E+00  1.0000E+00  1.0000E+00  6.0000E-01  0.0000E+00  2.0000E+00  0.0000E+00  0.0000E+00 -1.8160E+00 -5.3909E+05  5.3909E+05  0.0000E+00  0.0000E+00  5.3909E+05  0.0000E+00  0.0000E+00
  3.0000E+00  6.7200E+02  1.2155E+04  0.0000E+00  1.0000E+00  0.0000E+00  1.0000E+00  2.0000E+00  2.9000E+01  4.0000E+00  1.1059E+00  4.6003E+03  7.5542E+03  1.1059E+00  1.2155E+04  7.5542E+03  4.6003E+03  1.1059E+00
  4.0000E+00  0.0000E+00  0.0000E+00  1.0000E+00  1.0000E+00  6.0000E-01  0.0000E+00  2.0000E+00  0.0000E+00  0.0000E+00 -1.8160E+00 -5.3909E+05  5.3909E+05  0.0000E+00  0.0000E+00  5.3909E+05  0.0000E+00  0.0000E+00
  4.0000E+00  6.7200E+02  8.7923E+03  0.0000E+00  1.0000E+00  0.0000E+00  1.0000E+00  2.0000E+00  2.9000E+01  4.0000E+00  2.9760E-01  1.2380E+03  7.5542E+03  2.9760E-01  8.7923E+03  7.5542E+03  1.2380E+03  2.9760E-01
  5.0000E+00  0.0000E+00  0.0000E+00  1.0000E+00  1.0000E+00  6.0000E-01  0.0000E+00  2.0000E+00  0.0000E+00  0.0000E+00 -1.8160E+00 -5.3909E+05  5.3909E+05  0.0000E+00  0.0000E+00  5.3909E+05  0.0000E+00  0.0000E+00
  5.0000E+00  6.7200E+02  0.0000E+00  1.0000E+00  1.0000E+00  0.0000E+00  1.0000E+00  2.0000E+00  2.9000E+01  4.0000E+00 -1.8160E+00 -7.5542E+03  7.5542E+03  0.0000E+00  0.0000E+00  7.5542E+03  0.0000E+00  0.0000E+00
  6.0000E+00  0.0000E+00  0.0000E+00  1.0000E+00  1.0000E+00  6.0000E-01  0.0000E+00  2.0000E+00  0.0000E+00  0.0000E+00 -1.8160E+00 -5.3909E+05  5.3909E+05  0.0000E+00  0.0000E+00  5.3909E+05  0.0000E+00  0.0000E+00
  6.0000E+00  1.0080E+03  8.5126E+02  0.0000E+00  1.0000E+00  0.0000E+00  1.0000E+00  2.0000E+00  4.3000E+01  6.0000E+00 -8.7285E-02 -4.2982E+01  8.9424E+02 -8.7285E-02  8.5126E+02  8.9424E+02 -4.2982E+01 -8.7285E-02
  7.0000E+00  0.0000E+00  0.0000E+00  1.0000E+00  1.0000E+00  6.0000E-01  0.0000E+00  2.0000E+00  0.0000E+00  0.0000E+00 -1.8160E+00 -5.3909E+05  5.3909E+05  0.0000E+00  0.0000E+00  5.3909E+05  0.0000E+00  0.0000E+00
  7.0000E+00  1.0080E+03  2.7002E+03  0.0000E+00  1.0000E+00  0.0000E+00  1.0000E+00  2.0000E+00  4.3000E+01  6.0000E+00  3.6674E+00  1.8060E+03  8.9424E+02  3.6674E+00  2.7002E+03  8.9424E+02  1.8060E+03  3.6674E+00
  8.0000E+00  0.0000E+00  0.0000E+00  1.0000E+00  1.0000E+00  6.0000E-01  0.0000E+00  2.0000E+00  0.0000E+00  0.0000E+00 -1.8160E+00 -5.3909E+05  5.3909E+05  0.0000E+00  0.0000E+00  5.3909E+05  0.0000E+00  0.0000E+00
  8.0000E+00  1.3440E+03  1.8114E+01  0.0000E+00  1.0000E+00  0.0000E+00  1.0000E+00  2.0000E+00  5.7000E+01  8.0000E+00 -1.5052E+00 -8.7744E+01  1.0586E+02 -1.5052E+00  1.8114E+01  1.0586E+02 -8.7744E+01 -1.5052E+00
  9.0000E+00  0.0000E+00  0.0000E+00  1.0000E+00  1.0000E+00  6.0000E-01  0.0000E+00  2.0000E+00  0.0000E+00  0.0000E+00 -1.8160E+00 -5.3909E+05  5.3909E+05  0.0000E+00  0.0000E+00  5.3909E+05  0.0000E+00  0.0000E+00
  9.0000E+00  1.3440E+03  8.3834E+01  0.0000E+00  1.0000E+00  0.0000E+00  1.0000E+00  2.0000E+00  5.7000E+01  8.0000E+00 -3.7780E-01 -2.2023E+01  1.0586E+02 -3.7780E-01  8.3834E+01  1.0586E+02 -2.2023E+01 -3.7780E-01
  1.0000E+01  0.0000E+00  0.0000E+00  1.0000E+00  1.0000E+00  6.0000E-01  0.0000E+00  2.0000E+00  0.0000E+00  0.0000E+00 -1.8160E+00 -5.3909E+05  5.3909E+05  0.0000E+00  0.0000E+00  5.3909E+05  0.0000E+00  0.0000E+00
  1.0000E+01  1.3440E+03  1.3938E+02  0.0000E+00  1.0000E+00  0.0000E+00  1.0000E+00  2.0000E+00  5.7000E+01  8.0000E+00  5.7499E-01  3.3518E+01  1.0586E+02  5.7499E-01  1.3938E+02  1.0586E+02  3.3518E+01  5.7499E-01
  1.1000E+01  0.0000E+00  0.0000E+00  1.0000E+00  1.0000E+00  6.0000E-01  1.0000E+00  2.0000E+00  0.0000E+00  0.0000E+00 -1.8160E+00 -5.3909E+05  5.3909E+05  0.0000E+00  0.0000E+00  5.3909E+05  0.0000E+00  0.0000E+00
  1.1000E+01  3.3600E+02  8.9013E+04  0.0000E+00  1.0000E+00  0.0000E+00  0.0000E+00  2.0000E+00  1.5000E+01  2.0000E+00  7.1704E-01  2.5198E+04  6.3815E+04  7.1704E-01  8.9013E+04  6.3815E+04  2.5198E+04  7.1704E-01
  1.2000E+01  0.0000E+00  0.0000E+00  1.0000E+00  1.0000E+00  6.0000E-01  1.0000E+00  2.0000E+00  0.0000E+00  0.0000E+00 -1.8160E+00 -5.3909E+05  5.3909E+05  0.0000E+00  0.0000E+00  5.3909E+05  0.0000E+00  0.0000E+00
  1.2000E+01  3.3600E+02  5.4967E+04  0.0000E+00  1.0000E+00  0.0000E+00  0.0000E+00  2.0000E+00  1.5000E+01  2.0000E+00 -2.5181E-01 -8.8489E+03  6.3815E+04 -2.5181E-01  5.4967E+04  6.3815E+04 -8.8489E+03 -2.5181E-01
  1.3000E+01  0.0000E+00  0.0000E+00  1.0000E+00  1.0000E+00  6.0000E-01  1.0000E+00  2.0000E+00  0.0000E+00  0.0000E+00 -1.8160E+00 -5.3909E+05  5.3909E+05  0.0000E+00  0.0000E+00  5.3909E+05  0.0000E+00  0.0000E+00
  1.3000E+01  6.7200E+02  7.5606E+03  0.0000E+00  1.0000E+00  0.0000E+00  0.0000E+00  2.0000E+00  2.9000E+01  4.0000E+00  1.5340E-03  6.3813E+00  7.5542E+03  1.5340E-03  7.5606E+03  7.5542E+03  6.3813E+00  1.5340E-03
  1.4000E+01  0.0000E+00  0.0000E+00  1.0000E+00  1.0000E+00  6.0000E-01  1.0000E+00  2.0000E+00  0.0000E+00  0.0000E+00 -1.8160E+00 -5.3909E+05  5.3909E+05  0.0000E+00  0.0000E+00  5.3909E+05  0.0000E+00  0.0000E+00
  1.4000E+01  6.7200E+02  5.8805E+03  0.0000E+00  1.0000E+00  0.0000E+00  0.0000E+00  2.0000E+00  2.9000E+01  4.0000E+00 -4.0235E-01 -1.6737E+03  7.5542E+03 -4.0235E-01  5.8805E+03  7.5542E+03 -1.6737E+03 -4.0235E-01
  1.5000E+01  0.0000E+00  0.0000E+00  1.0000E+00  1.0000E+00  6.0000E-01  1.0000E+00  2.0000E+00  0.0000E+00  0.0000E+00 -1.8160E+00 -5.3909E+05  5.3909E+05  0.0000E+00  0.0000E+00  5.3909E+05  0.0000E+00  0.0000E+00
  1.5000E+01  6.7200E+02  1.6131E+03  0.0000E+00  1.0000E+00  0.0000E+00  0.0000E+00  2.0000E+00  2.9000E+01  4.0000E+00 -1.4282E+00 -5.9411E+03  7.5542E+03 -1.4282E+00  1.6131E+03  7.5542E+03 -5.9411E+03 -1.4282E+00
  1.6000E+01  0.0000E+00  0.0000E+00  1.0000E+00  1.0000E+00  6.0000E-01  1.0000E+00  2.0000E+00  0.0000E+00  0.0000E+00 -1.8160E+00 -5.3909E+05  5.3909E+05  0.0000E+00  0.0000E+00  5.3909E+05  0.0000E+00  0.0000E+00
  1.6000E+01  1.0080E+03  1.8740E+03  0.0000E+00  1.0000E+00  0.0000E+00  0.0000E+00  2.0000E+00  4.3000E+01  6.0000E+00  1.9895E+00  9.7972E+02  8.9424E+02  1.9895E+00  1.8740E+03  8.9424E+02  9.7972E+02  1.9895E+00
  1.7000E+01  0.0000E+00  0.0000E+00  1.0000E+00  1.0000E+00  6.0000E-01  1.0000E+00  2.0000E+00  0.0000E+00  0.0000E+00 -1.8160E+00 -5.3909E+05  5.3909E+05  0.0000E+00  0.0000E+00  5.3909E+05  0.0000E+00  0.0000E+00
  1.7000E+01  1.0080E+03  2.0616E+03  0.0000E+00  1.0000E+00  0.0000E+00  0.0000E+00  2.0000E+00  4.3000E+01  6.0000E+00  2.3706E+00  1.1674E+03  8.9424E+02  2.3706E+00  2.0616E+03  8.9424E+02  1.1674E+03  2.3706E+00
  1.8000E+01  0.0000E+00  0.0000E+00  1.0000E+00  1.0000E+00  6.0000E-01  1.0000E+00  2.0000E+00  0.0000E+00  0.0000E+00 -1.8160E+00 -5.3909E+05  5.3909E+05  0.0000E+00  0.0000E+00  5.3909E+05  0.0000E+00  0.0000E+00
  1.8000E+01  1.3440E+03  8.9043E+01  0.0000E+00  1.0000E+00  0.0000E+00  0.0000E+00  2.0000E+00  5.7000E+01  8.0000E+00 -2.8845E-01 -1.6814E+01  1.0586E+02 -2.8845E-01  8.9043E+01  1.0586E+02 -1.6814E+01 -2.8845E-01
  1.9000E+01  0.0000E+00  0.0000E+00  1.0000E+00  1.0000E+00  6.0000E-01  1.0000E+00  2.0000E+00  0.0000E+00  0.0000E+00 -1.8160E+00 -5.3909E+05  5.3909E+05  0.0000E+00  0.0000E+00  5.3909E+05  0.0000E+00  0.0000E+00
  1.9000E+01  1.3440E+03  9.1735E+01  0.0000E+00  1.0000E+00  0.0000E+00  0.0000E+00  2.0000E+00  5.7000E+01  8.0000E+00 -2.4226E-01 -1.4122E+01  1.0586E+02 -2.4226E-01  9.1735E+01  1.0586E+02 -1.4122E+01 -2.4226E-01
  2.0000E+01  0.0000E+00  0.0000E+00  1.0000E+00  1.0000E+00  6.0000E-01  1.0000E+00  2.0000E+00  0.0000E+00  0.0000E+00 -1.8160E+00 -5.3909E+05  5.3909E+05  0.0000E+00  0.0000E+00  5.3909E+05  0.0000E+00  0.0000E+00
  2.0000E+01  1.3440E+03  1.4429E+02  0.0000E+00  1.0000E+00  0.0000E+00  0.0000E+00  2.0000E+00  5.7000E+01  8.0000E+00  6.5925E-01  3.8430E+01  1.0586E+02  6.5925E-01  1.4429E+02  1.0586E+02  3.8430E+01  6.5925E-01
  1.0100E+02  0.0000E+00  0.0000E+00  1.0000E+00  1.0000E+00  1.2000E+00  0.0000E+00  2.0000E+00  0.0000E+00  0.0000E+00 -1.8160E+00 -1.0782E+06  1.0782E+06  0.0000E+00  0.0000E+00  1.0782E+06  0.0000E+00  0.0000E+00
  1.0100E+02  3.3600E+02  1.3594E+05  0.0000E+00  1.0000E+00  0.0000E+00  1.0000E+00  2.0000E+00  1.5000E+01  2.0000E+00  1.1827E-01  8.3123E+03  1.2763E+05  1.1827E-01  1.3594E+05  1.2763E+05  8.3123E+03  1.1827E-01
  1.0200E+02  0.0000E+00  0.0000E+00  1.0000E+00  1.0000E+00  1.2000E+00  0.0000E+00  2.0000E+00  0.0000E+00  0.0000E+00 -1.8160E+00 -1.0782E+06  1.0782E+06  0.0000E+00  0.0000E+00  1.0782E+06  0.0000E+00  0.0000E+00
  1.0200E+02  3.3600E+02  1.0246E+05  0.0000E+00  1.0000E+00  0.0000E+00  1.0000E+00  2.0000E+00  1.5000E+01  2.0000E+00 -3.5808E-01 -2.5167E+04  1.2763E+05 -3.5808E-01  1.0246E+05  1.2763E+05 -2.5167E+04 -3.5808E-01
  1.0300E+02  0.0000E+00  0.0000E+00  1.0000E+00  1.0000E+00  1.2000E+00  0.0000E+00  2.0000E+00  0.0000E+00  0.0000E+00 -1.8160E+00 -1.0782E+06  1.0782E+06  0.0000E+00  0.0000E+00  1.0782E+06  0.0000E+00  0.0000E+00
  1.0300E+02  6.7200E+02  1.4701E+04  0.0000E+00  1.0000E+00  0.0000E+00  1.0000E+00  2.0000E+00  2.9000E+01  4.0000E+00 -4.9019E-02 -4.0783E+02  1.5108E+04 -4.9019E-02  1.4701E+04  1.5108E+04 -4.0783E+02 -4.9019E-02
  1.0400E+02  0.0000E+00  0.0000E+00  1.0000E+00  1.0000E+00  1.2000E+00  0.0000E+00  2.0000E+00  0.0000E+00  0.0000E+00 -1.8160E+00 -1.0782E+06  1.0782E+06  0.0000E+00  0.0000E+00  1.0782E+06  0.0000E+00  0.0000E+00
  1.0400E+02  6.7200E+02  1.6894E+04  0.0000E+00  1.0000E+00  0.0000E+00  1.0000E+00  2.0000E+00  2.9000E+01  4.0000E+00  2.1461E-01  1.7855E+03  1.5108E+04  2.1461E-01  1.6894E+04  1.5108E+04  1.7855E+03  2.1461E-01
  1.0500E+02  0.0000E+00  0.0000E+00  1.0000E+00  1.0000E+00  1.2000E+00  0.0000E+00  2.0000E+00  0.0000E+00  0.0000E+00 -1.8160E+00 -1.0782E+06  1.0782E+06  0.0000E+00  0.0000E+00  1.0782E+06  0.0000E+00  0.0000E+00
  1.0500E+02  6.7200E+02  1.4891E+04  0.0000E+00  1.0000E+00  0.0000E+00  1.0000E+00  2.0000E+00  2.9000E+01  4.0000E+00 -2.6152E-02 -2.1758E+02  1.5108E+04 -2.6152E-02  1.4891E+04  1.5108E+04 -2.1758E+02 -2.6152E-02
  1.0600E+02  0.0000E+00  0.0000E+00  1.0000E+00  1.0000E+00  1.2000E+00  0.0000E+00  2.0000E+00  0.0000E+00  0.0000E+00 -1.8160E+00 -1.0782E+06  1.0782E+06  0.0000E+00  0.0000E+00  1.0782E+06  0.0000E+00  0.0000E+00
  1.0600E+02  1.0080E+03  1.0314E+03  0.0000E+00  1.0000E+00  0.0000E+00  1.0000E+00  2.0000E+00  4.3000E+01  6.0000E+00 -7.6876E-01 -7.5713E+02  1.7885E+03 -7.6876E-01  1.0314E+03  1.7885E+03 -7.5713E+02 -7.6876E-01
  1.0700E+02  0.0000E+00  0.0000E+00  1.0000E+00  1.0000E+00  1.2000E+00  0.0000E+00  2.0000E+00  0.0000E+00  0.0000E+00 -1.8160E+00 -1.0782E+06  1.0782E+06  0.0000E+00  0.0000E+00  1.0782E+06  0.0000E+00  0.0000E+00
  1.0700E+02  1.0080E+03  1.7030E+03  0.0000E+00  1.0000E+00  0.0000E+00  1.0000E+00  2.0000E+00  4.3000E+01  6.0000E+00 -8.6831E-02 -8.5517E+01  1.7885E+03 -8.6831E-02  1.7030E+03  1.7885E+03 -8.5517E+01 -8.6831E-02
  1.0800E+02  0.0000E+00  0.0000E+00  1.0000E+00  1.0000E+00  1.2000E+00  0.0000E+00  2.0000E+00  0.0000E+00  0.0000E+00 -1.8160E+00 -1.0782E+06  1.0782E+06  0.0000E+00  0.0000E+00  1.0782E+06  0.0000E+00  0.0000E+00
  1.0800E+02  1.3440E+03  9.6058E+01  0.0000E+00  1.0000E+00  0.0000E+00  1.0000E+00  2.0000E+00  5.7000E+01  8.0000E+00 -9.9203E-01 -1.1566E+02  2.1172E+02 -9.9203E-01  9.6058E+01  2.1172E+02 -1.1566E+02 -9.9203E-01
  1.0900E+02  0.0000E+00  0.0000E+00  1.0000E+00  1.0000E+00  1.2000E+00  0.0000E+00  2.0000E+00  0.0000E+00  0.0000E+00 -1.8160E+00 -1.0782E+06  1.0782E+06  0.0000E+00  0.0000E+00  1.0782E+06  0.0000E+00  0.0000E+00
  1.0900E+02  1.3440E+03  9.1258E+01  0.0000E+00  1.0000E+00  0.0000E+00  1.0000E+00  2.0000E+00  5.7000E+01  8.0000E+00 -1.0332E+00 -1.2046E+02  2.1172E+02 -1.0332E+00  9.1258E+01  2.1172E+02 -1.2046E+02 -1.0332E+00
  1.1000E+02  0.0000E+00  0.0000E+00  1.0000E+00  1.0000E+00  1.2000E+00  0.0000E+00  2.0000E+00  0.0000E+00  0.0000E+00 -1.8160E+00 -1.0782E+06  1.0782E+06  0.0000E+00  0.0000E+00  1.0782E+06  0.0000E+00  0.0000E+00
  1.1000E+02  1.3440E+03  1.7773E+02  0.0000E+00  1.0000E+00  0.0000E+00  1.0000E+00  2.0000E+00  5.7000E+01  8.0000E+00 -2.9151E-01 -3.3986E+01  2.1172E+02 -2.9151E-01  1.7773E+02  2.1172E+02 -3.3986E+01 -2.9151E-01
  1.1100E+02  0.0000E+00  0.0000E+00  1.0000E+00  1.0000E+00  1.2000E+00  1.0000E+00  2.0000E+00  0.0000E+00  0.0000E+00 -1.8160E+00 -1.0782E+06  1.0782E+06  0.0000E+00  0.0000E+00  1.0782E+06  0.0000E+00  0.0000E+00
  1.1100E+02  3.3600E+02  1.6647E+05  0.0000E+00  1.0000E+00  0.0000E+00  0.0000E+00  2.0000E+00  1.5000E+01  2.0000E+00  5.5261E-01  3.8839E+04  1.2763E+05  5.5261E-01  1.6647E+05  1.2763E+05  3.8839E+04  5.5261E-01
  1.1200E+02  0.0000E+00  0.0000E+00  1.0000E+00  1.0000E+00  1.2000E+00  1.0000E+00  2.0000E+00  0.0000E+00  0.0000E+00 -1.8160E+00 -1.0782E+06  1.0782E+06  0.0000E+00  0.0000E+00  1.0782E+06  0.0000E+00  0.0000E+00
  1.1200E+02  3.3600E+02  1.8462E+05  0.0000E+00  1.0000E+00  0.0000E+00  0.0000E+00  2.0000E+00  1.5000E+01  2.0000E+00  8.1084E-01  5.6988E+04  1.2763E+05  8.1084E-01  1.8462E+05  1.2763E+05  5.6988E+04  8.1084E-01
  1.1300E+02  0.0000E+00  0.0000E+00  1.0000E+00  1.0000E+00  1.2000E+00  1.0000E+00  2.0000E+00  0.0000E+00  0.0000E+00 -1.8160E+00 -1.0782E+06  1.0782E+06  0.0000E+00  0.0000E+00  1.0782E+06  0.0000E+00  0.0000E+00
  1.1300E+02  6.7200E+02  8.8602E+03  0.0000E+00  1.0000E+00  0.0000E+00  0.0000E+00  2.0000E+00  2.9000E+01  4.0000E+00 -7.5101E-01 -6.2483E+03  1.5108E+04 -7.5101E-01  8.8602E+03  1.5108E+04 -6.2483E+03 -7.5101E-01
  1.1400E+02  0.0000E+00  0.0000E+00  1.0000E+00  1.0000E+00  1.2000E+00  1.0000E+00  2.0000E+00  0.0000E+00  0.0000E+00 -1.8160E+00 -1.0782E+06  1.0782E+06  0.0000E+00  0.0000E+00  1.0782E+06  0.0000E+00  0.0000E+00
  1.1400E+02  6.7200E+02  1.8939E+04  0.0000E+00  1.0000E+00  0.0000E+00  0.0000E+00  2.0000E+00  2.9000E+01  4.0000E+00  4.6046E-01  3.8310E+03  1.5108E+04  4.6046E-01  1.8939E+04  1.5108E+04  3.8310E+03  4.6046E-01
  1.1500E+02  0.0000E+00  0.0000E+00  1.0000E+00  1.0000E+00  1.2000E+00  1.0000E+00  2.0000E+00  0.0000E+00  0.0000E+00 -1.8160E+00 -1.0782E+06  1.0782E+06  0.0000E+00  0.0000E+00  1.0782E+06  0.0000E+00  0.0000E+00
  1.1500E+02  6.7200E+02  1.2609E+04  0.0000E+00  1.0000E+00  0.0000E+00  0.0000E+00  2.0000E+00  2.9000E+01  4.0000E+00 -3.0039E-01 -2.4992E+03  1.5108E+04 -3.0039E-01  1.2609E+04  1.5108E+04 -2.4992E+03 -3.0039E-01
  1.1600E+02  0.0000E+00  0.0000E+00  1.0000E+00  1.0000E+00  1.2000E+00  1.0000E+00  2.0000E+00  0.0000E+00  0.0000E+00 -1.8160E+00 -1.0782E+06  1.0782E+06  0.0000E+00  0.0000E+00  1.0782E+06  0.0000E+00  0.0000E+00
  1.1600E+02  1.0080E+03  9.7019E+02  0.0000E+00  1.0000E+00  0.0000E+00  0.0000E+00  2.0000E+00  4.3000E+01  6.0000E+00 -8.3086E-01 -8.1829E+02  1.7885E+03 -8.3086E-01  9.7019E+02  1.7885E+03 -8.1829E+02 -8.3086E-01
  1.1700E+02  0.0000E+00  0.0000E+00  1.0000E+00  1.0000E+00  1.2000E+00  1.0000E+00  2.0000E+00  0.0000E+00  0.0000E+00 -1.8160E+00 -1.0782E+06  1.0782E+06  0.0000E+00  0.0000E+00  1.0782E+06  0.0000E+00  0.0000E+00
  1.1700E+02  1.0080E+03  9.8057E+02  0.0000E+00  1.0000E+00  0.0000E+00  0.0000E+00  2.0000E+00  4.3000E+01  6.0000E+00 -8.2033E-01 -8.0792E+02  1.7885E+03 -8.2033E-01  9.8057E+02  1.7885E+03 -8.0792E+02 -8.2033E-01
  1.1800E+02  0.0000E+00  0.0000E+00  1.0000E+00  1.0000E+00  1.2000E+00  1.0000E+00  2.0000E+00  0.0000E+00  0.0000E+00 -1.8160E+00 -1.0782E+06  1.0782E+06  0.0000E+00  0.0000E+00  1.0782E+06  0.0000E+00  0.0000E+00
  1.1800E+02  1.3440E+03  8.1596E+01  0.0000E+00  1.0000E+00  0.0000E+00  0.0000E+00  2.0000E+00  5.7000E+01  8.0000E+00 -1.1161E+00 -1.3012E+02  2.1172E+02 -1.1161E+00  8.1596E+01  2.1172E+02 -1.3012E+02 -1.1161E+00
  1.1900E+02  0.0000E+00  0.0000E+00  1.0000E+00  1.0000E+00  1.2000E+00  1.0000E+00  2.0000E+00  0.0000E+00  0.0000E+00 -1.8160E+00 -1.0782E+06  1.0782E+06  0.0000E+00  0.0000E+00  1.0782E+06  0.0000E+00  0.0000E+00
  1.1900E+02  1.3440E+03  1.3986E+02  0.0000E+00  1.0000E+00  0.0000E+00  0.0000E+00  2.0000E+00  5.7000E+01  8.0000E+00 -6.1634E-01 -7.1857E+01  2.1172E+02 -6.1634E-01  1.3986E+02  2.1172E+02 -7.1857E+01 -6.1634E-01
  1.2000E+02  0.0000E+00  0.0000E+00  1.0000E+00  1.0000E+00  1.2000E+00  1.0000E+00  2.0000E+00  0.0000E+00  0.0000E+00 -1.8160E+00 -1.0782E+06  1.0782E+06  0.0000E+00  0.0000E+00  1.0782E+06  0.0000E+00  0.0000E+00
  1.2000E+02  1.3440E+03  1.4386E+02  0.0000E+00  1.0000E+00  0.0000E+00  0.0000E+00  2.0000E+00  5.7000E+01  8.0000E+00 -5.8200E-01 -6.7854E+01  2.1172E+02 -5.8200E-01  1.4386E+02  2.1172E+02 -6.7854E+01 -5.8200E-01
