TABLE NO.  1
 ID          TIME        DV          MDV         CMT         AMT         LEFT        SITE        DAY         WEEK        IWRES       IRES        IPRED       CWRES       DV          PRED        RES         WRES
  1.0000E+00  0.0000E+00  0.0000E+00  1.0000E+00  1.0000E+00  6.0000E-01  0.0000E+00  2.0000E+00  0.0000E+00  0.0000E+00 -1.0000E+03 -8.4647E+04  8.4647E+04  0.0000E+00  0.0000E+00  3.5605E+03  0.0000E+00  0.0000E+00
  1.0000E+00  3.3600E+02  4.2240E+04  0.0000E+00  1.0000E+00  0.0000E+00  1.0000E+00  2.0000E+00  1.5000E+01  2.0000E+00  1.8816E-03  7.9478E-02  4.2240E+04  1.2110E+00  4.2240E+04  3.2876E+03  3.8953E+04  3.7480E+00
  2.0000E+00  0.0000E+00  0.0000E+00  1.0000E+00  1.0000E+00  6.0000E-01  0.0000E+00  2.0000E+00  0.0000E+00  0.0000E+00 -1.0000E+03 -1.5856E+05  1.5856E+05  0.0000E+00  0.0000E+00  3.5605E+03  0.0000E+00  0.0000E+00
  2.0000E+00  3.3600E+02  7.5107E+04  0.0000E+00  1.0000E+00  0.0000E+00  1.0000E+00  2.0000E+00  1.5000E+01  2.0000E+00  2.2740E-03  1.7080E-01  7.5107E+04  1.6451E+00  7.5107E+04  3.2876E+03  7.1819E+04  6.9104E+00
  3.0000E+00  0.0000E+00  0.0000E+00  1.0000E+00  1.0000E+00  6.0000E-01  0.0000E+00  2.0000E+00  0.0000E+00  0.0000E+00 -1.0000E+03 -2.3191E+04  2.3191E+04  0.0000E+00  0.0000E+00  3.5605E+03  0.0000E+00  0.0000E+00
  3.0000E+00  6.7200E+02  1.2155E+04  0.0000E+00  1.0000E+00  0.0000E+00  1.0000E+00  2.0000E+00  2.9000E+01  4.0000E+00  1.4491E-03  1.7613E-02  1.2155E+04  6.6006E-01  1.2155E+04  3.0356E+03  9.1190E+03  1.0384E+00
  4.0000E+00  0.0000E+00  0.0000E+00  1.0000E+00  1.0000E+00  6.0000E-01  0.0000E+00  2.0000E+00  0.0000E+00  0.0000E+00 -1.0000E+03 -1.5003E+04  1.5003E+04  0.0000E+00  0.0000E+00  3.5605E+03  0.0000E+00  0.0000E+00
  4.0000E+00  6.7200E+02  8.7923E+03  0.0000E+00  1.0000E+00  0.0000E+00  1.0000E+00  2.0000E+00  2.9000E+01  4.0000E+00  1.2621E-03  1.1096E-02  8.7922E+03  4.5565E-01  8.7923E+03  3.0356E+03  5.7567E+03  6.5552E-01
  5.0000E+00  0.0000E+00  0.0000E+00  1.0000E+00  1.0000E+00  6.0000E-01  0.0000E+00  2.0000E+00  0.0000E+00  0.0000E+00 -1.0000E+03 -3.5605E+03  3.5605E+03  0.0000E+00  0.0000E+00  3.5605E+03  0.0000E+00  0.0000E+00
  5.0000E+00  6.7200E+02  0.0000E+00  1.0000E+00  1.0000E+00  0.0000E+00  1.0000E+00  2.0000E+00  2.9000E+01  4.0000E+00 -1.0000E+03 -3.0356E+03  3.0356E+03  0.0000E+00  0.0000E+00  3.0356E+03  0.0000E+00  0.0000E+00
  6.0000E+00  0.0000E+00  0.0000E+00  1.0000E+00  1.0000E+00  6.0000E-01  0.0000E+00  2.0000E+00  0.0000E+00  0.0000E+00 -9.9996E+02 -9.0535E+02  9.0535E+02  0.0000E+00  0.0000E+00  3.5605E+03  0.0000E+00  0.0000E+00
  6.0000E+00  1.0080E+03  8.5126E+02  0.0000E+00  1.0000E+00  0.0000E+00  1.0000E+00  2.0000E+00  4.3000E+01  6.0000E+00  8.7617E-04  7.4588E-04  8.5126E+02 -3.9894E-01  8.5126E+02  2.8029E+03 -1.9516E+03 -2.6476E-01
  7.0000E+00  0.0000E+00  0.0000E+00  1.0000E+00  1.0000E+00  6.0000E-01  0.0000E+00  2.0000E+00  0.0000E+00  0.0000E+00 -1.0000E+03 -3.3933E+03  3.3933E+03  0.0000E+00  0.0000E+00  3.5605E+03  0.0000E+00  0.0000E+00
  7.0000E+00  1.0080E+03  2.7002E+03  0.0000E+00  1.0000E+00  0.0000E+00  1.0000E+00  2.0000E+00  4.3000E+01  6.0000E+00  9.9471E-04  2.6859E-03  2.7002E+03 -1.4091E-02  2.7002E+03  2.8029E+03 -1.0264E+02 -1.3924E-02
  8.0000E+00  0.0000E+00  0.0000E+00  1.0000E+00  1.0000E+00  6.0000E-01  0.0000E+00  2.0000E+00  0.0000E+00  0.0000E+00 -9.1824E+02 -1.8143E+01  1.8143E+01  0.0000E+00  0.0000E+00  3.5605E+03  0.0000E+00  0.0000E+00
  8.0000E+00  1.3440E+03  1.8114E+01  0.0000E+00  1.0000E+00  0.0000E+00  1.0000E+00  2.0000E+00  5.7000E+01  8.0000E+00  4.2938E-04  8.4723E-06  1.8114E+01 -1.5376E+00  1.8114E+01  2.5880E+03 -2.5699E+03 -4.1837E-01
  9.0000E+00  0.0000E+00  0.0000E+00  1.0000E+00  1.0000E+00  6.0000E-01  0.0000E+00  2.0000E+00  0.0000E+00  0.0000E+00 -9.9574E+02 -8.4474E+01  8.4474E+01  0.0000E+00  0.0000E+00  3.5605E+03  0.0000E+00  0.0000E+00
  9.0000E+00  1.3440E+03  8.3834E+01  0.0000E+00  1.0000E+00  0.0000E+00  1.0000E+00  2.0000E+00  5.7000E+01  8.0000E+00  6.7450E-04  5.6792E-05  8.3834E+01 -1.0896E+00  8.3834E+01  2.5880E+03 -2.5042E+03 -4.0767E-01
  1.0000E+01  0.0000E+00  0.0000E+00  1.0000E+00  1.0000E+00  6.0000E-01  0.0000E+00  2.0000E+00  0.0000E+00  0.0000E+00 -9.9847E+02 -1.4116E+02  1.4116E+02  0.0000E+00  0.0000E+00  3.5605E+03  0.0000E+00  0.0000E+00
  1.0000E+01  1.3440E+03  1.3938E+02  0.0000E+00  1.0000E+00  0.0000E+00  1.0000E+00  2.0000E+00  5.7000E+01  8.0000E+00  7.2066E-04  1.0060E-04  1.3938E+02 -9.4009E-01  1.3938E+02  2.5880E+03 -2.4486E+03 -3.9863E-01
  1.1000E+01  0.0000E+00  0.0000E+00  1.0000E+00  1.0000E+00  6.0000E-01  1.0000E+00  2.0000E+00  0.0000E+00  0.0000E+00 -1.0000E+03 -1.8986E+05  1.8986E+05  0.0000E+00  0.0000E+00  3.5605E+03  0.0000E+00  0.0000E+00
  1.1000E+01  3.3600E+02  8.9013E+04  0.0000E+00  1.0000E+00  0.0000E+00  0.0000E+00  2.0000E+00  1.5000E+01  2.0000E+00  2.3910E-03  2.1283E-01  8.9013E+04  1.7774E+00  8.9013E+04  3.2876E+03  8.5726E+04  8.2484E+00
  1.2000E+01  0.0000E+00  0.0000E+00  1.0000E+00  1.0000E+00  6.0000E-01  1.0000E+00  2.0000E+00  0.0000E+00  0.0000E+00 -1.0000E+03 -1.1328E+05  1.1328E+05  0.0000E+00  0.0000E+00  3.5605E+03  0.0000E+00  0.0000E+00
  1.2000E+01  3.3600E+02  5.4967E+04  0.0000E+00  1.0000E+00  0.0000E+00  0.0000E+00  2.0000E+00  1.5000E+01  2.0000E+00  2.0601E-03  1.1324E-01  5.4966E+04  1.4063E+00  5.4967E+04  3.2876E+03  5.1679E+04  4.9725E+00
  1.3000E+01  0.0000E+00  0.0000E+00  1.0000E+00  1.0000E+00  6.0000E-01  1.0000E+00  2.0000E+00  0.0000E+00  0.0000E+00 -1.0000E+03 -1.2044E+04  1.2044E+04  0.0000E+00  0.0000E+00  3.5605E+03  0.0000E+00  0.0000E+00
  1.3000E+01  6.7200E+02  7.5606E+03  0.0000E+00  1.0000E+00  0.0000E+00  0.0000E+00  2.0000E+00  2.9000E+01  4.0000E+00  1.1934E-03  9.0230E-03  7.5606E+03  3.7316E-01  7.5606E+03  3.0356E+03  4.5251E+03  5.1527E-01
  1.4000E+01  0.0000E+00  0.0000E+00  1.0000E+00  1.0000E+00  6.0000E-01  1.0000E+00  2.0000E+00  0.0000E+00  0.0000E+00 -1.0000E+03 -8.3532E+03  8.3532E+03  0.0000E+00  0.0000E+00  3.5605E+03  0.0000E+00  0.0000E+00
  1.4000E+01  6.7200E+02  5.8805E+03  0.0000E+00  1.0000E+00  0.0000E+00  0.0000E+00  2.0000E+00  2.9000E+01  4.0000E+00  1.1115E-03  6.5359E-03  5.8805E+03  2.5336E-01  5.8805E+03  3.0356E+03  2.8450E+03  3.2396E-01
  1.5000E+01  0.0000E+00  0.0000E+00  1.0000E+00  1.0000E+00  6.0000E-01  1.0000E+00  2.0000E+00  0.0000E+00  0.0000E+00 -9.9999E+02 -1.7455E+03  1.7455E+03  0.0000E+00  0.0000E+00  3.5605E+03  0.0000E+00  0.0000E+00
  1.5000E+01  6.7200E+02  1.6131E+03  0.0000E+00  1.0000E+00  0.0000E+00  0.0000E+00  2.0000E+00  2.9000E+01  4.0000E+00  9.3434E-04  1.5072E-03  1.6131E+03 -2.0773E-01  1.6131E+03  3.0356E+03 -1.4224E+03 -1.6197E-01
  1.6000E+01  0.0000E+00  0.0000E+00  1.0000E+00  1.0000E+00  6.0000E-01  1.0000E+00  2.0000E+00  0.0000E+00  0.0000E+00 -9.9999E+02 -2.1723E+03  2.1723E+03  0.0000E+00  0.0000E+00  3.5605E+03  0.0000E+00  0.0000E+00
  1.6000E+01  1.0080E+03  1.8740E+03  0.0000E+00  1.0000E+00  0.0000E+00  0.0000E+00  2.0000E+00  4.3000E+01  6.0000E+00  9.5081E-04  1.7818E-03  1.8740E+03 -1.4421E-01  1.8740E+03  2.8029E+03 -9.2888E+02 -1.2602E-01
  1.7000E+01  0.0000E+00  0.0000E+00  1.0000E+00  1.0000E+00  6.0000E-01  1.0000E+00  2.0000E+00  0.0000E+00  0.0000E+00 -9.9999E+02 -2.4318E+03  2.4318E+03  0.0000E+00  0.0000E+00  3.5605E+03  0.0000E+00  0.0000E+00
  1.7000E+01  1.0080E+03  2.0616E+03  0.0000E+00  1.0000E+00  0.0000E+00  0.0000E+00  2.0000E+00  4.3000E+01  6.0000E+00  9.6125E-04  1.9818E-03  2.0616E+03 -1.1134E-01  2.0616E+03  2.8029E+03 -7.4121E+02 -1.0056E-01
  1.8000E+01  0.0000E+00  0.0000E+00  1.0000E+00  1.0000E+00  6.0000E-01  1.0000E+00  2.0000E+00  0.0000E+00  0.0000E+00 -9.9622E+02 -8.9765E+01  8.9765E+01  0.0000E+00  0.0000E+00  3.5605E+03  0.0000E+00  0.0000E+00
  1.8000E+01  1.3440E+03  8.9043E+01  0.0000E+00  1.0000E+00  0.0000E+00  0.0000E+00  2.0000E+00  5.7000E+01  8.0000E+00  6.8021E-04  6.0801E-05  8.9043E+01 -1.0719E+00  8.9043E+01  2.5880E+03 -2.4989E+03 -4.0682E-01
  1.9000E+01  0.0000E+00  0.0000E+00  1.0000E+00  1.0000E+00  6.0000E-01  1.0000E+00  2.0000E+00  0.0000E+00  0.0000E+00 -9.9644E+02 -9.2502E+01  9.2502E+01  0.0000E+00  0.0000E+00  3.5605E+03  0.0000E+00  0.0000E+00
  1.9000E+01  1.3440E+03  9.1735E+01  0.0000E+00  1.0000E+00  0.0000E+00  0.0000E+00  2.0000E+00  5.7000E+01  8.0000E+00  6.8300E-04  6.2882E-05  9.1735E+01 -1.0632E+00  9.1735E+01  2.5880E+03 -2.4963E+03 -4.0638E-01
  2.0000E+01  0.0000E+00  0.0000E+00  1.0000E+00  1.0000E+00  6.0000E-01  1.0000E+00  2.0000E+00  0.0000E+00  0.0000E+00 -9.9857E+02 -1.4620E+02  1.4620E+02  0.0000E+00  0.0000E+00  3.5605E+03  0.0000E+00  0.0000E+00
  2.0000E+01  1.3440E+03  1.4429E+02  0.0000E+00  1.0000E+00  0.0000E+00  0.0000E+00  2.0000E+00  5.7000E+01  8.0000E+00  7.2369E-04  1.0457E-04  1.4429E+02 -9.2987E-01  1.4429E+02  2.5880E+03 -2.4437E+03 -3.9783E-01
  1.0100E+02  0.0000E+00  0.0000E+00  1.0000E+00  1.0000E+00  1.2000E+00  0.0000E+00  2.0000E+00  0.0000E+00  0.0000E+00 -1.0000E+03 -2.8503E+05  2.8503E+05  0.0000E+00  0.0000E+00  7.1210E+03  0.0000E+00  0.0000E+00
  1.0100E+02  3.3600E+02  1.3594E+05  0.0000E+00  1.0000E+00  0.0000E+00  1.0000E+00  2.0000E+00  1.5000E+01  2.0000E+00  2.2055E-03  2.9982E-01  1.3594E+05  1.5681E+00  1.3594E+05  6.5751E+03  1.2937E+05  6.2238E+00
  1.0200E+02  0.0000E+00  0.0000E+00  1.0000E+00  1.0000E+00  1.2000E+00  0.0000E+00  2.0000E+00  0.0000E+00  0.0000E+00 -1.0000E+03 -2.0977E+05  2.0977E+05  0.0000E+00  0.0000E+00  7.1210E+03  0.0000E+00  0.0000E+00
  1.0200E+02  3.3600E+02  1.0246E+05  0.0000E+00  1.0000E+00  0.0000E+00  1.0000E+00  2.0000E+00  1.5000E+01  2.0000E+00  2.0121E-03  2.0617E-01  1.0246E+05  1.3535E+00  1.0246E+05  6.5751E+03  9.5889E+04  4.6131E+00
  1.0300E+02  0.0000E+00  0.0000E+00  1.0000E+00  1.0000E+00  1.2000E+00  0.0000E+00  2.0000E+00  0.0000E+00  0.0000E+00 -1.0000E+03 -2.3107E+04  2.3107E+04  0.0000E+00  0.0000E+00  7.1210E+03  0.0000E+00  0.0000E+00
  1.0300E+02  6.7200E+02  1.4701E+04  0.0000E+00  1.0000E+00  0.0000E+00  1.0000E+00  2.0000E+00  2.9000E+01  4.0000E+00  1.1823E-03  1.7380E-02  1.4701E+04  3.5868E-01  1.4701E+04  6.0711E+03  8.6296E+03  4.9133E-01
  1.0400E+02  0.0000E+00  0.0000E+00  1.0000E+00  1.0000E+00  1.2000E+00  0.0000E+00  2.0000E+00  0.0000E+00  0.0000E+00 -1.0000E+03 -2.8326E+04  2.8326E+04  0.0000E+00  0.0000E+00  7.1210E+03  0.0000E+00  0.0000E+00
  1.0400E+02  6.7200E+02  1.6894E+04  0.0000E+00  1.0000E+00  0.0000E+00  1.0000E+00  2.0000E+00  2.9000E+01  4.0000E+00  1.2424E-03  2.0989E-02  1.6894E+04  4.3291E-01  1.6894E+04  6.0711E+03  1.0823E+04  6.1620E-01
  1.0500E+02  0.0000E+00  0.0000E+00  1.0000E+00  1.0000E+00  1.2000E+00  0.0000E+00  2.0000E+00  0.0000E+00  0.0000E+00 -1.0000E+03 -2.3549E+04  2.3549E+04  0.0000E+00  0.0000E+00  7.1210E+03  0.0000E+00  0.0000E+00
  1.0500E+02  6.7200E+02  1.4891E+04  0.0000E+00  1.0000E+00  0.0000E+00  1.0000E+00  2.0000E+00  2.9000E+01  4.0000E+00  1.1873E-03  1.7680E-02  1.4891E+04  3.6525E-01  1.4891E+04  6.0711E+03  8.8198E+03  5.0216E-01
  1.0600E+02  0.0000E+00  0.0000E+00  1.0000E+00  1.0000E+00  1.2000E+00  0.0000E+00  2.0000E+00  0.0000E+00  0.0000E+00 -9.9997E+02 -1.0695E+03  1.0695E+03  0.0000E+00  0.0000E+00  7.1210E+03  0.0000E+00  0.0000E+00
  1.0600E+02  1.0080E+03  1.0314E+03  0.0000E+00  1.0000E+00  0.0000E+00  1.0000E+00  2.0000E+00  4.3000E+01  6.0000E+00  8.3309E-04  8.5924E-04  1.0314E+03 -5.5223E-01  1.0314E+03  5.6057E+03 -4.5743E+03 -3.1029E-01
  1.0700E+02  0.0000E+00  0.0000E+00  1.0000E+00  1.0000E+00  1.2000E+00  0.0000E+00  2.0000E+00  0.0000E+00  0.0000E+00 -9.9999E+02 -1.8112E+03  1.8112E+03  0.0000E+00  0.0000E+00  7.1210E+03  0.0000E+00  0.0000E+00
  1.0700E+02  1.0080E+03  1.7030E+03  0.0000E+00  1.0000E+00  0.0000E+00  1.0000E+00  2.0000E+00  4.3000E+01  6.0000E+00  8.7623E-04  1.4922E-03  1.7030E+03 -3.9885E-01  1.7030E+03  5.6057E+03 -3.9027E+03 -2.6473E-01
  1.0800E+02  0.0000E+00  0.0000E+00  1.0000E+00  1.0000E+00  1.2000E+00  0.0000E+00  2.0000E+00  0.0000E+00  0.0000E+00 -9.9673E+02 -9.6475E+01  9.6475E+01  0.0000E+00  0.0000E+00  7.1210E+03  0.0000E+00  0.0000E+00
  1.0800E+02  1.3440E+03  9.6058E+01  0.0000E+00  1.0000E+00  0.0000E+00  1.0000E+00  2.0000E+00  5.7000E+01  8.0000E+00  6.2902E-04  6.0622E-05  9.6058E+01 -1.2528E+00  9.6058E+01  5.1760E+03 -5.0799E+03 -4.1350E-01
  1.0900E+02  0.0000E+00  0.0000E+00  1.0000E+00  1.0000E+00  1.2000E+00  0.0000E+00  2.0000E+00  0.0000E+00  0.0000E+00 -9.9637E+02 -9.1635E+01  9.1635E+01  0.0000E+00  0.0000E+00  7.1210E+03  0.0000E+00  0.0000E+00
  1.0900E+02  1.3440E+03  9.1258E+01  0.0000E+00  1.0000E+00  0.0000E+00  1.0000E+00  2.0000E+00  5.7000E+01  8.0000E+00  6.2421E-04  5.7173E-05  9.1258E+01 -1.2678E+00  9.1258E+01  5.1760E+03 -5.0847E+03 -4.1389E-01
  1.1000E+02  0.0000E+00  0.0000E+00  1.0000E+00  1.0000E+00  1.2000E+00  0.0000E+00  2.0000E+00  0.0000E+00  0.0000E+00 -9.9905E+02 -1.7917E+02  1.7917E+02  0.0000E+00  0.0000E+00  7.1210E+03  0.0000E+00  0.0000E+00
  1.1000E+02  1.3440E+03  1.7773E+02  0.0000E+00  1.0000E+00  0.0000E+00  1.0000E+00  2.0000E+00  5.7000E+01  8.0000E+00  6.8382E-04  1.2165E-04  1.7773E+02 -1.0725E+00  1.7773E+02  5.1760E+03 -4.9983E+03 -4.0685E-01
  1.1100E+02  0.0000E+00  0.0000E+00  1.0000E+00  1.0000E+00  1.2000E+00  1.0000E+00  2.0000E+00  0.0000E+00  0.0000E+00 -1.0000E+03 -3.5370E+05  3.5370E+05  0.0000E+00  0.0000E+00  7.1210E+03  0.0000E+00  0.0000E+00
  1.1100E+02  3.3600E+02  1.6647E+05  0.0000E+00  1.0000E+00  0.0000E+00  0.0000E+00  2.0000E+00  1.5000E+01  2.0000E+00  2.3447E-03  3.9032E-01  1.6647E+05  1.7250E+00  1.6647E+05  6.5751E+03  1.5989E+05  7.6924E+00
  1.1200E+02  0.0000E+00  0.0000E+00  1.0000E+00  1.0000E+00  1.2000E+00  1.0000E+00  2.0000E+00  0.0000E+00  0.0000E+00 -1.0000E+03 -3.9457E+05  3.9457E+05  0.0000E+00  0.0000E+00  7.1210E+03  0.0000E+00  0.0000E+00
  1.1200E+02  3.3600E+02  1.8462E+05  0.0000E+00  1.0000E+00  0.0000E+00  0.0000E+00  2.0000E+00  1.5000E+01  2.0000E+00  2.4161E-03  4.4605E-01  1.8462E+05  1.8059E+00  1.8462E+05  6.5751E+03  1.7804E+05  8.5656E+00
  1.1300E+02  0.0000E+00  0.0000E+00  1.0000E+00  1.0000E+00  1.2000E+00  1.0000E+00  2.0000E+00  0.0000E+00  0.0000E+00 -1.0000E+03 -1.1368E+04  1.1368E+04  0.0000E+00  0.0000E+00  7.1210E+03  0.0000E+00  0.0000E+00
  1.1300E+02  6.7200E+02  8.8602E+03  0.0000E+00  1.0000E+00  0.0000E+00  0.0000E+00  2.0000E+00  2.9000E+01  4.0000E+00  1.0528E-03  9.3284E-03  8.8602E+03  1.3726E-01  8.8602E+03  6.0711E+03  2.7891E+03  1.5880E-01
  1.1400E+02  0.0000E+00  0.0000E+00  1.0000E+00  1.0000E+00  1.2000E+00  1.0000E+00  2.0000E+00  0.0000E+00  0.0000E+00 -1.0000E+03 -3.3324E+04  3.3324E+04  0.0000E+00  0.0000E+00  7.1210E+03  0.0000E+00  0.0000E+00
  1.1400E+02  6.7200E+02  1.8939E+04  0.0000E+00  1.0000E+00  0.0000E+00  0.0000E+00  2.0000E+00  2.9000E+01  4.0000E+00  1.3010E-03  2.4639E-02  1.8939E+04  4.9937E-01  1.8939E+04  6.0711E+03  1.2868E+04  7.3266E-01
  1.1500E+02  0.0000E+00  0.0000E+00  1.0000E+00  1.0000E+00  1.2000E+00  1.0000E+00  2.0000E+00  0.0000E+00  0.0000E+00 -1.0000E+03 -1.8459E+04  1.8459E+04  0.0000E+00  0.0000E+00  7.1210E+03  0.0000E+00  0.0000E+00
  1.1500E+02  6.7200E+02  1.2609E+04  0.0000E+00  1.0000E+00  0.0000E+00  0.0000E+00  2.0000E+00  2.9000E+01  4.0000E+00  1.1306E-03  1.4255E-02  1.2609E+04  2.8463E-01  1.2609E+04  6.0711E+03  6.5382E+03  3.7225E-01
  1.1600E+02  0.0000E+00  0.0000E+00  1.0000E+00  1.0000E+00  1.2000E+00  1.0000E+00  2.0000E+00  0.0000E+00  0.0000E+00 -9.9997E+02 -1.0038E+03  1.0038E+03  0.0000E+00  0.0000E+00  7.1210E+03  0.0000E+00  0.0000E+00
  1.1600E+02  1.0080E+03  9.7019E+02  0.0000E+00  1.0000E+00  0.0000E+00  0.0000E+00  2.0000E+00  4.3000E+01  6.0000E+00  8.2791E-04  8.0326E-04  9.7019E+02 -5.7068E-01  9.7019E+02  5.6057E+03 -4.6355E+03 -3.1444E-01
  1.1700E+02  0.0000E+00  0.0000E+00  1.0000E+00  1.0000E+00  1.2000E+00  1.0000E+00  2.0000E+00  0.0000E+00  0.0000E+00 -9.9997E+02 -1.0149E+03  1.0149E+03  0.0000E+00  0.0000E+00  7.1210E+03  0.0000E+00  0.0000E+00
  1.1700E+02  1.0080E+03  9.8057E+02  0.0000E+00  1.0000E+00  0.0000E+00  0.0000E+00  2.0000E+00  4.3000E+01  6.0000E+00  8.2881E-04  8.1273E-04  9.8057E+02 -5.6747E-01  9.8057E+02  5.6057E+03 -4.6251E+03 -3.1373E-01
  1.1800E+02  0.0000E+00  0.0000E+00  1.0000E+00  1.0000E+00  1.2000E+00  1.0000E+00  2.0000E+00  0.0000E+00  0.0000E+00 -9.9547E+02 -8.1897E+01  8.1897E+01  0.0000E+00  0.0000E+00  7.1210E+03  0.0000E+00  0.0000E+00
  1.1800E+02  1.3440E+03  8.1596E+01  0.0000E+00  1.0000E+00  0.0000E+00  0.0000E+00  2.0000E+00  5.7000E+01  8.0000E+00  6.1351E-04  5.0290E-05  8.1596E+01 -1.3005E+00  8.1596E+01  5.1760E+03 -5.0944E+03 -4.1468E-01
  1.1900E+02  0.0000E+00  0.0000E+00  1.0000E+00  1.0000E+00  1.2000E+00  1.0000E+00  2.0000E+00  0.0000E+00  0.0000E+00 -9.9846E+02 -1.4075E+02  1.4075E+02  0.0000E+00  0.0000E+00  7.1210E+03  0.0000E+00  0.0000E+00
  1.1900E+02  1.3440E+03  1.3986E+02  0.0000E+00  1.0000E+00  0.0000E+00  0.0000E+00  2.0000E+00  5.7000E+01  8.0000E+00  6.6295E-04  9.2864E-05  1.3986E+02 -1.1428E+00  1.3986E+02  5.1760E+03 -5.0361E+03 -4.0993E-01
  1.2000E+02  0.0000E+00  0.0000E+00  1.0000E+00  1.0000E+00  1.2000E+00  1.0000E+00  2.0000E+00  0.0000E+00  0.0000E+00 -9.9854E+02 -1.4480E+02  1.4480E+02  0.0000E+00  0.0000E+00  7.1210E+03  0.0000E+00  0.0000E+00
  1.2000E+02  1.3440E+03  1.4386E+02  0.0000E+00  1.0000E+00  0.0000E+00  0.0000E+00  2.0000E+00  5.7000E+01  8.0000E+00  6.6543E-04  9.5871E-05  1.4386E+02 -1.1345E+00  1.4386E+02  5.1760E+03 -5.0321E+03 -4.0961E-01
