TABLE NO.  1
 ID          TIME        DV          MDV         CMT         AMT         LEFT        SITE        DAY         WEEK        IWRES       IRES        IPRED       CWRES       DV          PRED        RES         WRES
  1.0000E+00  0.0000E+00  0.0000E+00  1.0000E+00  1.0000E+00  6.0000E-01  0.0000E+00  2.0000E+00  0.0000E+00  0.0000E+00 -1.0000E+06 -1.0065E+06  1.0065E+06  0.0000E+00  0.0000E+00  7.3243E+05  0.0000E+00  0.0000E+00
  1.0000E+00  3.3600E+02  4.2240E+04  0.0000E+00  1.0000E+00  0.0000E+00  1.0000E+00  2.0000E+00  1.5000E+01  2.0000E+00 -7.7620E-06 -3.2787E-07  4.2240E+04 -2.4589E+00  4.2240E+04  7.2889E+04 -3.0648E+04 -2.4878E+00
  2.0000E+00  0.0000E+00  0.0000E+00  1.0000E+00  1.0000E+00  6.0000E-01  0.0000E+00  2.0000E+00  0.0000E+00  0.0000E+00 -1.0000E+06 -7.1549E+05  7.1549E+05  0.0000E+00  0.0000E+00  7.3243E+05  0.0000E+00  0.0000E+00
  2.0000E+00  3.3600E+02  7.5107E+04  0.0000E+00  1.0000E+00  0.0000E+00  1.0000E+00  2.0000E+00  1.5000E+01  2.0000E+00  1.9873E-06  1.4926E-07  7.5107E+04  1.8108E-01  7.5107E+04  7.2889E+04  2.2182E+03  1.8006E-01
  3.0000E+00  0.0000E+00  0.0000E+00  1.0000E+00  1.0000E+00  6.0000E-01  0.0000E+00  2.0000E+00  0.0000E+00  0.0000E+00 -1.0000E+06 -6.2544E+05  6.2544E+05  0.0000E+00  0.0000E+00  7.3243E+05  0.0000E+00  0.0000E+00
  3.0000E+00  6.7200E+02  1.2155E+04  0.0000E+00  1.0000E+00  0.0000E+00  1.0000E+00  2.0000E+00  2.9000E+01  4.0000E+00 -6.1010E-06 -7.4155E-08  1.2155E+04  1.2215E+00  1.2155E+04  7.2536E+03  4.9010E+03  1.4459E+00
  4.0000E+00  0.0000E+00  0.0000E+00  1.0000E+00  1.0000E+00  6.0000E-01  0.0000E+00  2.0000E+00  0.0000E+00  0.0000E+00 -1.0000E+06 -6.9315E+05  6.9315E+05  0.0000E+00  0.0000E+00  7.3243E+05  0.0000E+00  0.0000E+00
  4.0000E+00  6.7200E+02  8.7923E+03  0.0000E+00  1.0000E+00  0.0000E+00  1.0000E+00  2.0000E+00  2.9000E+01  4.0000E+00  1.9789E-06  1.7399E-08  8.7923E+03  4.2641E-01  8.7923E+03  7.2536E+03  1.5387E+03  4.5394E-01
  5.0000E+00  0.0000E+00  0.0000E+00  1.0000E+00  1.0000E+00  6.0000E-01  0.0000E+00  2.0000E+00  0.0000E+00  0.0000E+00 -1.0000E+06 -7.3243E+05  7.3243E+05  0.0000E+00  0.0000E+00  7.3243E+05  0.0000E+00  0.0000E+00
  5.0000E+00  6.7200E+02  0.0000E+00  1.0000E+00  1.0000E+00  0.0000E+00  1.0000E+00  2.0000E+00  2.9000E+01  4.0000E+00 -1.0000E+06 -7.2536E+03  7.2536E+03  0.0000E+00  0.0000E+00  7.2536E+03  0.0000E+00  0.0000E+00
  6.0000E+00  0.0000E+00  0.0000E+00  1.0000E+00  1.0000E+00  6.0000E-01  0.0000E+00  2.0000E+00  0.0000E+00  0.0000E+00 -1.0000E+06 -7.1199E+05  7.1199E+05  0.0000E+00  0.0000E+00  7.3243E+05  0.0000E+00  0.0000E+00
  6.0000E+00  1.0080E+03  8.5126E+02  0.0000E+00  1.0000E+00  0.0000E+00  1.0000E+00  2.0000E+00  4.3000E+01  6.0000E+00  1.2957E-06  1.1030E-09  8.5126E+02  2.1899E-01  8.5126E+02  7.2185E+02  1.2942E+02  2.3418E-01
  7.0000E+00  0.0000E+00  0.0000E+00  1.0000E+00  1.0000E+00  6.0000E-01  0.0000E+00  2.0000E+00  0.0000E+00  0.0000E+00 -1.0000E+06 -5.6547E+05  5.6547E+05  0.0000E+00  0.0000E+00  7.3243E+05  0.0000E+00  0.0000E+00
  7.0000E+00  1.0080E+03  2.7002E+03  0.0000E+00  1.0000E+00  0.0000E+00  1.0000E+00  2.0000E+00  4.3000E+01  6.0000E+00  1.7714E-06  4.7830E-09  2.7002E+03  2.0013E+00  2.7002E+03  7.2185E+02  1.9784E+03  3.5799E+00
  8.0000E+00  0.0000E+00  0.0000E+00  1.0000E+00  1.0000E+00  6.0000E-01  0.0000E+00  2.0000E+00  0.0000E+00  0.0000E+00 -1.0000E+06 -8.5394E+05  8.5394E+05  0.0000E+00  0.0000E+00  7.3243E+05  0.0000E+00  0.0000E+00
  8.0000E+00  1.3440E+03  1.8114E+01  0.0000E+00  1.0000E+00  0.0000E+00  1.0000E+00  2.0000E+00  5.7000E+01  8.0000E+00  5.9143E-08  1.0729E-12  1.8114E+01 -1.1873E+00  1.8114E+01  7.1835E+01 -5.3721E+01 -7.0294E-01
  9.0000E+00  0.0000E+00  0.0000E+00  1.0000E+00  1.0000E+00  6.0000E-01  0.0000E+00  2.0000E+00  0.0000E+00  0.0000E+00 -1.0000E+06 -7.1867E+05  7.1867E+05  0.0000E+00  0.0000E+00  7.3243E+05  0.0000E+00  0.0000E+00
  9.0000E+00  1.3440E+03  8.3834E+01  0.0000E+00  1.0000E+00  0.0000E+00  1.0000E+00  2.0000E+00  5.7000E+01  8.0000E+00 -4.5693E-05 -3.8309E-09  8.3834E+01  1.4675E-01  8.3834E+01  7.1835E+01  1.1999E+01  1.5701E-01
  1.0000E+01  0.0000E+00  0.0000E+00  1.0000E+00  1.0000E+00  6.0000E-01  0.0000E+00  2.0000E+00  0.0000E+00  0.0000E+00 -1.0000E+06 -6.7314E+05  6.7314E+05  0.0000E+00  0.0000E+00  7.3243E+05  0.0000E+00  0.0000E+00
  1.0000E+01  1.3440E+03  1.3938E+02  0.0000E+00  1.0000E+00  0.0000E+00  1.0000E+00  2.0000E+00  5.7000E+01  8.0000E+00  1.6756E-06  2.3354E-10  1.3938E+02  6.5307E-01  1.3938E+02  7.1835E+01  6.7541E+01  8.8376E-01
  1.1000E+01  0.0000E+00  0.0000E+00  1.0000E+00  1.0000E+00  6.0000E-01  1.0000E+00  2.0000E+00  0.0000E+00  0.0000E+00 -1.0000E+06 -6.1195E+05  6.1195E+05  0.0000E+00  0.0000E+00  7.3243E+05  0.0000E+00  0.0000E+00
  1.1000E+01  3.3600E+02  8.9013E+04  0.0000E+00  1.0000E+00  0.0000E+00  0.0000E+00  2.0000E+00  1.5000E+01  2.0000E+00  1.2591E-05  1.1208E-06  8.9013E+04  1.3903E+00  8.9013E+04  7.2889E+04  1.6125E+04  1.3089E+00
  1.2000E+01  0.0000E+00  0.0000E+00  1.0000E+00  1.0000E+00  6.0000E-01  1.0000E+00  2.0000E+00  0.0000E+00  0.0000E+00 -1.0000E+06 -8.8043E+05  8.8043E+05  0.0000E+00  0.0000E+00  7.3243E+05  0.0000E+00  0.0000E+00
  1.2000E+01  3.3600E+02  5.4967E+04  0.0000E+00  1.0000E+00  0.0000E+00  0.0000E+00  2.0000E+00  1.5000E+01  2.0000E+00 -5.2088E-06 -2.8631E-07  5.4967E+04 -1.4237E+00  5.4967E+04  7.2889E+04 -1.7922E+04 -1.4548E+00
  1.3000E+01  0.0000E+00  0.0000E+00  1.0000E+00  1.0000E+00  6.0000E-01  1.0000E+00  2.0000E+00  0.0000E+00  0.0000E+00 -1.0000E+06 -7.2402E+05  7.2402E+05  0.0000E+00  0.0000E+00  7.3243E+05  0.0000E+00  0.0000E+00
  1.3000E+01  6.7200E+02  7.5606E+03  0.0000E+00  1.0000E+00  0.0000E+00  0.0000E+00  2.0000E+00  2.9000E+01  4.0000E+00  1.1938E-06  9.0258E-09  7.5606E+03  8.9378E-02  7.5606E+03  7.2536E+03  3.0705E+02  9.0586E-02
  1.4000E+01  0.0000E+00  0.0000E+00  1.0000E+00  1.0000E+00  6.0000E-01  1.0000E+00  2.0000E+00  0.0000E+00  0.0000E+00 -1.0000E+06 -7.7463E+05  7.7463E+05  0.0000E+00  0.0000E+00  7.3243E+05  0.0000E+00  0.0000E+00
  1.4000E+01  6.7200E+02  5.8805E+03  0.0000E+00  1.0000E+00  0.0000E+00  0.0000E+00  2.0000E+00  2.9000E+01  4.0000E+00  1.3688E-07  8.0490E-10  5.8805E+03 -4.3328E-01  5.8805E+03  7.2536E+03 -1.3731E+03 -4.0508E-01
  1.5000E+01  0.0000E+00  0.0000E+00  1.0000E+00  1.0000E+00  6.0000E-01  1.0000E+00  2.0000E+00  0.0000E+00  0.0000E+00 -1.0000E+06 -1.0242E+06  1.0242E+06  0.0000E+00  0.0000E+00  7.3243E+05  0.0000E+00  0.0000E+00
  1.5000E+01  6.7200E+02  1.6131E+03  0.0000E+00  1.0000E+00  0.0000E+00  0.0000E+00  2.0000E+00  2.9000E+01  4.0000E+00 -1.1524E-04 -1.8590E-07  1.6131E+03 -2.5941E+00  1.6131E+03  7.2536E+03 -5.6404E+03 -1.6640E+00
  1.6000E+01  0.0000E+00  0.0000E+00  1.0000E+00  1.0000E+00  6.0000E-01  1.0000E+00  2.0000E+00  0.0000E+00  0.0000E+00 -1.0000E+06 -6.1259E+05  6.1259E+05  0.0000E+00  0.0000E+00  7.3243E+05  0.0000E+00  0.0000E+00
  1.6000E+01  1.0080E+03  1.8740E+03  0.0000E+00  1.0000E+00  0.0000E+00  0.0000E+00  2.0000E+00  4.3000E+01  6.0000E+00  3.2329E-06  6.0584E-09  1.8740E+03  1.3822E+00  1.8740E+03  7.2185E+02  1.1521E+03  2.0848E+00
  1.7000E+01  0.0000E+00  0.0000E+00  1.0000E+00  1.0000E+00  6.0000E-01  1.0000E+00  2.0000E+00  0.0000E+00  0.0000E+00 -1.0000E+06 -6.0035E+05  6.0035E+05  0.0000E+00  0.0000E+00  7.3243E+05  0.0000E+00  0.0000E+00
  1.7000E+01  1.0080E+03  2.0616E+03  0.0000E+00  1.0000E+00  0.0000E+00  0.0000E+00  2.0000E+00  4.3000E+01  6.0000E+00  3.5455E-06  7.3096E-09  2.0616E+03  1.5382E+00  2.0616E+03  7.2185E+02  1.3398E+03  2.4244E+00
  1.8000E+01  0.0000E+00  0.0000E+00  1.0000E+00  1.0000E+00  6.0000E-01  1.0000E+00  2.0000E+00  0.0000E+00  0.0000E+00 -1.0000E+06 -7.1329E+05  7.1329E+05  0.0000E+00  0.0000E+00  7.3243E+05  0.0000E+00  0.0000E+00
  1.8000E+01  1.3440E+03  8.9043E+01  0.0000E+00  1.0000E+00  0.0000E+00  0.0000E+00  2.0000E+00  5.7000E+01  8.0000E+00  1.1975E-06  1.0664E-10  8.9043E+01  2.0487E-01  8.9043E+01  7.1835E+01  1.7208E+01  2.2517E-01
  1.9000E+01  0.0000E+00  0.0000E+00  1.0000E+00  1.0000E+00  6.0000E-01  1.0000E+00  2.0000E+00  0.0000E+00  0.0000E+00 -1.0000E+06 -7.1063E+05  7.1063E+05  0.0000E+00  0.0000E+00  7.3243E+05  0.0000E+00  0.0000E+00
  1.9000E+01  1.3440E+03  9.1735E+01  0.0000E+00  1.0000E+00  0.0000E+00  0.0000E+00  2.0000E+00  5.7000E+01  8.0000E+00  1.2154E-06  1.1150E-10  9.1735E+01  2.3377E-01  9.1735E+01  7.1835E+01  1.9900E+01  2.6039E-01
  2.0000E+01  0.0000E+00  0.0000E+00  1.0000E+00  1.0000E+00  6.0000E-01  1.0000E+00  2.0000E+00  0.0000E+00  0.0000E+00 -1.0000E+06 -6.7002E+05  6.7002E+05  0.0000E+00  0.0000E+00  7.3243E+05  0.0000E+00  0.0000E+00
  2.0000E+01  1.3440E+03  1.4429E+02  0.0000E+00  1.0000E+00  0.0000E+00  0.0000E+00  2.0000E+00  5.7000E+01  8.0000E+00  1.7078E-06  2.4642E-10  1.4429E+02  6.8897E-01  1.4429E+02  7.1835E+01  7.2452E+01  9.4803E-01
  1.0100E+02  0.0000E+00  0.0000E+00  1.0000E+00  1.0000E+00  1.2000E+00  0.0000E+00  2.0000E+00  0.0000E+00  0.0000E+00 -1.0000E+06 -1.5416E+06  1.5416E+06  0.0000E+00  0.0000E+00  1.4649E+06  0.0000E+00  0.0000E+00
  1.0100E+02  3.3600E+02  1.3594E+05  0.0000E+00  1.0000E+00  0.0000E+00  1.0000E+00  2.0000E+00  1.5000E+01  2.0000E+00 -1.1400E-06 -1.5498E-07  1.3594E+05 -3.9512E-01  1.3594E+05  1.4578E+05 -9.8342E+03 -3.9913E-01
  1.0200E+02  0.0000E+00  0.0000E+00  1.0000E+00  1.0000E+00  1.2000E+00  0.0000E+00  2.0000E+00  0.0000E+00  0.0000E+00 -1.0000E+06 -1.8300E+06  1.8300E+06  0.0000E+00  0.0000E+00  1.4649E+06  0.0000E+00  0.0000E+00
  1.0200E+02  3.3600E+02  1.0246E+05  0.0000E+00  1.0000E+00  0.0000E+00  1.0000E+00  2.0000E+00  1.5000E+01  2.0000E+00 -6.0752E-06 -6.2249E-07  1.0246E+05 -1.7214E+00  1.0246E+05  1.4578E+05 -4.3314E+04 -1.7579E+00
  1.0300E+02  0.0000E+00  0.0000E+00  1.0000E+00  1.0000E+00  1.2000E+00  0.0000E+00  2.0000E+00  0.0000E+00  0.0000E+00 -1.0000E+06 -1.4595E+06  1.4595E+06  0.0000E+00  0.0000E+00  1.4649E+06  0.0000E+00  0.0000E+00
  1.0300E+02  6.7200E+02  1.4701E+04  0.0000E+00  1.0000E+00  0.0000E+00  1.0000E+00  2.0000E+00  2.9000E+01  4.0000E+00  1.0535E-06  1.5487E-08  1.4701E+04  2.8422E-02  1.4701E+04  1.4507E+04  1.9351E+02  2.8544E-02
  1.0400E+02  0.0000E+00  0.0000E+00  1.0000E+00  1.0000E+00  1.2000E+00  0.0000E+00  2.0000E+00  0.0000E+00  0.0000E+00 -1.0000E+06 -1.4028E+06  1.4028E+06  0.0000E+00  0.0000E+00  1.4649E+06  0.0000E+00  0.0000E+00
  1.0400E+02  6.7200E+02  1.6894E+04  0.0000E+00  1.0000E+00  0.0000E+00  1.0000E+00  2.0000E+00  2.9000E+01  4.0000E+00 -6.7624E-06 -1.1424E-07  1.6894E+04  3.3508E-01  1.6894E+04  1.4507E+04  2.3868E+03  3.5208E-01
  1.0500E+02  0.0000E+00  0.0000E+00  1.0000E+00  1.0000E+00  1.2000E+00  0.0000E+00  2.0000E+00  0.0000E+00  0.0000E+00 -1.0000E+06 -1.4543E+06  1.4543E+06  0.0000E+00  0.0000E+00  1.4649E+06  0.0000E+00  0.0000E+00
  1.0500E+02  6.7200E+02  1.4891E+04  0.0000E+00  1.0000E+00  0.0000E+00  1.0000E+00  2.0000E+00  2.9000E+01  4.0000E+00 -4.8605E-07 -7.2378E-09  1.4891E+04  5.6131E-02  1.4891E+04  1.4507E+04  3.8376E+02  5.6608E-02
  1.0600E+02  0.0000E+00  0.0000E+00  1.0000E+00  1.0000E+00  1.2000E+00  0.0000E+00  2.0000E+00  0.0000E+00  0.0000E+00 -1.0000E+06 -1.5477E+06  1.5477E+06  0.0000E+00  0.0000E+00  1.4649E+06  0.0000E+00  0.0000E+00
  1.0600E+02  1.0080E+03  1.0314E+03  0.0000E+00  1.0000E+00  0.0000E+00  1.0000E+00  2.0000E+00  4.3000E+01  6.0000E+00  4.3872E-08  4.5247E-11  1.0314E+03 -4.2537E-01  1.0314E+03  1.4437E+03 -4.1233E+02 -3.7306E-01
  1.0700E+02  0.0000E+00  0.0000E+00  1.0000E+00  1.0000E+00  1.2000E+00  0.0000E+00  2.0000E+00  0.0000E+00  0.0000E+00 -1.0000E+06 -1.4239E+06  1.4239E+06  0.0000E+00  0.0000E+00  1.4649E+06  0.0000E+00  0.0000E+00
  1.0700E+02  1.0080E+03  1.7030E+03  0.0000E+00  1.0000E+00  0.0000E+00  1.0000E+00  2.0000E+00  4.3000E+01  6.0000E+00  1.2955E-06  2.2062E-09  1.7030E+03  2.1935E-01  1.7030E+03  1.4437E+03  2.5928E+02  2.3459E-01
  1.0800E+02  0.0000E+00  0.0000E+00  1.0000E+00  1.0000E+00  1.2000E+00  0.0000E+00  2.0000E+00  0.0000E+00  0.0000E+00 -1.0000E+06 -1.5363E+06  1.5363E+06  0.0000E+00  0.0000E+00  1.4649E+06  0.0000E+00  0.0000E+00
  1.0800E+02  1.3440E+03  9.6058E+01  0.0000E+00  1.0000E+00  0.0000E+00  1.0000E+00  2.0000E+00  5.7000E+01  8.0000E+00 -7.4832E-05 -7.1885E-09  9.6058E+01 -3.6840E-01  9.6058E+01  1.4367E+02 -4.7612E+01 -3.1150E-01
  1.0900E+02  0.0000E+00  0.0000E+00  1.0000E+00  1.0000E+00  1.2000E+00  0.0000E+00  2.0000E+00  0.0000E+00  0.0000E+00 -1.0000E+06 -1.5454E+06  1.5454E+06  0.0000E+00  0.0000E+00  1.4649E+06  0.0000E+00  0.0000E+00
  1.0900E+02  1.3440E+03  9.1258E+01  0.0000E+00  1.0000E+00  0.0000E+00  1.0000E+00  2.0000E+00  5.7000E+01  8.0000E+00  6.3406E-07  5.7867E-11  9.1258E+01 -4.1393E-01  9.1258E+01  1.4367E+02 -5.2412E+01 -3.4290E-01
  1.1000E+02  0.0000E+00  0.0000E+00  1.0000E+00  1.0000E+00  1.2000E+00  0.0000E+00  2.0000E+00  0.0000E+00  0.0000E+00 -1.0000E+06 -1.4269E+06  1.4269E+06  0.0000E+00  0.0000E+00  1.4649E+06  0.0000E+00  0.0000E+00
  1.1000E+02  1.3440E+03  1.7773E+02  0.0000E+00  1.0000E+00  0.0000E+00  1.0000E+00  2.0000E+00  5.7000E+01  8.0000E+00  1.1963E-06  2.1262E-10  1.7773E+02  2.0292E-01  1.7773E+02  1.4367E+02  3.4059E+01  2.2283E-01
  1.1100E+02  0.0000E+00  0.0000E+00  1.0000E+00  1.0000E+00  1.2000E+00  1.0000E+00  2.0000E+00  0.0000E+00  0.0000E+00 -1.0000E+06 -1.3094E+06  1.3094E+06  0.0000E+00  0.0000E+00  1.4649E+06  0.0000E+00  0.0000E+00
  1.1100E+02  3.3600E+02  1.6647E+05  0.0000E+00  1.0000E+00  0.0000E+00  0.0000E+00  2.0000E+00  1.5000E+01  2.0000E+00  7.3208E-06  1.2187E-06  1.6647E+05  8.6818E-01  1.6647E+05  1.4578E+05  2.0692E+04  8.3983E-01
  1.1200E+02  0.0000E+00  0.0000E+00  1.0000E+00  1.0000E+00  1.2000E+00  1.0000E+00  2.0000E+00  0.0000E+00  0.0000E+00 -1.0000E+06 -1.1748E+06  1.1748E+06  0.0000E+00  0.0000E+00  1.4649E+06  0.0000E+00  0.0000E+00
  1.1200E+02  3.3600E+02  1.8462E+05  0.0000E+00  1.0000E+00  0.0000E+00  0.0000E+00  2.0000E+00  1.5000E+01  2.0000E+00  1.6522E-05  3.0502E-06  1.8462E+05  1.7067E+00  1.8462E+05  1.4578E+05  3.8842E+04  1.5765E+00
  1.1300E+02  0.0000E+00  0.0000E+00  1.0000E+00  1.0000E+00  1.2000E+00  1.0000E+00  2.0000E+00  0.0000E+00  0.0000E+00 -1.0000E+06 -1.6613E+06  1.6613E+06  0.0000E+00  0.0000E+00  1.4649E+06  0.0000E+00  0.0000E+00
  1.1300E+02  6.7200E+02  8.8602E+03  0.0000E+00  1.0000E+00  0.0000E+00  0.0000E+00  2.0000E+00  2.9000E+01  4.0000E+00 -7.7932E-07 -6.9049E-09  8.8602E+03 -9.7355E-01  8.8602E+03  1.4507E+04 -5.6470E+03 -8.3298E-01
  1.1400E+02  0.0000E+00  0.0000E+00  1.0000E+00  1.0000E+00  1.2000E+00  1.0000E+00  2.0000E+00  0.0000E+00  0.0000E+00 -1.0000E+06 -1.3556E+06  1.3556E+06  0.0000E+00  0.0000E+00  1.4649E+06  0.0000E+00  0.0000E+00
  1.1400E+02  6.7200E+02  1.8939E+04  0.0000E+00  1.0000E+00  0.0000E+00  0.0000E+00  2.0000E+00  2.9000E+01  4.0000E+00  2.4107E-06  4.5657E-08  1.8939E+04  5.9941E-01  1.8939E+04  1.4507E+04  4.4323E+03  6.5380E-01
  1.1500E+02  0.0000E+00  0.0000E+00  1.0000E+00  1.0000E+00  1.2000E+00  1.0000E+00  2.0000E+00  0.0000E+00  0.0000E+00 -1.0000E+06 -1.5214E+06  1.5214E+06  0.0000E+00  0.0000E+00  1.4649E+06  0.0000E+00  0.0000E+00
  1.1500E+02  6.7200E+02  1.2609E+04  0.0000E+00  1.0000E+00  0.0000E+00  0.0000E+00  2.0000E+00  2.9000E+01  4.0000E+00 -4.2917E-07 -5.4115E-09  1.2609E+04 -2.9287E-01  1.2609E+04  1.4507E+04 -1.8979E+03 -2.7995E-01
  1.1600E+02  0.0000E+00  0.0000E+00  1.0000E+00  1.0000E+00  1.2000E+00  1.0000E+00  2.0000E+00  0.0000E+00  0.0000E+00 -1.0000E+06 -1.5626E+06  1.5626E+06  0.0000E+00  0.0000E+00  1.4649E+06  0.0000E+00  0.0000E+00
  1.1600E+02  1.0080E+03  9.7019E+02  0.0000E+00  1.0000E+00  0.0000E+00  0.0000E+00  2.0000E+00  4.3000E+01  6.0000E+00 -3.7524E-05 -3.6406E-08  9.7019E+02 -4.9986E-01  9.7019E+02  1.4437E+03 -4.7350E+02 -4.2839E-01
  1.1700E+02  0.0000E+00  0.0000E+00  1.0000E+00  1.0000E+00  1.2000E+00  1.0000E+00  2.0000E+00  0.0000E+00  0.0000E+00 -1.0000E+06 -1.5600E+06  1.5600E+06  0.0000E+00  0.0000E+00  1.4649E+06  0.0000E+00  0.0000E+00
  1.1700E+02  1.0080E+03  9.8057E+02  0.0000E+00  1.0000E+00  0.0000E+00  0.0000E+00  2.0000E+00  4.3000E+01  6.0000E+00 -1.8185E-05 -1.7832E-08  9.8057E+02 -4.8697E-01  9.8057E+02  1.4437E+03 -4.6312E+02 -4.1901E-01
  1.1800E+02  0.0000E+00  0.0000E+00  1.0000E+00  1.0000E+00  1.2000E+00  1.0000E+00  2.0000E+00  0.0000E+00  0.0000E+00 -1.0000E+06 -1.5652E+06  1.5652E+06  0.0000E+00  0.0000E+00  1.4649E+06  0.0000E+00  0.0000E+00
  1.1800E+02  1.3440E+03  8.1596E+01  0.0000E+00  1.0000E+00  0.0000E+00  0.0000E+00  2.0000E+00  5.7000E+01  8.0000E+00  4.2649E-07  3.4802E-11  8.1596E+01 -5.1231E-01  8.1596E+01  1.4367E+02 -6.2074E+01 -4.0611E-01
  1.1900E+02  0.0000E+00  0.0000E+00  1.0000E+00  1.0000E+00  1.2000E+00  1.0000E+00  2.0000E+00  0.0000E+00  0.0000E+00 -1.0000E+06 -1.4697E+06  1.4697E+06  0.0000E+00  0.0000E+00  1.4649E+06  0.0000E+00  0.0000E+00
  1.1900E+02  1.3440E+03  1.3986E+02  0.0000E+00  1.0000E+00  0.0000E+00  0.0000E+00  2.0000E+00  5.7000E+01  8.0000E+00 -2.1559E-06 -3.0153E-10  1.3986E+02 -2.5227E-02  1.3986E+02  1.4367E+02 -3.8116E+00 -2.4937E-02
  1.2000E+02  0.0000E+00  0.0000E+00  1.0000E+00  1.0000E+00  1.2000E+00  1.0000E+00  2.0000E+00  0.0000E+00  0.0000E+00 -1.0000E+06 -1.4646E+06  1.4646E+06  0.0000E+00  0.0000E+00  1.4649E+06  0.0000E+00  0.0000E+00
  1.2000E+02  1.3440E+03  1.4386E+02  0.0000E+00  1.0000E+00  0.0000E+00  0.0000E+00  2.0000E+00  5.7000E+01  8.0000E+00 -8.2467E-06 -1.1864E-09  1.4386E+02  1.2519E-03  1.4386E+02  1.4367E+02  1.9145E-01  1.2526E-03
