TABLE NO.  1
 ID          TIME        DV          MDV         CMT         AMT         LEFT        SITE        DAY         WEEK        IWRES       IRES        IPRED       CWRES       DV          PRED        RES         WRES
  1.0000E+00  0.0000E+00  0.0000E+00  1.0000E+00  1.0000E+00  6.0000E-01  0.0000E+00  2.0000E+00  0.0000E+00  0.0000E+00 -1.0000E+03 -8.8024E+04  8.8024E+04  0.0000E+00  0.0000E+00  5.1996E+03  0.0000E+00  0.0000E+00
  1.0000E+00  3.3600E+02  4.2240E+04  0.0000E+00  1.0000E+00  0.0000E+00  1.0000E+00  2.0000E+00  1.5000E+01  2.0000E+00  1.8459E-03  7.7972E-02  4.2240E+04  1.1178E+00  4.2240E+04  4.6279E+03  3.7612E+04  2.5902E+00
  2.0000E+00  0.0000E+00  0.0000E+00  1.0000E+00  1.0000E+00  6.0000E-01  0.0000E+00  2.0000E+00  0.0000E+00  0.0000E+00 -1.0000E+03 -1.6389E+05  1.6389E+05  0.0000E+00  0.0000E+00  5.1996E+03  0.0000E+00  0.0000E+00
  2.0000E+00  3.3600E+02  7.5107E+04  0.0000E+00  1.0000E+00  0.0000E+00  1.0000E+00  2.0000E+00  1.5000E+01  2.0000E+00  2.2479E-03  1.6884E-01  7.5107E+04  1.5665E+00  7.5107E+04  4.6279E+03  7.0479E+04  4.8536E+00
  3.0000E+00  0.0000E+00  0.0000E+00  1.0000E+00  1.0000E+00  6.0000E-01  0.0000E+00  2.0000E+00  0.0000E+00  0.0000E+00 -1.0000E+03 -2.4408E+04  2.4408E+04  0.0000E+00  0.0000E+00  5.1996E+03  0.0000E+00  0.0000E+00
  3.0000E+00  6.7200E+02  1.2155E+04  0.0000E+00  1.0000E+00  0.0000E+00  1.0000E+00  2.0000E+00  2.9000E+01  4.0000E+00  1.4058E-03  1.7087E-02  1.2155E+04  5.6334E-01  1.2155E+04  4.1191E+03  8.0354E+03  7.1277E-01
  4.0000E+00  0.0000E+00  0.0000E+00  1.0000E+00  1.0000E+00  6.0000E-01  0.0000E+00  2.0000E+00  0.0000E+00  0.0000E+00 -1.0000E+03 -1.5705E+04  1.5705E+04  0.0000E+00  0.0000E+00  5.1996E+03  0.0000E+00  0.0000E+00
  4.0000E+00  6.7200E+02  8.7923E+03  0.0000E+00  1.0000E+00  0.0000E+00  1.0000E+00  2.0000E+00  2.9000E+01  4.0000E+00  1.2092E-03  1.0631E-02  8.7922E+03  3.4715E-01  8.7923E+03  4.1191E+03  4.6731E+03  4.1453E-01
  5.0000E+00  0.0000E+00  0.0000E+00  1.0000E+00  1.0000E+00  6.0000E-01  0.0000E+00  2.0000E+00  0.0000E+00  0.0000E+00 -1.0000E+03 -5.1996E+03  5.1996E+03  0.0000E+00  0.0000E+00  5.1996E+03  0.0000E+00  0.0000E+00
  5.0000E+00  6.7200E+02  0.0000E+00  1.0000E+00  1.0000E+00  0.0000E+00  1.0000E+00  2.0000E+00  2.9000E+01  4.0000E+00 -1.0000E+03 -4.1191E+03  4.1191E+03  0.0000E+00  0.0000E+00  4.1191E+03  0.0000E+00  0.0000E+00
  6.0000E+00  0.0000E+00  0.0000E+00  1.0000E+00  1.0000E+00  6.0000E-01  0.0000E+00  2.0000E+00  0.0000E+00  0.0000E+00 -1.0000E+03 -9.0547E+02  9.0547E+02  0.0000E+00  0.0000E+00  5.1996E+03  0.0000E+00  0.0000E+00
  6.0000E+00  1.0080E+03  8.5126E+02  0.0000E+00  1.0000E+00  0.0000E+00  1.0000E+00  2.0000E+00  4.3000E+01  6.0000E+00  8.5196E-04  7.2524E-04  8.5126E+02 -4.9286E-01  8.5126E+02  3.6662E+03 -2.8150E+03 -3.2679E-01
  7.0000E+00  0.0000E+00  0.0000E+00  1.0000E+00  1.0000E+00  6.0000E-01  0.0000E+00  2.0000E+00  0.0000E+00  0.0000E+00 -1.0000E+03 -3.4078E+03  3.4078E+03  0.0000E+00  0.0000E+00  5.1996E+03  0.0000E+00  0.0000E+00
  7.0000E+00  1.0080E+03  2.7002E+03  0.0000E+00  1.0000E+00  0.0000E+00  1.0000E+00  2.0000E+00  4.3000E+01  6.0000E+00  9.5624E-04  2.5820E-03  2.7002E+03 -1.1979E-01  2.7002E+03  3.6662E+03 -9.6603E+02 -1.1215E-01
  8.0000E+00  0.0000E+00  0.0000E+00  1.0000E+00  1.0000E+00  6.0000E-01  0.0000E+00  2.0000E+00  0.0000E+00  0.0000E+00 -1.0000E+03 -1.8143E+01  1.8143E+01  0.0000E+00  0.0000E+00  5.1996E+03  0.0000E+00  0.0000E+00
  8.0000E+00  1.3440E+03  1.8114E+01  0.0000E+00  1.0000E+00  0.0000E+00  1.0000E+00  2.0000E+00  5.7000E+01  8.0000E+00  5.4964E-04  9.9560E-06  1.8114E+01 -1.5950E+00  1.8114E+01  3.2632E+03 -3.2451E+03 -5.0131E-01
  9.0000E+00  0.0000E+00  0.0000E+00  1.0000E+00  1.0000E+00  6.0000E-01  0.0000E+00  2.0000E+00  0.0000E+00  0.0000E+00 -1.0000E+03 -8.4474E+01  8.4474E+01  0.0000E+00  0.0000E+00  5.1996E+03  0.0000E+00  0.0000E+00
  9.0000E+00  1.3440E+03  8.3834E+01  0.0000E+00  1.0000E+00  0.0000E+00  1.0000E+00  2.0000E+00  5.7000E+01  8.0000E+00  6.7010E-04  5.6177E-05  8.3834E+01 -1.1614E+00  8.3834E+01  3.2632E+03 -3.1793E+03 -4.9115E-01
  1.0000E+01  0.0000E+00  0.0000E+00  1.0000E+00  1.0000E+00  6.0000E-01  0.0000E+00  2.0000E+00  0.0000E+00  0.0000E+00 -1.0000E+03 -1.4116E+02  1.4116E+02  0.0000E+00  0.0000E+00  5.1996E+03  0.0000E+00  0.0000E+00
  1.0000E+01  1.3440E+03  1.3938E+02  0.0000E+00  1.0000E+00  0.0000E+00  1.0000E+00  2.0000E+00  5.7000E+01  8.0000E+00  7.0971E-04  9.8917E-05  1.3938E+02 -1.0167E+00  1.3938E+02  3.2632E+03 -3.1238E+03 -4.8257E-01
  1.1000E+01  0.0000E+00  0.0000E+00  1.0000E+00  1.0000E+00  6.0000E-01  1.0000E+00  2.0000E+00  0.0000E+00  0.0000E+00 -1.0000E+03 -1.9595E+05  1.9595E+05  0.0000E+00  0.0000E+00  5.1996E+03  0.0000E+00  0.0000E+00
  1.1000E+01  3.3600E+02  8.9013E+04  0.0000E+00  1.0000E+00  0.0000E+00  0.0000E+00  2.0000E+00  1.5000E+01  2.0000E+00  2.3674E-03  2.1073E-01  8.9013E+04  1.7024E+00  8.9013E+04  4.6279E+03  8.4385E+04  5.8113E+00
  1.2000E+01  0.0000E+00  0.0000E+00  1.0000E+00  1.0000E+00  6.0000E-01  1.0000E+00  2.0000E+00  0.0000E+00  0.0000E+00 -1.0000E+03 -1.1745E+05  1.1745E+05  0.0000E+00  0.0000E+00  5.1996E+03  0.0000E+00  0.0000E+00
  1.2000E+01  3.3600E+02  5.4967E+04  0.0000E+00  1.0000E+00  0.0000E+00  0.0000E+00  2.0000E+00  1.5000E+01  2.0000E+00  2.0291E-03  1.1153E-01  5.4966E+04  1.3203E+00  5.4967E+04  4.6279E+03  5.0339E+04  3.4666E+00
  1.3000E+01  0.0000E+00  0.0000E+00  1.0000E+00  1.0000E+00  6.0000E-01  1.0000E+00  2.0000E+00  0.0000E+00  0.0000E+00 -1.0000E+03 -1.2466E+04  1.2466E+04  0.0000E+00  0.0000E+00  5.1996E+03  0.0000E+00  0.0000E+00
  1.3000E+01  6.7200E+02  7.5606E+03  0.0000E+00  1.0000E+00  0.0000E+00  0.0000E+00  2.0000E+00  2.9000E+01  4.0000E+00  1.1390E-03  8.6114E-03  7.5606E+03  2.6161E-01  7.5606E+03  4.1191E+03  3.4415E+03  3.0528E-01
  1.4000E+01  0.0000E+00  0.0000E+00  1.0000E+00  1.0000E+00  6.0000E-01  1.0000E+00  2.0000E+00  0.0000E+00  0.0000E+00 -1.0000E+03 -8.4861E+03  8.4861E+03  0.0000E+00  0.0000E+00  5.1996E+03  0.0000E+00  0.0000E+00
  1.4000E+01  6.7200E+02  5.8805E+03  0.0000E+00  1.0000E+00  0.0000E+00  0.0000E+00  2.0000E+00  2.9000E+01  4.0000E+00  1.0615E-03  6.2420E-03  5.8805E+03  1.4098E-01  5.8805E+03  4.1191E+03  1.7614E+03  1.5624E-01
  1.5000E+01  0.0000E+00  0.0000E+00  1.0000E+00  1.0000E+00  6.0000E-01  1.0000E+00  2.0000E+00  0.0000E+00  0.0000E+00 -1.0000E+03 -1.7460E+03  1.7460E+03  0.0000E+00  0.0000E+00  5.1996E+03  0.0000E+00  0.0000E+00
  1.5000E+01  6.7200E+02  1.6131E+03  0.0000E+00  1.0000E+00  0.0000E+00  0.0000E+00  2.0000E+00  2.9000E+01  4.0000E+00  9.0583E-04  1.4612E-03  1.6131E+03 -3.0776E-01  1.6131E+03  4.1191E+03 -2.5060E+03 -2.2229E-01
  1.6000E+01  0.0000E+00  0.0000E+00  1.0000E+00  1.0000E+00  6.0000E-01  1.0000E+00  2.0000E+00  0.0000E+00  0.0000E+00 -1.0000E+03 -2.1751E+03  2.1751E+03  0.0000E+00  0.0000E+00  5.1996E+03  0.0000E+00  0.0000E+00
  1.6000E+01  1.0080E+03  1.8740E+03  0.0000E+00  1.0000E+00  0.0000E+00  0.0000E+00  2.0000E+00  4.3000E+01  6.0000E+00  9.1862E-04  1.7215E-03  1.8740E+03 -2.4615E-01  1.8740E+03  3.6662E+03 -1.7923E+03 -2.0806E-01
  1.7000E+01  0.0000E+00  0.0000E+00  1.0000E+00  1.0000E+00  6.0000E-01  1.0000E+00  2.0000E+00  0.0000E+00  0.0000E+00 -1.0000E+03 -2.4360E+03  2.4360E+03  0.0000E+00  0.0000E+00  5.1996E+03  0.0000E+00  0.0000E+00
  1.7000E+01  1.0080E+03  2.0616E+03  0.0000E+00  1.0000E+00  0.0000E+00  0.0000E+00  2.0000E+00  4.3000E+01  6.0000E+00  9.2768E-04  1.9125E-03  2.0616E+03 -2.1428E-01  2.0616E+03  3.6662E+03 -1.6046E+03 -1.8628E-01
  1.8000E+01  0.0000E+00  0.0000E+00  1.0000E+00  1.0000E+00  6.0000E-01  1.0000E+00  2.0000E+00  0.0000E+00  0.0000E+00 -1.0000E+03 -8.9765E+01  8.9765E+01  0.0000E+00  0.0000E+00  5.1996E+03  0.0000E+00  0.0000E+00
  1.8000E+01  1.3440E+03  8.9043E+01  0.0000E+00  1.0000E+00  0.0000E+00  0.0000E+00  2.0000E+00  5.7000E+01  8.0000E+00  6.7481E-04  6.0087E-05  8.9043E+01 -1.1443E+00  8.9043E+01  3.2632E+03 -3.1741E+03 -4.9035E-01
  1.9000E+01  0.0000E+00  0.0000E+00  1.0000E+00  1.0000E+00  6.0000E-01  1.0000E+00  2.0000E+00  0.0000E+00  0.0000E+00 -1.0000E+03 -9.2502E+01  9.2502E+01  0.0000E+00  0.0000E+00  5.1996E+03  0.0000E+00  0.0000E+00
  1.9000E+01  1.3440E+03  9.1735E+01  0.0000E+00  1.0000E+00  0.0000E+00  0.0000E+00  2.0000E+00  5.7000E+01  8.0000E+00  6.7713E-04  6.2117E-05  9.1735E+01 -1.1358E+00  9.1735E+01  3.2632E+03 -3.1714E+03 -4.8993E-01
  2.0000E+01  0.0000E+00  0.0000E+00  1.0000E+00  1.0000E+00  6.0000E-01  1.0000E+00  2.0000E+00  0.0000E+00  0.0000E+00 -1.0000E+03 -1.4620E+02  1.4620E+02  0.0000E+00  0.0000E+00  5.1996E+03  0.0000E+00  0.0000E+00
  2.0000E+01  1.3440E+03  1.4429E+02  0.0000E+00  1.0000E+00  0.0000E+00  0.0000E+00  2.0000E+00  5.7000E+01  8.0000E+00  7.1241E-04  1.0279E-04  1.4429E+02 -1.0068E+00  1.4429E+02  3.2632E+03 -3.1189E+03 -4.8181E-01
  1.0100E+02  0.0000E+00  0.0000E+00  1.0000E+00  1.0000E+00  1.2000E+00  0.0000E+00  2.0000E+00  0.0000E+00  0.0000E+00 -1.0000E+03 -2.9488E+05  2.9488E+05  0.0000E+00  0.0000E+00  1.0399E+04  0.0000E+00  0.0000E+00
  1.0100E+02  3.3600E+02  1.3594E+05  0.0000E+00  1.0000E+00  0.0000E+00  1.0000E+00  2.0000E+00  1.5000E+01  2.0000E+00  2.1778E-03  2.9606E-01  1.3594E+05  1.4872E+00  1.3594E+05  9.2559E+03  1.2669E+05  4.3623E+00
  1.0200E+02  0.0000E+00  0.0000E+00  1.0000E+00  1.0000E+00  1.2000E+00  0.0000E+00  2.0000E+00  0.0000E+00  0.0000E+00 -1.0000E+03 -2.1765E+05  2.1765E+05  0.0000E+00  0.0000E+00  1.0399E+04  0.0000E+00  0.0000E+00
  1.0200E+02  3.3600E+02  1.0246E+05  0.0000E+00  1.0000E+00  0.0000E+00  1.0000E+00  2.0000E+00  1.5000E+01  2.0000E+00  1.9800E-03  2.0287E-01  1.0246E+05  1.2657E+00  1.0246E+05  9.2559E+03  9.3208E+04  3.2095E+00
  1.0300E+02  0.0000E+00  0.0000E+00  1.0000E+00  1.0000E+00  1.2000E+00  0.0000E+00  2.0000E+00  0.0000E+00  0.0000E+00 -1.0000E+03 -2.3859E+04  2.3859E+04  0.0000E+00  0.0000E+00  1.0399E+04  0.0000E+00  0.0000E+00
  1.0300E+02  6.7200E+02  1.4701E+04  0.0000E+00  1.0000E+00  0.0000E+00  1.0000E+00  2.0000E+00  2.9000E+01  4.0000E+00  1.1280E-03  1.6582E-02  1.4701E+04  2.4680E-01  1.4701E+04  8.2382E+03  6.4624E+03  2.8662E-01
  1.0400E+02  0.0000E+00  0.0000E+00  1.0000E+00  1.0000E+00  1.2000E+00  0.0000E+00  2.0000E+00  0.0000E+00  0.0000E+00 -1.0000E+03 -2.9575E+04  2.9575E+04  0.0000E+00  0.0000E+00  1.0399E+04  0.0000E+00  0.0000E+00
  1.0400E+02  6.7200E+02  1.6894E+04  0.0000E+00  1.0000E+00  0.0000E+00  1.0000E+00  2.0000E+00  2.9000E+01  4.0000E+00  1.1888E-03  2.0083E-02  1.6894E+04  3.2339E-01  1.6894E+04  8.2382E+03  8.6557E+03  3.8390E-01
  1.0500E+02  0.0000E+00  0.0000E+00  1.0000E+00  1.0000E+00  1.2000E+00  0.0000E+00  2.0000E+00  0.0000E+00  0.0000E+00 -1.0000E+03 -2.4342E+04  2.4342E+04  0.0000E+00  0.0000E+00  1.0399E+04  0.0000E+00  0.0000E+00
  1.0500E+02  6.7200E+02  1.4891E+04  0.0000E+00  1.0000E+00  0.0000E+00  1.0000E+00  2.0000E+00  2.9000E+01  4.0000E+00  1.1329E-03  1.6870E-02  1.4891E+04  2.5351E-01  1.4891E+04  8.2382E+03  6.6527E+03  2.9506E-01
  1.0600E+02  0.0000E+00  0.0000E+00  1.0000E+00  1.0000E+00  1.2000E+00  0.0000E+00  2.0000E+00  0.0000E+00  0.0000E+00 -1.0000E+03 -1.0695E+03  1.0695E+03  0.0000E+00  0.0000E+00  1.0399E+04  0.0000E+00  0.0000E+00
  1.0600E+02  1.0080E+03  1.0314E+03  0.0000E+00  1.0000E+00  0.0000E+00  1.0000E+00  2.0000E+00  4.3000E+01  6.0000E+00  8.1244E-04  8.3791E-04  1.0314E+03 -6.4124E-01  1.0314E+03  7.3325E+03 -6.3011E+03 -3.6574E-01
  1.0700E+02  0.0000E+00  0.0000E+00  1.0000E+00  1.0000E+00  1.2000E+00  0.0000E+00  2.0000E+00  0.0000E+00  0.0000E+00 -1.0000E+03 -1.8115E+03  1.8115E+03  0.0000E+00  0.0000E+00  1.0399E+04  0.0000E+00  0.0000E+00
  1.0700E+02  1.0080E+03  1.7030E+03  0.0000E+00  1.0000E+00  0.0000E+00  1.0000E+00  2.0000E+00  4.3000E+01  6.0000E+00  8.5198E-04  1.4509E-03  1.7030E+03 -4.9278E-01  1.7030E+03  7.3325E+03 -5.6295E+03 -3.2676E-01
  1.0800E+02  0.0000E+00  0.0000E+00  1.0000E+00  1.0000E+00  1.2000E+00  0.0000E+00  2.0000E+00  0.0000E+00  0.0000E+00 -1.0000E+03 -9.6475E+01  9.6475E+01  0.0000E+00  0.0000E+00  1.0399E+04  0.0000E+00  0.0000E+00
  1.0800E+02  1.3440E+03  9.6058E+01  0.0000E+00  1.0000E+00  0.0000E+00  1.0000E+00  2.0000E+00  5.7000E+01  8.0000E+00  6.2646E-04  6.0176E-05  9.6058E+01 -1.3193E+00  9.6058E+01  6.5263E+03 -6.4303E+03 -4.9668E-01
  1.0900E+02  0.0000E+00  0.0000E+00  1.0000E+00  1.0000E+00  1.2000E+00  0.0000E+00  2.0000E+00  0.0000E+00  0.0000E+00 -1.0000E+03 -9.1635E+01  9.1635E+01  0.0000E+00  0.0000E+00  1.0399E+04  0.0000E+00  0.0000E+00
  1.0900E+02  1.3440E+03  9.1258E+01  0.0000E+00  1.0000E+00  0.0000E+00  1.0000E+00  2.0000E+00  5.7000E+01  8.0000E+00  6.2244E-04  5.6802E-05  9.1258E+01 -1.3339E+00  9.1258E+01  6.5263E+03 -6.4351E+03 -4.9705E-01
  1.1000E+02  0.0000E+00  0.0000E+00  1.0000E+00  1.0000E+00  1.2000E+00  0.0000E+00  2.0000E+00  0.0000E+00  0.0000E+00 -1.0000E+03 -1.7917E+02  1.7917E+02  0.0000E+00  0.0000E+00  1.0399E+04  0.0000E+00  0.0000E+00
  1.1000E+02  1.3440E+03  1.7773E+02  0.0000E+00  1.0000E+00  0.0000E+00  1.0000E+00  2.0000E+00  5.7000E+01  8.0000E+00  6.7465E-04  1.1990E-04  1.7773E+02 -1.1448E+00  1.7773E+02  6.5263E+03 -6.3486E+03 -4.9038E-01
  1.1100E+02  0.0000E+00  0.0000E+00  1.0000E+00  1.0000E+00  1.2000E+00  1.0000E+00  2.0000E+00  0.0000E+00  0.0000E+00 -1.0000E+03 -3.6525E+05  3.6525E+05  0.0000E+00  0.0000E+00  1.0399E+04  0.0000E+00  0.0000E+00
  1.1100E+02  3.3600E+02  1.6647E+05  0.0000E+00  1.0000E+00  0.0000E+00  0.0000E+00  2.0000E+00  1.5000E+01  2.0000E+00  2.3202E-03  3.8624E-01  1.6647E+05  1.6486E+00  1.6647E+05  9.2559E+03  1.5721E+05  5.4134E+00
  1.1200E+02  0.0000E+00  0.0000E+00  1.0000E+00  1.0000E+00  1.2000E+00  1.0000E+00  2.0000E+00  0.0000E+00  0.0000E+00 -1.0000E+03 -4.0711E+05  4.0711E+05  0.0000E+00  0.0000E+00  1.0399E+04  0.0000E+00  0.0000E+00
  1.1200E+02  3.3600E+02  1.8462E+05  0.0000E+00  1.0000E+00  0.0000E+00  0.0000E+00  2.0000E+00  1.5000E+01  2.0000E+00  2.3931E-03  4.4180E-01  1.8462E+05  1.7317E+00  1.8462E+05  9.2559E+03  1.7536E+05  6.0383E+00
  1.1300E+02  0.0000E+00  0.0000E+00  1.0000E+00  1.0000E+00  1.2000E+00  1.0000E+00  2.0000E+00  0.0000E+00  0.0000E+00 -1.0000E+03 -1.1435E+04  1.1435E+04  0.0000E+00  0.0000E+00  1.0399E+04  0.0000E+00  0.0000E+00
  1.1300E+02  6.7200E+02  8.8602E+03  0.0000E+00  1.0000E+00  0.0000E+00  0.0000E+00  2.0000E+00  2.9000E+01  4.0000E+00  1.0101E-03  8.9499E-03  8.8602E+03  2.6958E-02  8.8602E+03  8.2382E+03  6.2196E+02  2.7585E-02
  1.1400E+02  0.0000E+00  0.0000E+00  1.0000E+00  1.0000E+00  1.2000E+00  1.0000E+00  2.0000E+00  0.0000E+00  0.0000E+00 -1.0000E+03 -3.5003E+04  3.5003E+04  0.0000E+00  0.0000E+00  1.0399E+04  0.0000E+00  0.0000E+00
  1.1400E+02  6.7200E+02  1.8939E+04  0.0000E+00  1.0000E+00  0.0000E+00  0.0000E+00  2.0000E+00  2.9000E+01  4.0000E+00  1.2500E-03  2.3675E-02  1.8939E+04  3.9313E-01  1.8939E+04  8.2382E+03  1.0701E+04  4.7462E-01
  1.1500E+02  0.0000E+00  0.0000E+00  1.0000E+00  1.0000E+00  1.2000E+00  1.0000E+00  2.0000E+00  0.0000E+00  0.0000E+00 -1.0000E+03 -1.8833E+04  1.8833E+04  0.0000E+00  0.0000E+00  1.0399E+04  0.0000E+00  0.0000E+00
  1.1500E+02  6.7200E+02  1.2609E+04  0.0000E+00  1.0000E+00  0.0000E+00  0.0000E+00  2.0000E+00  2.9000E+01  4.0000E+00  1.0788E-03  1.3603E-02  1.2609E+04  1.7209E-01  1.2609E+04  8.2382E+03  4.3710E+03  1.9386E-01
  1.1600E+02  0.0000E+00  0.0000E+00  1.0000E+00  1.0000E+00  1.2000E+00  1.0000E+00  2.0000E+00  0.0000E+00  0.0000E+00 -1.0000E+03 -1.0038E+03  1.0038E+03  0.0000E+00  0.0000E+00  1.0399E+04  0.0000E+00  0.0000E+00
  1.1600E+02  1.0080E+03  9.7019E+02  0.0000E+00  1.0000E+00  0.0000E+00  0.0000E+00  2.0000E+00  4.3000E+01  6.0000E+00  8.0766E-04  7.8359E-04  9.7019E+02 -6.5910E-01  9.7019E+02  7.3325E+03 -6.3623E+03 -3.6930E-01
  1.1700E+02  0.0000E+00  0.0000E+00  1.0000E+00  1.0000E+00  1.2000E+00  1.0000E+00  2.0000E+00  0.0000E+00  0.0000E+00 -1.0000E+03 -1.0149E+03  1.0149E+03  0.0000E+00  0.0000E+00  1.0399E+04  0.0000E+00  0.0000E+00
  1.1700E+02  1.0080E+03  9.8057E+02  0.0000E+00  1.0000E+00  0.0000E+00  0.0000E+00  2.0000E+00  4.3000E+01  6.0000E+00  8.0849E-04  7.9278E-04  9.8057E+02 -6.5600E-01  9.8057E+02  7.3325E+03 -6.3519E+03 -3.6869E-01
  1.1800E+02  0.0000E+00  0.0000E+00  1.0000E+00  1.0000E+00  1.2000E+00  1.0000E+00  2.0000E+00  0.0000E+00  0.0000E+00 -1.0000E+03 -8.1897E+01  8.1897E+01  0.0000E+00  0.0000E+00  1.0399E+04  0.0000E+00  0.0000E+00
  1.1800E+02  1.3440E+03  8.1596E+01  0.0000E+00  1.0000E+00  0.0000E+00  0.0000E+00  2.0000E+00  5.7000E+01  8.0000E+00  6.1364E-04  5.0071E-05  8.1596E+01 -1.3655E+00  8.1596E+01  6.5263E+03 -6.4447E+03 -4.9780E-01
  1.1900E+02  0.0000E+00  0.0000E+00  1.0000E+00  1.0000E+00  1.2000E+00  1.0000E+00  2.0000E+00  0.0000E+00  0.0000E+00 -1.0000E+03 -1.4075E+02  1.4075E+02  0.0000E+00  0.0000E+00  1.0399E+04  0.0000E+00  0.0000E+00
  1.1900E+02  1.3440E+03  1.3986E+02  0.0000E+00  1.0000E+00  0.0000E+00  0.0000E+00  2.0000E+00  5.7000E+01  8.0000E+00  6.5591E-04  9.1735E-05  1.3986E+02 -1.2129E+00  1.3986E+02  6.5263E+03 -6.3865E+03 -4.9330E-01
  1.2000E+02  0.0000E+00  0.0000E+00  1.0000E+00  1.0000E+00  1.2000E+00  1.0000E+00  2.0000E+00  0.0000E+00  0.0000E+00 -1.0000E+03 -1.4480E+02  1.4480E+02  0.0000E+00  0.0000E+00  1.0399E+04  0.0000E+00  0.0000E+00
  1.2000E+02  1.3440E+03  1.4386E+02  0.0000E+00  1.0000E+00  0.0000E+00  0.0000E+00  2.0000E+00  5.7000E+01  8.0000E+00  6.5812E-04  9.4679E-05  1.4386E+02 -1.2049E+00  1.4386E+02  6.5263E+03 -6.3825E+03 -4.9299E-01
