TABLE NO.  1
 ID          TIME        DV          MDV         CMT         AMT         LEFT        SITE        DAY         WEEK        IWRES       IRES        IPRED       CWRES       DV          PRED        RES         WRES
  1.0000E+00  0.0000E+00  0.0000E+00  1.0000E+00  1.0000E+00  6.0000E-01  0.0000E+00  2.0000E+00  0.0000E+00  0.0000E+00 -1.8177E+00 -6.7350E+05  6.7350E+05  0.0000E+00  0.0000E+00  6.7350E+05  0.0000E+00  0.0000E+00
  1.0000E+00  3.3600E+02  4.2240E+04  0.0000E+00  1.0000E+00  0.0000E+00  1.0000E+00  2.0000E+00  1.5000E+01  2.0000E+00 -6.1507E-01 -2.1603E+04  6.3844E+04 -6.1507E-01  4.2240E+04  6.3844E+04 -2.1603E+04 -6.1507E-01
  2.0000E+00  0.0000E+00  0.0000E+00  1.0000E+00  1.0000E+00  6.0000E-01  0.0000E+00  2.0000E+00  0.0000E+00  0.0000E+00 -1.8177E+00 -6.7350E+05  6.7350E+05  0.0000E+00  0.0000E+00  6.7350E+05  0.0000E+00  0.0000E+00
  2.0000E+00  3.3600E+02  7.5107E+04  0.0000E+00  1.0000E+00  0.0000E+00  1.0000E+00  2.0000E+00  1.5000E+01  2.0000E+00  3.2067E-01  1.1263E+04  6.3844E+04  3.2067E-01  7.5107E+04  6.3844E+04  1.1263E+04  3.2067E-01
  3.0000E+00  0.0000E+00  0.0000E+00  1.0000E+00  1.0000E+00  6.0000E-01  0.0000E+00  2.0000E+00  0.0000E+00  0.0000E+00 -1.8177E+00 -6.7350E+05  6.7350E+05  0.0000E+00  0.0000E+00  6.7350E+05  0.0000E+00  0.0000E+00
  3.0000E+00  6.7200E+02  1.2155E+04  0.0000E+00  1.0000E+00  0.0000E+00  1.0000E+00  2.0000E+00  2.9000E+01  4.0000E+00  1.1051E+00  4.5955E+03  7.5590E+03  1.1051E+00  1.2155E+04  7.5590E+03  4.5955E+03  1.1051E+00
  4.0000E+00  0.0000E+00  0.0000E+00  1.0000E+00  1.0000E+00  6.0000E-01  0.0000E+00  2.0000E+00  0.0000E+00  0.0000E+00 -1.8177E+00 -6.7350E+05  6.7350E+05  0.0000E+00  0.0000E+00  6.7350E+05  0.0000E+00  0.0000E+00
  4.0000E+00  6.7200E+02  8.7923E+03  0.0000E+00  1.0000E+00  0.0000E+00  1.0000E+00  2.0000E+00  2.9000E+01  4.0000E+00  2.9655E-01  1.2332E+03  7.5590E+03  2.9655E-01  8.7923E+03  7.5590E+03  1.2332E+03  2.9655E-01
  5.0000E+00  0.0000E+00  0.0000E+00  1.0000E+00  1.0000E+00  6.0000E-01  0.0000E+00  2.0000E+00  0.0000E+00  0.0000E+00 -1.8177E+00 -6.7350E+05  6.7350E+05  0.0000E+00  0.0000E+00  6.7350E+05  0.0000E+00  0.0000E+00
  5.0000E+00  6.7200E+02  0.0000E+00  1.0000E+00  1.0000E+00  0.0000E+00  1.0000E+00  2.0000E+00  2.9000E+01  4.0000E+00 -1.8177E+00 -7.5590E+03  7.5590E+03  0.0000E+00  0.0000E+00  7.5590E+03  0.0000E+00  0.0000E+00
  6.0000E+00  0.0000E+00  0.0000E+00  1.0000E+00  1.0000E+00  6.0000E-01  0.0000E+00  2.0000E+00  0.0000E+00  0.0000E+00 -1.8177E+00 -6.7350E+05  6.7350E+05  0.0000E+00  0.0000E+00  6.7350E+05  0.0000E+00  0.0000E+00
  6.0000E+00  1.0080E+03  8.5126E+02  0.0000E+00  1.0000E+00  0.0000E+00  1.0000E+00  2.0000E+00  4.3000E+01  6.0000E+00 -8.8795E-02 -4.3720E+01  8.9498E+02 -8.8795E-02  8.5126E+02  8.9498E+02 -4.3720E+01 -8.8795E-02
  7.0000E+00  0.0000E+00  0.0000E+00  1.0000E+00  1.0000E+00  6.0000E-01  0.0000E+00  2.0000E+00  0.0000E+00  0.0000E+00 -1.8177E+00 -6.7350E+05  6.7350E+05  0.0000E+00  0.0000E+00  6.7350E+05  0.0000E+00  0.0000E+00
  7.0000E+00  1.0080E+03  2.7002E+03  0.0000E+00  1.0000E+00  0.0000E+00  1.0000E+00  2.0000E+00  4.3000E+01  6.0000E+00  3.6664E+00  1.8052E+03  8.9498E+02  3.6664E+00  2.7002E+03  8.9498E+02  1.8052E+03  3.6664E+00
  8.0000E+00  0.0000E+00  0.0000E+00  1.0000E+00  1.0000E+00  6.0000E-01  0.0000E+00  2.0000E+00  0.0000E+00  0.0000E+00 -1.8177E+00 -6.7350E+05  6.7350E+05  0.0000E+00  0.0000E+00  6.7350E+05  0.0000E+00  0.0000E+00
  8.0000E+00  1.3440E+03  1.8114E+01  0.0000E+00  1.0000E+00  0.0000E+00  1.0000E+00  2.0000E+00  5.7000E+01  8.0000E+00 -1.5070E+00 -8.7851E+01  1.0597E+02 -1.5070E+00  1.8114E+01  1.0597E+02 -8.7851E+01 -1.5070E+00
  9.0000E+00  0.0000E+00  0.0000E+00  1.0000E+00  1.0000E+00  6.0000E-01  0.0000E+00  2.0000E+00  0.0000E+00  0.0000E+00 -1.8177E+00 -6.7350E+05  6.7350E+05  0.0000E+00  0.0000E+00  6.7350E+05  0.0000E+00  0.0000E+00
  9.0000E+00  1.3440E+03  8.3834E+01  0.0000E+00  1.0000E+00  0.0000E+00  1.0000E+00  2.0000E+00  5.7000E+01  8.0000E+00 -3.7963E-01 -2.2131E+01  1.0597E+02 -3.7963E-01  8.3834E+01  1.0597E+02 -2.2131E+01 -3.7963E-01
  1.0000E+01  0.0000E+00  0.0000E+00  1.0000E+00  1.0000E+00  6.0000E-01  0.0000E+00  2.0000E+00  0.0000E+00  0.0000E+00 -1.8177E+00 -6.7350E+05  6.7350E+05  0.0000E+00  0.0000E+00  6.7350E+05  0.0000E+00  0.0000E+00
  1.0000E+01  1.3440E+03  1.3938E+02  0.0000E+00  1.0000E+00  0.0000E+00  1.0000E+00  2.0000E+00  5.7000E+01  8.0000E+00  5.7312E-01  3.3411E+01  1.0597E+02  5.7312E-01  1.3938E+02  1.0597E+02  3.3411E+01  5.7312E-01
  1.1000E+01  0.0000E+00  0.0000E+00  1.0000E+00  1.0000E+00  6.0000E-01  1.0000E+00  2.0000E+00  0.0000E+00  0.0000E+00 -1.8177E+00 -6.7350E+05  6.7350E+05  0.0000E+00  0.0000E+00  6.7350E+05  0.0000E+00  0.0000E+00
  1.1000E+01  3.3600E+02  8.9013E+04  0.0000E+00  1.0000E+00  0.0000E+00  0.0000E+00  2.0000E+00  1.5000E+01  2.0000E+00  7.1661E-01  2.5170E+04  6.3844E+04  7.1661E-01  8.9013E+04  6.3844E+04  2.5170E+04  7.1661E-01
  1.2000E+01  0.0000E+00  0.0000E+00  1.0000E+00  1.0000E+00  6.0000E-01  1.0000E+00  2.0000E+00  0.0000E+00  0.0000E+00 -1.8177E+00 -6.7350E+05  6.7350E+05  0.0000E+00  0.0000E+00  6.7350E+05  0.0000E+00  0.0000E+00
  1.2000E+01  3.3600E+02  5.4967E+04  0.0000E+00  1.0000E+00  0.0000E+00  0.0000E+00  2.0000E+00  1.5000E+01  2.0000E+00 -2.5274E-01 -8.8772E+03  6.3844E+04 -2.5274E-01  5.4967E+04  6.3844E+04 -8.8772E+03 -2.5274E-01
  1.3000E+01  0.0000E+00  0.0000E+00  1.0000E+00  1.0000E+00  6.0000E-01  1.0000E+00  2.0000E+00  0.0000E+00  0.0000E+00 -1.8177E+00 -6.7350E+05  6.7350E+05  0.0000E+00  0.0000E+00  6.7350E+05  0.0000E+00  0.0000E+00
  1.3000E+01  6.7200E+02  7.5606E+03  0.0000E+00  1.0000E+00  0.0000E+00  0.0000E+00  2.0000E+00  2.9000E+01  4.0000E+00  3.8244E-04  1.5904E+00  7.5590E+03  3.8244E-04  7.5606E+03  7.5590E+03  1.5904E+00  3.8244E-04
  1.4000E+01  0.0000E+00  0.0000E+00  1.0000E+00  1.0000E+00  6.0000E-01  1.0000E+00  2.0000E+00  0.0000E+00  0.0000E+00 -1.8177E+00 -6.7350E+05  6.7350E+05  0.0000E+00  0.0000E+00  6.7350E+05  0.0000E+00  0.0000E+00
  1.4000E+01  6.7200E+02  5.8805E+03  0.0000E+00  1.0000E+00  0.0000E+00  0.0000E+00  2.0000E+00  2.9000E+01  4.0000E+00 -4.0363E-01 -1.6785E+03  7.5590E+03 -4.0363E-01  5.8805E+03  7.5590E+03 -1.6785E+03 -4.0363E-01
  1.5000E+01  0.0000E+00  0.0000E+00  1.0000E+00  1.0000E+00  6.0000E-01  1.0000E+00  2.0000E+00  0.0000E+00  0.0000E+00 -1.8177E+00 -6.7350E+05  6.7350E+05  0.0000E+00  0.0000E+00  6.7350E+05  0.0000E+00  0.0000E+00
  1.5000E+01  6.7200E+02  1.6131E+03  0.0000E+00  1.0000E+00  0.0000E+00  0.0000E+00  2.0000E+00  2.9000E+01  4.0000E+00 -1.4298E+00 -5.9459E+03  7.5590E+03 -1.4298E+00  1.6131E+03  7.5590E+03 -5.9459E+03 -1.4298E+00
  1.6000E+01  0.0000E+00  0.0000E+00  1.0000E+00  1.0000E+00  6.0000E-01  1.0000E+00  2.0000E+00  0.0000E+00  0.0000E+00 -1.8177E+00 -6.7350E+05  6.7350E+05  0.0000E+00  0.0000E+00  6.7350E+05  0.0000E+00  0.0000E+00
  1.6000E+01  1.0080E+03  1.8740E+03  0.0000E+00  1.0000E+00  0.0000E+00  0.0000E+00  2.0000E+00  4.3000E+01  6.0000E+00  1.9883E+00  9.7898E+02  8.9498E+02  1.9883E+00  1.8740E+03  8.9498E+02  9.7898E+02  1.9883E+00
  1.7000E+01  0.0000E+00  0.0000E+00  1.0000E+00  1.0000E+00  6.0000E-01  1.0000E+00  2.0000E+00  0.0000E+00  0.0000E+00 -1.8177E+00 -6.7350E+05  6.7350E+05  0.0000E+00  0.0000E+00  6.7350E+05  0.0000E+00  0.0000E+00
  1.7000E+01  1.0080E+03  2.0616E+03  0.0000E+00  1.0000E+00  0.0000E+00  0.0000E+00  2.0000E+00  4.3000E+01  6.0000E+00  2.3695E+00  1.1667E+03  8.9498E+02  2.3695E+00  2.0616E+03  8.9498E+02  1.1667E+03  2.3695E+00
  1.8000E+01  0.0000E+00  0.0000E+00  1.0000E+00  1.0000E+00  6.0000E-01  1.0000E+00  2.0000E+00  0.0000E+00  0.0000E+00 -1.8177E+00 -6.7350E+05  6.7350E+05  0.0000E+00  0.0000E+00  6.7350E+05  0.0000E+00  0.0000E+00
  1.8000E+01  1.3440E+03  8.9043E+01  0.0000E+00  1.0000E+00  0.0000E+00  0.0000E+00  2.0000E+00  5.7000E+01  8.0000E+00 -2.9027E-01 -1.6922E+01  1.0597E+02 -2.9027E-01  8.9043E+01  1.0597E+02 -1.6922E+01 -2.9027E-01
  1.9000E+01  0.0000E+00  0.0000E+00  1.0000E+00  1.0000E+00  6.0000E-01  1.0000E+00  2.0000E+00  0.0000E+00  0.0000E+00 -1.8177E+00 -6.7350E+05  6.7350E+05  0.0000E+00  0.0000E+00  6.7350E+05  0.0000E+00  0.0000E+00
  1.9000E+01  1.3440E+03  9.1735E+01  0.0000E+00  1.0000E+00  0.0000E+00  0.0000E+00  2.0000E+00  5.7000E+01  8.0000E+00 -2.4410E-01 -1.4230E+01  1.0597E+02 -2.4410E-01  9.1735E+01  1.0597E+02 -1.4230E+01 -2.4410E-01
  2.0000E+01  0.0000E+00  0.0000E+00  1.0000E+00  1.0000E+00  6.0000E-01  1.0000E+00  2.0000E+00  0.0000E+00  0.0000E+00 -1.8177E+00 -6.7350E+05  6.7350E+05  0.0000E+00  0.0000E+00  6.7350E+05  0.0000E+00  0.0000E+00
  2.0000E+01  1.3440E+03  1.4429E+02  0.0000E+00  1.0000E+00  0.0000E+00  0.0000E+00  2.0000E+00  5.7000E+01  8.0000E+00  6.5737E-01  3.8322E+01  1.0597E+02  6.5737E-01  1.4429E+02  1.0597E+02  3.8322E+01  6.5737E-01
  1.0100E+02  0.0000E+00  0.0000E+00  1.0000E+00  1.0000E+00  1.2000E+00  0.0000E+00  2.0000E+00  0.0000E+00  0.0000E+00 -1.8177E+00 -1.3470E+06  1.3470E+06  0.0000E+00  0.0000E+00  1.3470E+06  0.0000E+00  0.0000E+00
  1.0100E+02  3.3600E+02  1.3594E+05  0.0000E+00  1.0000E+00  0.0000E+00  1.0000E+00  2.0000E+00  1.5000E+01  2.0000E+00  1.1752E-01  8.2557E+03  1.2769E+05  1.1752E-01  1.3594E+05  1.2769E+05  8.2557E+03  1.1752E-01
  1.0200E+02  0.0000E+00  0.0000E+00  1.0000E+00  1.0000E+00  1.2000E+00  0.0000E+00  2.0000E+00  0.0000E+00  0.0000E+00 -1.8177E+00 -1.3470E+06  1.3470E+06  0.0000E+00  0.0000E+00  1.3470E+06  0.0000E+00  0.0000E+00
  1.0200E+02  3.3600E+02  1.0246E+05  0.0000E+00  1.0000E+00  0.0000E+00  1.0000E+00  2.0000E+00  1.5000E+01  2.0000E+00 -3.5907E-01 -2.5224E+04  1.2769E+05 -3.5907E-01  1.0246E+05  1.2769E+05 -2.5224E+04 -3.5907E-01
  1.0300E+02  0.0000E+00  0.0000E+00  1.0000E+00  1.0000E+00  1.2000E+00  0.0000E+00  2.0000E+00  0.0000E+00  0.0000E+00 -1.8177E+00 -1.3470E+06  1.3470E+06  0.0000E+00  0.0000E+00  1.3470E+06  0.0000E+00  0.0000E+00
  1.0300E+02  6.7200E+02  1.4701E+04  0.0000E+00  1.0000E+00  0.0000E+00  1.0000E+00  2.0000E+00  2.9000E+01  4.0000E+00 -5.0187E-02 -4.1742E+02  1.5118E+04 -5.0187E-02  1.4701E+04  1.5118E+04 -4.1742E+02 -5.0187E-02
  1.0400E+02  0.0000E+00  0.0000E+00  1.0000E+00  1.0000E+00  1.2000E+00  0.0000E+00  2.0000E+00  0.0000E+00  0.0000E+00 -1.8177E+00 -1.3470E+06  1.3470E+06  0.0000E+00  0.0000E+00  1.3470E+06  0.0000E+00  0.0000E+00
  1.0400E+02  6.7200E+02  1.6894E+04  0.0000E+00  1.0000E+00  0.0000E+00  1.0000E+00  2.0000E+00  2.9000E+01  4.0000E+00  2.1352E-01  1.7759E+03  1.5118E+04  2.1352E-01  1.6894E+04  1.5118E+04  1.7759E+03  2.1352E-01
  1.0500E+02  0.0000E+00  0.0000E+00  1.0000E+00  1.0000E+00  1.2000E+00  0.0000E+00  2.0000E+00  0.0000E+00  0.0000E+00 -1.8177E+00 -1.3470E+06  1.3470E+06  0.0000E+00  0.0000E+00  1.3470E+06  0.0000E+00  0.0000E+00
  1.0500E+02  6.7200E+02  1.4891E+04  0.0000E+00  1.0000E+00  0.0000E+00  1.0000E+00  2.0000E+00  2.9000E+01  4.0000E+00 -2.7313E-02 -2.2717E+02  1.5118E+04 -2.7313E-02  1.4891E+04  1.5118E+04 -2.2717E+02 -2.7313E-02
  1.0600E+02  0.0000E+00  0.0000E+00  1.0000E+00  1.0000E+00  1.2000E+00  0.0000E+00  2.0000E+00  0.0000E+00  0.0000E+00 -1.8177E+00 -1.3470E+06  1.3470E+06  0.0000E+00  0.0000E+00  1.3470E+06  0.0000E+00  0.0000E+00
  1.0600E+02  1.0080E+03  1.0314E+03  0.0000E+00  1.0000E+00  0.0000E+00  1.0000E+00  2.0000E+00  4.3000E+01  6.0000E+00 -7.7036E-01 -7.5860E+02  1.7900E+03 -7.7036E-01  1.0314E+03  1.7900E+03 -7.5860E+02 -7.7036E-01
  1.0700E+02  0.0000E+00  0.0000E+00  1.0000E+00  1.0000E+00  1.2000E+00  0.0000E+00  2.0000E+00  0.0000E+00  0.0000E+00 -1.8177E+00 -1.3470E+06  1.3470E+06  0.0000E+00  0.0000E+00  1.3470E+06  0.0000E+00  0.0000E+00
  1.0700E+02  1.0080E+03  1.7030E+03  0.0000E+00  1.0000E+00  0.0000E+00  1.0000E+00  2.0000E+00  4.3000E+01  6.0000E+00 -8.8341E-02 -8.6992E+01  1.7900E+03 -8.8341E-02  1.7030E+03  1.7900E+03 -8.6992E+01 -8.8341E-02
  1.0800E+02  0.0000E+00  0.0000E+00  1.0000E+00  1.0000E+00  1.2000E+00  0.0000E+00  2.0000E+00  0.0000E+00  0.0000E+00 -1.8177E+00 -1.3470E+06  1.3470E+06  0.0000E+00  0.0000E+00  1.3470E+06  0.0000E+00  0.0000E+00
  1.0800E+02  1.3440E+03  9.6058E+01  0.0000E+00  1.0000E+00  0.0000E+00  1.0000E+00  2.0000E+00  5.7000E+01  8.0000E+00 -9.9383E-01 -1.1587E+02  2.1193E+02 -9.9383E-01  9.6058E+01  2.1193E+02 -1.1587E+02 -9.9383E-01
  1.0900E+02  0.0000E+00  0.0000E+00  1.0000E+00  1.0000E+00  1.2000E+00  0.0000E+00  2.0000E+00  0.0000E+00  0.0000E+00 -1.8177E+00 -1.3470E+06  1.3470E+06  0.0000E+00  0.0000E+00  1.3470E+06  0.0000E+00  0.0000E+00
  1.0900E+02  1.3440E+03  9.1258E+01  0.0000E+00  1.0000E+00  0.0000E+00  1.0000E+00  2.0000E+00  5.7000E+01  8.0000E+00 -1.0350E+00 -1.2067E+02  2.1193E+02 -1.0350E+00  9.1258E+01  2.1193E+02 -1.2067E+02 -1.0350E+00
  1.1000E+02  0.0000E+00  0.0000E+00  1.0000E+00  1.0000E+00  1.2000E+00  0.0000E+00  2.0000E+00  0.0000E+00  0.0000E+00 -1.8177E+00 -1.3470E+06  1.3470E+06  0.0000E+00  0.0000E+00  1.3470E+06  0.0000E+00  0.0000E+00
  1.1000E+02  1.3440E+03  1.7773E+02  0.0000E+00  1.0000E+00  0.0000E+00  1.0000E+00  2.0000E+00  5.7000E+01  8.0000E+00 -2.9334E-01 -3.4201E+01  2.1193E+02 -2.9334E-01  1.7773E+02  2.1193E+02 -3.4201E+01 -2.9334E-01
  1.1100E+02  0.0000E+00  0.0000E+00  1.0000E+00  1.0000E+00  1.2000E+00  1.0000E+00  2.0000E+00  0.0000E+00  0.0000E+00 -1.8177E+00 -1.3470E+06  1.3470E+06  0.0000E+00  0.0000E+00  1.3470E+06  0.0000E+00  0.0000E+00
  1.1100E+02  3.3600E+02  1.6647E+05  0.0000E+00  1.0000E+00  0.0000E+00  0.0000E+00  2.0000E+00  1.5000E+01  2.0000E+00  5.5209E-01  3.8782E+04  1.2769E+05  5.5209E-01  1.6647E+05  1.2769E+05  3.8782E+04  5.5209E-01
  1.1200E+02  0.0000E+00  0.0000E+00  1.0000E+00  1.0000E+00  1.2000E+00  1.0000E+00  2.0000E+00  0.0000E+00  0.0000E+00 -1.8177E+00 -1.3470E+06  1.3470E+06  0.0000E+00  0.0000E+00  1.3470E+06  0.0000E+00  0.0000E+00
  1.1200E+02  3.3600E+02  1.8462E+05  0.0000E+00  1.0000E+00  0.0000E+00  0.0000E+00  2.0000E+00  1.5000E+01  2.0000E+00  8.1046E-01  5.6932E+04  1.2769E+05  8.1046E-01  1.8462E+05  1.2769E+05  5.6932E+04  8.1046E-01
  1.1300E+02  0.0000E+00  0.0000E+00  1.0000E+00  1.0000E+00  1.2000E+00  1.0000E+00  2.0000E+00  0.0000E+00  0.0000E+00 -1.8177E+00 -1.3470E+06  1.3470E+06  0.0000E+00  0.0000E+00  1.3470E+06  0.0000E+00  0.0000E+00
  1.1300E+02  6.7200E+02  8.8602E+03  0.0000E+00  1.0000E+00  0.0000E+00  0.0000E+00  2.0000E+00  2.9000E+01  4.0000E+00 -7.5241E-01 -6.2579E+03  1.5118E+04 -7.5241E-01  8.8602E+03  1.5118E+04 -6.2579E+03 -7.5241E-01
  1.1400E+02  0.0000E+00  0.0000E+00  1.0000E+00  1.0000E+00  1.2000E+00  1.0000E+00  2.0000E+00  0.0000E+00  0.0000E+00 -1.8177E+00 -1.3470E+06  1.3470E+06  0.0000E+00  0.0000E+00  1.3470E+06  0.0000E+00  0.0000E+00
  1.1400E+02  6.7200E+02  1.8939E+04  0.0000E+00  1.0000E+00  0.0000E+00  0.0000E+00  2.0000E+00  2.9000E+01  4.0000E+00  4.5946E-01  3.8214E+03  1.5118E+04  4.5946E-01  1.8939E+04  1.5118E+04  3.8214E+03  4.5946E-01
  1.1500E+02  0.0000E+00  0.0000E+00  1.0000E+00  1.0000E+00  1.2000E+00  1.0000E+00  2.0000E+00  0.0000E+00  0.0000E+00 -1.8177E+00 -1.3470E+06  1.3470E+06  0.0000E+00  0.0000E+00  1.3470E+06  0.0000E+00  0.0000E+00
  1.1500E+02  6.7200E+02  1.2609E+04  0.0000E+00  1.0000E+00  0.0000E+00  0.0000E+00  2.0000E+00  2.9000E+01  4.0000E+00 -3.0164E-01 -2.5088E+03  1.5118E+04 -3.0164E-01  1.2609E+04  1.5118E+04 -2.5088E+03 -3.0164E-01
  1.1600E+02  0.0000E+00  0.0000E+00  1.0000E+00  1.0000E+00  1.2000E+00  1.0000E+00  2.0000E+00  0.0000E+00  0.0000E+00 -1.8177E+00 -1.3470E+06  1.3470E+06  0.0000E+00  0.0000E+00  1.3470E+06  0.0000E+00  0.0000E+00
  1.1600E+02  1.0080E+03  9.7019E+02  0.0000E+00  1.0000E+00  0.0000E+00  0.0000E+00  2.0000E+00  4.3000E+01  6.0000E+00 -8.3247E-01 -8.1977E+02  1.7900E+03 -8.3247E-01  9.7019E+02  1.7900E+03 -8.1977E+02 -8.3247E-01
  1.1700E+02  0.0000E+00  0.0000E+00  1.0000E+00  1.0000E+00  1.2000E+00  1.0000E+00  2.0000E+00  0.0000E+00  0.0000E+00 -1.8177E+00 -1.3470E+06  1.3470E+06  0.0000E+00  0.0000E+00  1.3470E+06  0.0000E+00  0.0000E+00
  1.1700E+02  1.0080E+03  9.8057E+02  0.0000E+00  1.0000E+00  0.0000E+00  0.0000E+00  2.0000E+00  4.3000E+01  6.0000E+00 -8.2194E-01 -8.0940E+02  1.7900E+03 -8.2194E-01  9.8057E+02  1.7900E+03 -8.0940E+02 -8.2194E-01
  1.1800E+02  0.0000E+00  0.0000E+00  1.0000E+00  1.0000E+00  1.2000E+00  1.0000E+00  2.0000E+00  0.0000E+00  0.0000E+00 -1.8177E+00 -1.3470E+06  1.3470E+06  0.0000E+00  0.0000E+00  1.3470E+06  0.0000E+00  0.0000E+00
  1.1800E+02  1.3440E+03  8.1596E+01  0.0000E+00  1.0000E+00  0.0000E+00  0.0000E+00  2.0000E+00  5.7000E+01  8.0000E+00 -1.1179E+00 -1.3033E+02  2.1193E+02 -1.1179E+00  8.1596E+01  2.1193E+02 -1.3033E+02 -1.1179E+00
  1.1900E+02  0.0000E+00  0.0000E+00  1.0000E+00  1.0000E+00  1.2000E+00  1.0000E+00  2.0000E+00  0.0000E+00  0.0000E+00 -1.8177E+00 -1.3470E+06  1.3470E+06  0.0000E+00  0.0000E+00  1.3470E+06  0.0000E+00  0.0000E+00
  1.1900E+02  1.3440E+03  1.3986E+02  0.0000E+00  1.0000E+00  0.0000E+00  0.0000E+00  2.0000E+00  5.7000E+01  8.0000E+00 -6.1815E-01 -7.2072E+01  2.1193E+02 -6.1815E-01  1.3986E+02  2.1193E+02 -7.2072E+01 -6.1815E-01
  1.2000E+02  0.0000E+00  0.0000E+00  1.0000E+00  1.0000E+00  1.2000E+00  1.0000E+00  2.0000E+00  0.0000E+00  0.0000E+00 -1.8177E+00 -1.3470E+06  1.3470E+06  0.0000E+00  0.0000E+00  1.3470E+06  0.0000E+00  0.0000E+00
  1.2000E+02  1.3440E+03  1.4386E+02  0.0000E+00  1.0000E+00  0.0000E+00  0.0000E+00  2.0000E+00  5.7000E+01  8.0000E+00 -5.8382E-01 -6.8069E+01  2.1193E+02 -5.8382E-01  1.4386E+02  2.1193E+02 -6.8069E+01 -5.8382E-01
