TABLE NO.  1
 ID          TIME        DV          MDV         CMT         AMT         LEFT        SITE        DAY         WEEK        IWRES       IRES        IPRED       CWRES       DV          PRED        RES         WRES
  1.0000E+00  0.0000E+00  0.0000E+00  1.0000E+00  1.0000E+00  6.0000E-01  0.0000E+00  2.0000E+00  0.0000E+00  0.0000E+00 -5.9961E+01 -7.1517E+05  7.1517E+05  0.0000E+00  0.0000E+00  7.1517E+05  0.0000E+00  0.0000E+00
  1.0000E+00  3.3600E+02  4.2240E+04  0.0000E+00  1.0000E+00  0.0000E+00  1.0000E+00  2.0000E+00  1.5000E+01  2.0000E+00 -2.4961E+00 -2.9772E+04  7.2012E+04 -2.4961E+00  4.2240E+04  7.2012E+04 -2.9772E+04 -2.4961E+00
  2.0000E+00  0.0000E+00  0.0000E+00  1.0000E+00  1.0000E+00  6.0000E-01  0.0000E+00  2.0000E+00  0.0000E+00  0.0000E+00 -5.9961E+01 -7.1517E+05  7.1517E+05  0.0000E+00  0.0000E+00  7.1517E+05  0.0000E+00  0.0000E+00
  2.0000E+00  3.3600E+02  7.5107E+04  0.0000E+00  1.0000E+00  0.0000E+00  1.0000E+00  2.0000E+00  1.5000E+01  2.0000E+00  2.5947E-01  3.0948E+03  7.2012E+04  2.5947E-01  7.5107E+04  7.2012E+04  3.0948E+03  2.5947E-01
  3.0000E+00  0.0000E+00  0.0000E+00  1.0000E+00  1.0000E+00  6.0000E-01  0.0000E+00  2.0000E+00  0.0000E+00  0.0000E+00 -5.9961E+01 -7.1517E+05  7.1517E+05  0.0000E+00  0.0000E+00  7.1517E+05  0.0000E+00  0.0000E+00
  3.0000E+00  6.7200E+02  1.2155E+04  0.0000E+00  1.0000E+00  0.0000E+00  1.0000E+00  2.0000E+00  2.9000E+01  4.0000E+00  4.1111E-01  4.9035E+03  7.2510E+03  4.1111E-01  1.2155E+04  7.2510E+03  4.9035E+03  4.1111E-01
  4.0000E+00  0.0000E+00  0.0000E+00  1.0000E+00  1.0000E+00  6.0000E-01  0.0000E+00  2.0000E+00  0.0000E+00  0.0000E+00 -5.9961E+01 -7.1517E+05  7.1517E+05  0.0000E+00  0.0000E+00  7.1517E+05  0.0000E+00  0.0000E+00
  4.0000E+00  6.7200E+02  8.7923E+03  0.0000E+00  1.0000E+00  0.0000E+00  1.0000E+00  2.0000E+00  2.9000E+01  4.0000E+00  1.2922E-01  1.5412E+03  7.2510E+03  1.2922E-01  8.7923E+03  7.2510E+03  1.5412E+03  1.2922E-01
  5.0000E+00  0.0000E+00  0.0000E+00  1.0000E+00  1.0000E+00  6.0000E-01  0.0000E+00  2.0000E+00  0.0000E+00  0.0000E+00 -5.9961E+01 -7.1517E+05  7.1517E+05  0.0000E+00  0.0000E+00  7.1517E+05  0.0000E+00  0.0000E+00
  5.0000E+00  6.7200E+02  0.0000E+00  1.0000E+00  1.0000E+00  0.0000E+00  1.0000E+00  2.0000E+00  2.9000E+01  4.0000E+00 -6.0794E-01 -7.2510E+03  7.2510E+03  0.0000E+00  0.0000E+00  7.2510E+03  0.0000E+00  0.0000E+00
  6.0000E+00  0.0000E+00  0.0000E+00  1.0000E+00  1.0000E+00  6.0000E-01  0.0000E+00  2.0000E+00  0.0000E+00  0.0000E+00 -5.9961E+01 -7.1517E+05  7.1517E+05  0.0000E+00  0.0000E+00  7.1517E+05  0.0000E+00  0.0000E+00
  6.0000E+00  1.0080E+03  8.5126E+02  0.0000E+00  1.0000E+00  0.0000E+00  1.0000E+00  2.0000E+00  4.3000E+01  6.0000E+00  1.0157E-02  1.2114E+02  7.3012E+02  1.0157E-02  8.5126E+02  7.3012E+02  1.2114E+02  1.0157E-02
  7.0000E+00  0.0000E+00  0.0000E+00  1.0000E+00  1.0000E+00  6.0000E-01  0.0000E+00  2.0000E+00  0.0000E+00  0.0000E+00 -5.9961E+01 -7.1517E+05  7.1517E+05  0.0000E+00  0.0000E+00  7.1517E+05  0.0000E+00  0.0000E+00
  7.0000E+00  1.0080E+03  2.7002E+03  0.0000E+00  1.0000E+00  0.0000E+00  1.0000E+00  2.0000E+00  4.3000E+01  6.0000E+00  1.6517E-01  1.9701E+03  7.3012E+02  1.6517E-01  2.7002E+03  7.3012E+02  1.9701E+03  1.6517E-01
  8.0000E+00  0.0000E+00  0.0000E+00  1.0000E+00  1.0000E+00  6.0000E-01  0.0000E+00  2.0000E+00  0.0000E+00  0.0000E+00 -5.9961E+01 -7.1517E+05  7.1517E+05  0.0000E+00  0.0000E+00  7.1517E+05  0.0000E+00  0.0000E+00
  8.0000E+00  1.3440E+03  1.8114E+01  0.0000E+00  1.0000E+00  0.0000E+00  1.0000E+00  2.0000E+00  5.7000E+01  8.0000E+00 -4.6451E-03 -5.5404E+01  7.3517E+01 -4.6451E-03  1.8114E+01  7.3517E+01 -5.5404E+01 -4.6451E-03
  9.0000E+00  0.0000E+00  0.0000E+00  1.0000E+00  1.0000E+00  6.0000E-01  0.0000E+00  2.0000E+00  0.0000E+00  0.0000E+00 -5.9961E+01 -7.1517E+05  7.1517E+05  0.0000E+00  0.0000E+00  7.1517E+05  0.0000E+00  0.0000E+00
  9.0000E+00  1.3440E+03  8.3834E+01  0.0000E+00  1.0000E+00  0.0000E+00  1.0000E+00  2.0000E+00  5.7000E+01  8.0000E+00  8.6498E-04  1.0317E+01  7.3517E+01  8.6498E-04  8.3834E+01  7.3517E+01  1.0317E+01  8.6498E-04
  1.0000E+01  0.0000E+00  0.0000E+00  1.0000E+00  1.0000E+00  6.0000E-01  0.0000E+00  2.0000E+00  0.0000E+00  0.0000E+00 -5.9961E+01 -7.1517E+05  7.1517E+05  0.0000E+00  0.0000E+00  7.1517E+05  0.0000E+00  0.0000E+00
  1.0000E+01  1.3440E+03  1.3938E+02  0.0000E+00  1.0000E+00  0.0000E+00  1.0000E+00  2.0000E+00  5.7000E+01  8.0000E+00  5.5216E-03  6.5858E+01  7.3517E+01  5.5216E-03  1.3938E+02  7.3517E+01  6.5858E+01  5.5216E-03
  1.1000E+01  0.0000E+00  0.0000E+00  1.0000E+00  1.0000E+00  6.0000E-01  1.0000E+00  2.0000E+00  0.0000E+00  0.0000E+00 -5.9961E+01 -7.1517E+05  7.1517E+05  0.0000E+00  0.0000E+00  7.1517E+05  0.0000E+00  0.0000E+00
  1.1000E+01  3.3600E+02  8.9013E+04  0.0000E+00  1.0000E+00  0.0000E+00  0.0000E+00  2.0000E+00  1.5000E+01  2.0000E+00  1.4254E+00  1.7001E+04  7.2012E+04  1.4254E+00  8.9013E+04  7.2012E+04  1.7001E+04  1.4254E+00
  1.2000E+01  0.0000E+00  0.0000E+00  1.0000E+00  1.0000E+00  6.0000E-01  1.0000E+00  2.0000E+00  0.0000E+00  0.0000E+00 -5.9961E+01 -7.1517E+05  7.1517E+05  0.0000E+00  0.0000E+00  7.1517E+05  0.0000E+00  0.0000E+00
  1.2000E+01  3.3600E+02  5.4967E+04  0.0000E+00  1.0000E+00  0.0000E+00  0.0000E+00  2.0000E+00  1.5000E+01  2.0000E+00 -1.4291E+00 -1.7046E+04  7.2012E+04 -1.4291E+00  5.4967E+04  7.2012E+04 -1.7046E+04 -1.4291E+00
  1.3000E+01  0.0000E+00  0.0000E+00  1.0000E+00  1.0000E+00  6.0000E-01  1.0000E+00  2.0000E+00  0.0000E+00  0.0000E+00 -5.9961E+01 -7.1517E+05  7.1517E+05  0.0000E+00  0.0000E+00  7.1517E+05  0.0000E+00  0.0000E+00
  1.3000E+01  6.7200E+02  7.5606E+03  0.0000E+00  1.0000E+00  0.0000E+00  0.0000E+00  2.0000E+00  2.9000E+01  4.0000E+00  2.5956E-02  3.0958E+02  7.2510E+03  2.5956E-02  7.5606E+03  7.2510E+03  3.0958E+02  2.5956E-02
  1.4000E+01  0.0000E+00  0.0000E+00  1.0000E+00  1.0000E+00  6.0000E-01  1.0000E+00  2.0000E+00  0.0000E+00  0.0000E+00 -5.9961E+01 -7.1517E+05  7.1517E+05  0.0000E+00  0.0000E+00  7.1517E+05  0.0000E+00  0.0000E+00
  1.4000E+01  6.7200E+02  5.8805E+03  0.0000E+00  1.0000E+00  0.0000E+00  0.0000E+00  2.0000E+00  2.9000E+01  4.0000E+00 -1.1491E-01 -1.3705E+03  7.2510E+03 -1.1491E-01  5.8805E+03  7.2510E+03 -1.3705E+03 -1.1491E-01
  1.5000E+01  0.0000E+00  0.0000E+00  1.0000E+00  1.0000E+00  6.0000E-01  1.0000E+00  2.0000E+00  0.0000E+00  0.0000E+00 -5.9961E+01 -7.1517E+05  7.1517E+05  0.0000E+00  0.0000E+00  7.1517E+05  0.0000E+00  0.0000E+00
  1.5000E+01  6.7200E+02  1.6131E+03  0.0000E+00  1.0000E+00  0.0000E+00  0.0000E+00  2.0000E+00  2.9000E+01  4.0000E+00 -4.7269E-01 -5.6379E+03  7.2510E+03 -4.7269E-01  1.6131E+03  7.2510E+03 -5.6379E+03 -4.7269E-01
  1.6000E+01  0.0000E+00  0.0000E+00  1.0000E+00  1.0000E+00  6.0000E-01  1.0000E+00  2.0000E+00  0.0000E+00  0.0000E+00 -5.9961E+01 -7.1517E+05  7.1517E+05  0.0000E+00  0.0000E+00  7.1517E+05  0.0000E+00  0.0000E+00
  1.6000E+01  1.0080E+03  1.8740E+03  0.0000E+00  1.0000E+00  0.0000E+00  0.0000E+00  2.0000E+00  4.3000E+01  6.0000E+00  9.5901E-02  1.1438E+03  7.3012E+02  9.5901E-02  1.8740E+03  7.3012E+02  1.1438E+03  9.5901E-02
  1.7000E+01  0.0000E+00  0.0000E+00  1.0000E+00  1.0000E+00  6.0000E-01  1.0000E+00  2.0000E+00  0.0000E+00  0.0000E+00 -5.9961E+01 -7.1517E+05  7.1517E+05  0.0000E+00  0.0000E+00  7.1517E+05  0.0000E+00  0.0000E+00
  1.7000E+01  1.0080E+03  2.0616E+03  0.0000E+00  1.0000E+00  0.0000E+00  0.0000E+00  2.0000E+00  4.3000E+01  6.0000E+00  1.1164E-01  1.3315E+03  7.3012E+02  1.1164E-01  2.0616E+03  7.3012E+02  1.3315E+03  1.1164E-01
  1.8000E+01  0.0000E+00  0.0000E+00  1.0000E+00  1.0000E+00  6.0000E-01  1.0000E+00  2.0000E+00  0.0000E+00  0.0000E+00 -5.9961E+01 -7.1517E+05  7.1517E+05  0.0000E+00  0.0000E+00  7.1517E+05  0.0000E+00  0.0000E+00
  1.8000E+01  1.3440E+03  8.9043E+01  0.0000E+00  1.0000E+00  0.0000E+00  0.0000E+00  2.0000E+00  5.7000E+01  8.0000E+00  1.3017E-03  1.5526E+01  7.3517E+01  1.3017E-03  8.9043E+01  7.3517E+01  1.5526E+01  1.3017E-03
  1.9000E+01  0.0000E+00  0.0000E+00  1.0000E+00  1.0000E+00  6.0000E-01  1.0000E+00  2.0000E+00  0.0000E+00  0.0000E+00 -5.9961E+01 -7.1517E+05  7.1517E+05  0.0000E+00  0.0000E+00  7.1517E+05  0.0000E+00  0.0000E+00
  1.9000E+01  1.3440E+03  9.1735E+01  0.0000E+00  1.0000E+00  0.0000E+00  0.0000E+00  2.0000E+00  5.7000E+01  8.0000E+00  1.5274E-03  1.8218E+01  7.3517E+01  1.5274E-03  9.1735E+01  7.3517E+01  1.8218E+01  1.5274E-03
  2.0000E+01  0.0000E+00  0.0000E+00  1.0000E+00  1.0000E+00  6.0000E-01  1.0000E+00  2.0000E+00  0.0000E+00  0.0000E+00 -5.9961E+01 -7.1517E+05  7.1517E+05  0.0000E+00  0.0000E+00  7.1517E+05  0.0000E+00  0.0000E+00
  2.0000E+01  1.3440E+03  1.4429E+02  0.0000E+00  1.0000E+00  0.0000E+00  0.0000E+00  2.0000E+00  5.7000E+01  8.0000E+00  5.9334E-03  7.0770E+01  7.3517E+01  5.9334E-03  1.4429E+02  7.3517E+01  7.0770E+01  5.9334E-03
  1.0100E+02  0.0000E+00  0.0000E+00  1.0000E+00  1.0000E+00  1.2000E+00  0.0000E+00  2.0000E+00  0.0000E+00  0.0000E+00 -1.1992E+02 -1.4303E+06  1.4303E+06  0.0000E+00  0.0000E+00  1.4303E+06  0.0000E+00  0.0000E+00
  1.0100E+02  3.3600E+02  1.3594E+05  0.0000E+00  1.0000E+00  0.0000E+00  1.0000E+00  2.0000E+00  1.5000E+01  2.0000E+00 -6.7752E-01 -8.0811E+03  1.4402E+05 -6.7752E-01  1.3594E+05  1.4402E+05 -8.0811E+03 -6.7752E-01
  1.0200E+02  0.0000E+00  0.0000E+00  1.0000E+00  1.0000E+00  1.2000E+00  0.0000E+00  2.0000E+00  0.0000E+00  0.0000E+00 -1.1992E+02 -1.4303E+06  1.4303E+06  0.0000E+00  0.0000E+00  1.4303E+06  0.0000E+00  0.0000E+00
  1.0200E+02  3.3600E+02  1.0246E+05  0.0000E+00  1.0000E+00  0.0000E+00  1.0000E+00  2.0000E+00  1.5000E+01  2.0000E+00 -3.4845E+00 -4.1560E+04  1.4402E+05 -3.4845E+00  1.0246E+05  1.4402E+05 -4.1560E+04 -3.4845E+00
  1.0300E+02  0.0000E+00  0.0000E+00  1.0000E+00  1.0000E+00  1.2000E+00  0.0000E+00  2.0000E+00  0.0000E+00  0.0000E+00 -1.1992E+02 -1.4303E+06  1.4303E+06  0.0000E+00  0.0000E+00  1.4303E+06  0.0000E+00  0.0000E+00
  1.0300E+02  6.7200E+02  1.4701E+04  0.0000E+00  1.0000E+00  0.0000E+00  1.0000E+00  2.0000E+00  2.9000E+01  4.0000E+00  1.6648E-02  1.9857E+02  1.4502E+04  1.6648E-02  1.4701E+04  1.4502E+04  1.9857E+02  1.6648E-02
  1.0400E+02  0.0000E+00  0.0000E+00  1.0000E+00  1.0000E+00  1.2000E+00  0.0000E+00  2.0000E+00  0.0000E+00  0.0000E+00 -1.1992E+02 -1.4303E+06  1.4303E+06  0.0000E+00  0.0000E+00  1.4303E+06  0.0000E+00  0.0000E+00
  1.0400E+02  6.7200E+02  1.6894E+04  0.0000E+00  1.0000E+00  0.0000E+00  1.0000E+00  2.0000E+00  2.9000E+01  4.0000E+00  2.0054E-01  2.3919E+03  1.4502E+04  2.0054E-01  1.6894E+04  1.4502E+04  2.3919E+03  2.0054E-01
  1.0500E+02  0.0000E+00  0.0000E+00  1.0000E+00  1.0000E+00  1.2000E+00  0.0000E+00  2.0000E+00  0.0000E+00  0.0000E+00 -1.1992E+02 -1.4303E+06  1.4303E+06  0.0000E+00  0.0000E+00  1.4303E+06  0.0000E+00  0.0000E+00
  1.0500E+02  6.7200E+02  1.4891E+04  0.0000E+00  1.0000E+00  0.0000E+00  1.0000E+00  2.0000E+00  2.9000E+01  4.0000E+00  3.2599E-02  3.8882E+02  1.4502E+04  3.2599E-02  1.4891E+04  1.4502E+04  3.8882E+02  3.2599E-02
  1.0600E+02  0.0000E+00  0.0000E+00  1.0000E+00  1.0000E+00  1.2000E+00  0.0000E+00  2.0000E+00  0.0000E+00  0.0000E+00 -1.1992E+02 -1.4303E+06  1.4303E+06  0.0000E+00  0.0000E+00  1.4303E+06  0.0000E+00  0.0000E+00
  1.0600E+02  1.0080E+03  1.0314E+03  0.0000E+00  1.0000E+00  0.0000E+00  1.0000E+00  2.0000E+00  4.3000E+01  6.0000E+00 -3.5958E-02 -4.2888E+02  1.4602E+03 -3.5958E-02  1.0314E+03  1.4602E+03 -4.2888E+02 -3.5958E-02
  1.0700E+02  0.0000E+00  0.0000E+00  1.0000E+00  1.0000E+00  1.2000E+00  0.0000E+00  2.0000E+00  0.0000E+00  0.0000E+00 -1.1992E+02 -1.4303E+06  1.4303E+06  0.0000E+00  0.0000E+00  1.4303E+06  0.0000E+00  0.0000E+00
  1.0700E+02  1.0080E+03  1.7030E+03  0.0000E+00  1.0000E+00  0.0000E+00  1.0000E+00  2.0000E+00  4.3000E+01  6.0000E+00  2.0351E-02  2.4273E+02  1.4602E+03  2.0351E-02  1.7030E+03  1.4602E+03  2.4273E+02  2.0351E-02
  1.0800E+02  0.0000E+00  0.0000E+00  1.0000E+00  1.0000E+00  1.2000E+00  0.0000E+00  2.0000E+00  0.0000E+00  0.0000E+00 -1.1992E+02 -1.4303E+06  1.4303E+06  0.0000E+00  0.0000E+00  1.4303E+06  0.0000E+00  0.0000E+00
  1.0800E+02  1.3440E+03  9.6058E+01  0.0000E+00  1.0000E+00  0.0000E+00  1.0000E+00  2.0000E+00  5.7000E+01  8.0000E+00 -4.2740E-03 -5.0977E+01  1.4703E+02 -4.2740E-03  9.6058E+01  1.4703E+02 -5.0977E+01 -4.2740E-03
  1.0900E+02  0.0000E+00  0.0000E+00  1.0000E+00  1.0000E+00  1.2000E+00  0.0000E+00  2.0000E+00  0.0000E+00  0.0000E+00 -1.1992E+02 -1.4303E+06  1.4303E+06  0.0000E+00  0.0000E+00  1.4303E+06  0.0000E+00  0.0000E+00
  1.0900E+02  1.3440E+03  9.1258E+01  0.0000E+00  1.0000E+00  0.0000E+00  1.0000E+00  2.0000E+00  5.7000E+01  8.0000E+00 -4.6764E-03 -5.5777E+01  1.4703E+02 -4.6764E-03  9.1258E+01  1.4703E+02 -5.5777E+01 -4.6764E-03
  1.1000E+02  0.0000E+00  0.0000E+00  1.0000E+00  1.0000E+00  1.2000E+00  0.0000E+00  2.0000E+00  0.0000E+00  0.0000E+00 -1.1992E+02 -1.4303E+06  1.4303E+06  0.0000E+00  0.0000E+00  1.4303E+06  0.0000E+00  0.0000E+00
  1.1000E+02  1.3440E+03  1.7773E+02  0.0000E+00  1.0000E+00  0.0000E+00  1.0000E+00  2.0000E+00  5.7000E+01  8.0000E+00  2.5734E-03  3.0694E+01  1.4703E+02  2.5734E-03  1.7773E+02  1.4703E+02  3.0694E+01  2.5734E-03
  1.1100E+02  0.0000E+00  0.0000E+00  1.0000E+00  1.0000E+00  1.2000E+00  1.0000E+00  2.0000E+00  0.0000E+00  0.0000E+00 -1.1992E+02 -1.4303E+06  1.4303E+06  0.0000E+00  0.0000E+00  1.4303E+06  0.0000E+00  0.0000E+00
  1.1100E+02  3.3600E+02  1.6647E+05  0.0000E+00  1.0000E+00  0.0000E+00  0.0000E+00  2.0000E+00  1.5000E+01  2.0000E+00  1.8819E+00  2.2445E+04  1.4402E+05  1.8819E+00  1.6647E+05  1.4402E+05  2.2445E+04  1.8819E+00
  1.1200E+02  0.0000E+00  0.0000E+00  1.0000E+00  1.0000E+00  1.2000E+00  1.0000E+00  2.0000E+00  0.0000E+00  0.0000E+00 -1.1992E+02 -1.4303E+06  1.4303E+06  0.0000E+00  0.0000E+00  1.4303E+06  0.0000E+00  0.0000E+00
  1.1200E+02  3.3600E+02  1.8462E+05  0.0000E+00  1.0000E+00  0.0000E+00  0.0000E+00  2.0000E+00  1.5000E+01  2.0000E+00  3.4035E+00  4.0595E+04  1.4402E+05  3.4035E+00  1.8462E+05  1.4402E+05  4.0595E+04  3.4035E+00
  1.1300E+02  0.0000E+00  0.0000E+00  1.0000E+00  1.0000E+00  1.2000E+00  1.0000E+00  2.0000E+00  0.0000E+00  0.0000E+00 -1.1992E+02 -1.4303E+06  1.4303E+06  0.0000E+00  0.0000E+00  1.4303E+06  0.0000E+00  0.0000E+00
  1.1300E+02  6.7200E+02  8.8602E+03  0.0000E+00  1.0000E+00  0.0000E+00  0.0000E+00  2.0000E+00  2.9000E+01  4.0000E+00 -4.7302E-01 -5.6419E+03  1.4502E+04 -4.7302E-01  8.8602E+03  1.4502E+04 -5.6419E+03 -4.7302E-01
  1.1400E+02  0.0000E+00  0.0000E+00  1.0000E+00  1.0000E+00  1.2000E+00  1.0000E+00  2.0000E+00  0.0000E+00  0.0000E+00 -1.1992E+02 -1.4303E+06  1.4303E+06  0.0000E+00  0.0000E+00  1.4303E+06  0.0000E+00  0.0000E+00
  1.1400E+02  6.7200E+02  1.8939E+04  0.0000E+00  1.0000E+00  0.0000E+00  0.0000E+00  2.0000E+00  2.9000E+01  4.0000E+00  3.7203E-01  4.4374E+03  1.4502E+04  3.7203E-01  1.8939E+04  1.4502E+04  4.4374E+03  3.7203E-01
  1.1500E+02  0.0000E+00  0.0000E+00  1.0000E+00  1.0000E+00  1.2000E+00  1.0000E+00  2.0000E+00  0.0000E+00  0.0000E+00 -1.1992E+02 -1.4303E+06  1.4303E+06  0.0000E+00  0.0000E+00  1.4303E+06  0.0000E+00  0.0000E+00
  1.1500E+02  6.7200E+02  1.2609E+04  0.0000E+00  1.0000E+00  0.0000E+00  0.0000E+00  2.0000E+00  2.9000E+01  4.0000E+00 -1.5870E-01 -1.8928E+03  1.4502E+04 -1.5870E-01  1.2609E+04  1.4502E+04 -1.8928E+03 -1.5870E-01
  1.1600E+02  0.0000E+00  0.0000E+00  1.0000E+00  1.0000E+00  1.2000E+00  1.0000E+00  2.0000E+00  0.0000E+00  0.0000E+00 -1.1992E+02 -1.4303E+06  1.4303E+06  0.0000E+00  0.0000E+00  1.4303E+06  0.0000E+00  0.0000E+00
  1.1600E+02  1.0080E+03  9.7019E+02  0.0000E+00  1.0000E+00  0.0000E+00  0.0000E+00  2.0000E+00  4.3000E+01  6.0000E+00 -4.1086E-02 -4.9005E+02  1.4602E+03 -4.1086E-02  9.7019E+02  1.4602E+03 -4.9005E+02 -4.1086E-02
  1.1700E+02  0.0000E+00  0.0000E+00  1.0000E+00  1.0000E+00  1.2000E+00  1.0000E+00  2.0000E+00  0.0000E+00  0.0000E+00 -1.1992E+02 -1.4303E+06  1.4303E+06  0.0000E+00  0.0000E+00  1.4303E+06  0.0000E+00  0.0000E+00
  1.1700E+02  1.0080E+03  9.8057E+02  0.0000E+00  1.0000E+00  0.0000E+00  0.0000E+00  2.0000E+00  4.3000E+01  6.0000E+00 -4.0217E-02 -4.7968E+02  1.4602E+03 -4.0217E-02  9.8057E+02  1.4602E+03 -4.7968E+02 -4.0217E-02
  1.1800E+02  0.0000E+00  0.0000E+00  1.0000E+00  1.0000E+00  1.2000E+00  1.0000E+00  2.0000E+00  0.0000E+00  0.0000E+00 -1.1992E+02 -1.4303E+06  1.4303E+06  0.0000E+00  0.0000E+00  1.4303E+06  0.0000E+00  0.0000E+00
  1.1800E+02  1.3440E+03  8.1596E+01  0.0000E+00  1.0000E+00  0.0000E+00  0.0000E+00  2.0000E+00  5.7000E+01  8.0000E+00 -5.4864E-03 -6.5439E+01  1.4703E+02 -5.4864E-03  8.1596E+01  1.4703E+02 -6.5439E+01 -5.4864E-03
  1.1900E+02  0.0000E+00  0.0000E+00  1.0000E+00  1.0000E+00  1.2000E+00  1.0000E+00  2.0000E+00  0.0000E+00  0.0000E+00 -1.1992E+02 -1.4303E+06  1.4303E+06  0.0000E+00  0.0000E+00  1.4303E+06  0.0000E+00  0.0000E+00
  1.1900E+02  1.3440E+03  1.3986E+02  0.0000E+00  1.0000E+00  0.0000E+00  0.0000E+00  2.0000E+00  5.7000E+01  8.0000E+00 -6.0168E-04 -7.1765E+00  1.4703E+02 -6.0168E-04  1.3986E+02  1.4703E+02 -7.1765E+00 -6.0168E-04
  1.2000E+02  0.0000E+00  0.0000E+00  1.0000E+00  1.0000E+00  1.2000E+00  1.0000E+00  2.0000E+00  0.0000E+00  0.0000E+00 -1.1992E+02 -1.4303E+06  1.4303E+06  0.0000E+00  0.0000E+00  1.4303E+06  0.0000E+00  0.0000E+00
  1.2000E+02  1.3440E+03  1.4386E+02  0.0000E+00  1.0000E+00  0.0000E+00  0.0000E+00  2.0000E+00  5.7000E+01  8.0000E+00 -2.6607E-04 -3.1735E+00  1.4703E+02 -2.6607E-04  1.4386E+02  1.4703E+02 -3.1735E+00 -2.6607E-04
