TABLE NO.  1
 ID          TIME        DV          MDV         CMT         AMT         LEFT        SITE        DAY         WEEK        IWRES       IRES        IPRED       CWRES       DV          PRED        RES         WRES
  1.0000E+00  0.0000E+00  0.0000E+00  1.0000E+00  1.0000E+00  6.0000E-01  0.0000E+00  2.0000E+00  0.0000E+00  0.0000E+00 -1.0000E+06 -6.8013E+05  6.8013E+05  0.0000E+00  0.0000E+00  6.8013E+05  0.0000E+00  0.0000E+00
  1.0000E+00  3.3600E+02  4.2240E+04  0.0000E+00  1.0000E+00  0.0000E+00  1.0000E+00  2.0000E+00  1.5000E+01  2.0000E+00 -6.7281E-06 -2.8420E-07  4.2240E+04 -2.0770E+00  4.2240E+04  7.0043E+04 -2.7802E+04 -1.8055E+00
  2.0000E+00  0.0000E+00  0.0000E+00  1.0000E+00  1.0000E+00  6.0000E-01  0.0000E+00  2.0000E+00  0.0000E+00  0.0000E+00 -1.0000E+06 -6.8013E+05  6.8013E+05  0.0000E+00  0.0000E+00  6.8013E+05  0.0000E+00  0.0000E+00
  2.0000E+00  3.3600E+02  7.5107E+04  0.0000E+00  1.0000E+00  0.0000E+00  1.0000E+00  2.0000E+00  1.5000E+01  2.0000E+00  2.5139E-06  1.8881E-07  7.5107E+04  3.2251E-01  7.5107E+04  7.0043E+04  5.0643E+03  3.2887E-01
  3.0000E+00  0.0000E+00  0.0000E+00  1.0000E+00  1.0000E+00  6.0000E-01  0.0000E+00  2.0000E+00  0.0000E+00  0.0000E+00 -1.0000E+06 -6.8013E+05  6.8013E+05  0.0000E+00  0.0000E+00  6.8013E+05  0.0000E+00  0.0000E+00
  3.0000E+00  6.7200E+02  1.2155E+04  0.0000E+00  1.0000E+00  0.0000E+00  1.0000E+00  2.0000E+00  2.9000E+01  4.0000E+00  4.2385E-06  5.1517E-08  1.2155E+04  1.2605E+00  1.2155E+04  7.2133E+03  4.9412E+03  1.5579E+00
  4.0000E+00  0.0000E+00  0.0000E+00  1.0000E+00  1.0000E+00  6.0000E-01  0.0000E+00  2.0000E+00  0.0000E+00  0.0000E+00 -1.0000E+06 -6.8013E+05  6.8013E+05  0.0000E+00  0.0000E+00  6.8013E+05  0.0000E+00  0.0000E+00
  4.0000E+00  6.7200E+02  8.7923E+03  0.0000E+00  1.0000E+00  0.0000E+00  1.0000E+00  2.0000E+00  2.9000E+01  4.0000E+00  2.0939E-06  1.8410E-08  8.7923E+03  4.6027E-01  8.7923E+03  7.2133E+03  1.5789E+03  4.9783E-01
  5.0000E+00  0.0000E+00  0.0000E+00  1.0000E+00  1.0000E+00  6.0000E-01  0.0000E+00  2.0000E+00  0.0000E+00  0.0000E+00 -1.0000E+06 -6.8013E+05  6.8013E+05  0.0000E+00  0.0000E+00  6.8013E+05  0.0000E+00  0.0000E+00
  5.0000E+00  6.7200E+02  0.0000E+00  1.0000E+00  1.0000E+00  0.0000E+00  1.0000E+00  2.0000E+00  2.9000E+01  4.0000E+00 -1.0000E+06 -7.2133E+03  7.2133E+03  0.0000E+00  0.0000E+00  7.2133E+03  0.0000E+00  0.0000E+00
  6.0000E+00  0.0000E+00  0.0000E+00  1.0000E+00  1.0000E+00  6.0000E-01  0.0000E+00  2.0000E+00  0.0000E+00  0.0000E+00 -1.0000E+06 -6.8013E+05  6.8013E+05  0.0000E+00  0.0000E+00  6.8013E+05  0.0000E+00  0.0000E+00
  6.0000E+00  1.0080E+03  8.5126E+02  0.0000E+00  1.0000E+00  0.0000E+00  1.0000E+00  2.0000E+00  4.3000E+01  6.0000E+00 -4.1562E-06 -3.5380E-09  8.5126E+02  2.0861E-01  8.5126E+02  7.4286E+02  1.0840E+02  2.2125E-01
  7.0000E+00  0.0000E+00  0.0000E+00  1.0000E+00  1.0000E+00  6.0000E-01  0.0000E+00  2.0000E+00  0.0000E+00  0.0000E+00 -1.0000E+06 -6.8013E+05  6.8013E+05  0.0000E+00  0.0000E+00  6.8013E+05  0.0000E+00  0.0000E+00
  7.0000E+00  1.0080E+03  2.7002E+03  0.0000E+00  1.0000E+00  0.0000E+00  1.0000E+00  2.0000E+00  4.3000E+01  6.0000E+00  5.0562E-06  1.3653E-08  2.7002E+03  2.1692E+00  2.7002E+03  7.4286E+02  1.9574E+03  3.9950E+00
  8.0000E+00  0.0000E+00  0.0000E+00  1.0000E+00  1.0000E+00  6.0000E-01  0.0000E+00  2.0000E+00  0.0000E+00  0.0000E+00 -1.0000E+06 -6.8013E+05  6.8013E+05  0.0000E+00  0.0000E+00  6.8013E+05  0.0000E+00  0.0000E+00
  8.0000E+00  1.3440E+03  1.8114E+01  0.0000E+00  1.0000E+00  0.0000E+00  1.0000E+00  2.0000E+00  5.7000E+01  8.0000E+00 -4.9625E-07 -9.0026E-12  1.8114E+01 -1.5207E+00  1.8114E+01  7.6503E+01 -5.8390E+01 -8.6790E-01
  9.0000E+00  0.0000E+00  0.0000E+00  1.0000E+00  1.0000E+00  6.0000E-01  0.0000E+00  2.0000E+00  0.0000E+00  0.0000E+00 -1.0000E+06 -6.8013E+05  6.8013E+05  0.0000E+00  0.0000E+00  6.8013E+05  0.0000E+00  0.0000E+00
  9.0000E+00  1.3440E+03  8.3834E+01  0.0000E+00  1.0000E+00  0.0000E+00  1.0000E+00  2.0000E+00  5.7000E+01  8.0000E+00  1.1094E-06  9.3010E-11  8.3834E+01  1.0459E-01  8.3834E+01  7.6503E+01  7.3311E+00  1.0897E-01
  1.0000E+01  0.0000E+00  0.0000E+00  1.0000E+00  1.0000E+00  6.0000E-01  0.0000E+00  2.0000E+00  0.0000E+00  0.0000E+00 -1.0000E+06 -6.8013E+05  6.8013E+05  0.0000E+00  0.0000E+00  6.8013E+05  0.0000E+00  0.0000E+00
  1.0000E+01  1.3440E+03  1.3938E+02  0.0000E+00  1.0000E+00  0.0000E+00  1.0000E+00  2.0000E+00  5.7000E+01  8.0000E+00 -9.2078E-06 -1.2834E-09  1.3938E+02  7.0564E-01  1.3938E+02  7.6503E+01  6.2873E+01  9.3453E-01
  1.1000E+01  0.0000E+00  0.0000E+00  1.0000E+00  1.0000E+00  6.0000E-01  1.0000E+00  2.0000E+00  0.0000E+00  0.0000E+00 -1.0000E+06 -6.8013E+05  6.8013E+05  0.0000E+00  0.0000E+00  6.8013E+05  0.0000E+00  0.0000E+00
  1.1000E+01  3.3600E+02  8.9013E+04  0.0000E+00  1.0000E+00  0.0000E+00  0.0000E+00  2.0000E+00  1.5000E+01  2.0000E+00  6.8583E-06  6.1048E-07  8.9013E+04  1.1521E+00  8.9013E+04  7.0043E+04  1.8971E+04  1.2320E+00
  1.2000E+01  0.0000E+00  0.0000E+00  1.0000E+00  1.0000E+00  6.0000E-01  1.0000E+00  2.0000E+00  0.0000E+00  0.0000E+00 -1.0000E+06 -6.8013E+05  6.8013E+05  0.0000E+00  0.0000E+00  6.8013E+05  0.0000E+00  0.0000E+00
  1.2000E+01  3.3600E+02  5.4967E+04  0.0000E+00  1.0000E+00  0.0000E+00  0.0000E+00  2.0000E+00  1.5000E+01  2.0000E+00 -3.3064E-06 -1.8174E-07  5.4967E+04 -1.0476E+00  5.4967E+04  7.0043E+04 -1.5076E+04 -9.7904E-01
  1.3000E+01  0.0000E+00  0.0000E+00  1.0000E+00  1.0000E+00  6.0000E-01  1.0000E+00  2.0000E+00  0.0000E+00  0.0000E+00 -1.0000E+06 -6.8013E+05  6.8013E+05  0.0000E+00  0.0000E+00  6.8013E+05  0.0000E+00  0.0000E+00
  1.3000E+01  6.7200E+02  7.5606E+03  0.0000E+00  1.0000E+00  0.0000E+00  0.0000E+00  2.0000E+00  2.9000E+01  4.0000E+00  1.2476E-06  9.4324E-09  7.5606E+03  1.0751E-01  7.5606E+03  7.2133E+03  3.4731E+02  1.0950E-01
  1.4000E+01  0.0000E+00  0.0000E+00  1.0000E+00  1.0000E+00  6.0000E-01  1.0000E+00  2.0000E+00  0.0000E+00  0.0000E+00 -1.0000E+06 -6.8013E+05  6.8013E+05  0.0000E+00  0.0000E+00  6.8013E+05  0.0000E+00  0.0000E+00
  1.4000E+01  6.7200E+02  5.8805E+03  0.0000E+00  1.0000E+00  0.0000E+00  0.0000E+00  2.0000E+00  2.9000E+01  4.0000E+00  1.1136E-08  6.5484E-11  5.8805E+03 -4.5446E-01  5.8805E+03  7.2133E+03 -1.3328E+03 -4.2022E-01
  1.5000E+01  0.0000E+00  0.0000E+00  1.0000E+00  1.0000E+00  6.0000E-01  1.0000E+00  2.0000E+00  0.0000E+00  0.0000E+00 -1.0000E+06 -6.8013E+05  6.8013E+05  0.0000E+00  0.0000E+00  6.8013E+05  0.0000E+00  0.0000E+00
  1.5000E+01  6.7200E+02  1.6131E+03  0.0000E+00  1.0000E+00  0.0000E+00  0.0000E+00  2.0000E+00  2.9000E+01  4.0000E+00 -4.0600E-06 -6.5493E-09  1.6131E+03 -2.9443E+00  1.6131E+03  7.2133E+03 -5.6002E+03 -1.7657E+00
  1.6000E+01  0.0000E+00  0.0000E+00  1.0000E+00  1.0000E+00  6.0000E-01  1.0000E+00  2.0000E+00  0.0000E+00  0.0000E+00 -1.0000E+06 -6.8013E+05  6.8013E+05  0.0000E+00  0.0000E+00  6.8013E+05  0.0000E+00  0.0000E+00
  1.6000E+01  1.0080E+03  1.8740E+03  0.0000E+00  1.0000E+00  0.0000E+00  0.0000E+00  2.0000E+00  4.3000E+01  6.0000E+00  3.6446E-06  6.8299E-09  1.8740E+03  1.5077E+00  1.8740E+03  7.4286E+02  1.1311E+03  2.3086E+00
  1.7000E+01  0.0000E+00  0.0000E+00  1.0000E+00  1.0000E+00  6.0000E-01  1.0000E+00  2.0000E+00  0.0000E+00  0.0000E+00 -1.0000E+06 -6.8013E+05  6.8013E+05  0.0000E+00  0.0000E+00  6.8013E+05  0.0000E+00  0.0000E+00
  1.7000E+01  1.0080E+03  2.0616E+03  0.0000E+00  1.0000E+00  0.0000E+00  0.0000E+00  2.0000E+00  4.3000E+01  6.0000E+00  2.8452E-06  5.8658E-09  2.0616E+03  1.6765E+00  2.0616E+03  7.4286E+02  1.3188E+03  2.6916E+00
  1.8000E+01  0.0000E+00  0.0000E+00  1.0000E+00  1.0000E+00  6.0000E-01  1.0000E+00  2.0000E+00  0.0000E+00  0.0000E+00 -1.0000E+06 -6.8013E+05  6.8013E+05  0.0000E+00  0.0000E+00  6.8013E+05  0.0000E+00  0.0000E+00
  1.8000E+01  1.3440E+03  8.9043E+01  0.0000E+00  1.0000E+00  0.0000E+00  0.0000E+00  2.0000E+00  5.7000E+01  8.0000E+00 -4.0171E-05 -3.5772E-09  8.9043E+01  1.7406E-01  8.9043E+01  7.6503E+01  1.2540E+01  1.8639E-01
  1.9000E+01  0.0000E+00  0.0000E+00  1.0000E+00  1.0000E+00  6.0000E-01  1.0000E+00  2.0000E+00  0.0000E+00  0.0000E+00 -1.0000E+06 -6.8013E+05  6.8013E+05  0.0000E+00  0.0000E+00  6.8013E+05  0.0000E+00  0.0000E+00
  1.9000E+01  1.3440E+03  9.1735E+01  0.0000E+00  1.0000E+00  0.0000E+00  0.0000E+00  2.0000E+00  5.7000E+01  8.0000E+00  1.2415E-06  1.1390E-10  9.1735E+01  2.0856E-01  9.1735E+01  7.6503E+01  1.5232E+01  2.2641E-01
  2.0000E+01  0.0000E+00  0.0000E+00  1.0000E+00  1.0000E+00  6.0000E-01  1.0000E+00  2.0000E+00  0.0000E+00  0.0000E+00 -1.0000E+06 -6.8013E+05  6.8013E+05  0.0000E+00  0.0000E+00  6.8013E+05  0.0000E+00  0.0000E+00
  2.0000E+01  1.3440E+03  1.4429E+02  0.0000E+00  1.0000E+00  0.0000E+00  0.0000E+00  2.0000E+00  5.7000E+01  8.0000E+00  1.1551E-06  1.6666E-10  1.4429E+02  7.4789E-01  1.4429E+02  7.6503E+01  6.7784E+01  1.0075E+00
  1.0100E+02  0.0000E+00  0.0000E+00  1.0000E+00  1.0000E+00  1.2000E+00  0.0000E+00  2.0000E+00  0.0000E+00  0.0000E+00 -1.0000E+06 -1.3603E+06  1.3603E+06  0.0000E+00  0.0000E+00  1.3603E+06  0.0000E+00  0.0000E+00
  1.0100E+02  3.3600E+02  1.3594E+05  0.0000E+00  1.0000E+00  0.0000E+00  1.0000E+00  2.0000E+00  1.5000E+01  2.0000E+00 -3.1507E-06 -4.2832E-07  1.3594E+05 -1.3563E-01  1.3594E+05  1.4009E+05 -4.1420E+03 -1.3449E-01
  1.0200E+02  0.0000E+00  0.0000E+00  1.0000E+00  1.0000E+00  1.2000E+00  0.0000E+00  2.0000E+00  0.0000E+00  0.0000E+00 -1.0000E+06 -1.3603E+06  1.3603E+06  0.0000E+00  0.0000E+00  1.3603E+06  0.0000E+00  0.0000E+00
  1.0200E+02  3.3600E+02  1.0246E+05  0.0000E+00  1.0000E+00  0.0000E+00  1.0000E+00  2.0000E+00  1.5000E+01  2.0000E+00 -4.3400E-06 -4.4469E-07  1.0246E+05 -1.3328E+00  1.0246E+05  1.4009E+05 -3.7621E+04 -1.2216E+00
  1.0300E+02  0.0000E+00  0.0000E+00  1.0000E+00  1.0000E+00  1.2000E+00  0.0000E+00  2.0000E+00  0.0000E+00  0.0000E+00 -1.0000E+06 -1.3603E+06  1.3603E+06  0.0000E+00  0.0000E+00  1.3603E+06  0.0000E+00  0.0000E+00
  1.0300E+02  6.7200E+02  1.4701E+04  0.0000E+00  1.0000E+00  0.0000E+00  1.0000E+00  2.0000E+00  2.9000E+01  4.0000E+00  9.3420E-07  1.3733E-08  1.4701E+04  4.2883E-02  1.4701E+04  1.4427E+04  2.7403E+02  4.3200E-02
  1.0400E+02  0.0000E+00  0.0000E+00  1.0000E+00  1.0000E+00  1.2000E+00  0.0000E+00  2.0000E+00  0.0000E+00  0.0000E+00 -1.0000E+06 -1.3603E+06  1.3603E+06  0.0000E+00  0.0000E+00  1.3603E+06  0.0000E+00  0.0000E+00
  1.0400E+02  6.7200E+02  1.6894E+04  0.0000E+00  1.0000E+00  0.0000E+00  1.0000E+00  2.0000E+00  2.9000E+01  4.0000E+00 -3.7323E-05 -6.3053E-07  1.6894E+04  3.6545E-01  1.6894E+04  1.4427E+04  2.4674E+03  3.8897E-01
  1.0500E+02  0.0000E+00  0.0000E+00  1.0000E+00  1.0000E+00  1.2000E+00  0.0000E+00  2.0000E+00  0.0000E+00  0.0000E+00 -1.0000E+06 -1.3603E+06  1.3603E+06  0.0000E+00  0.0000E+00  1.3603E+06  0.0000E+00  0.0000E+00
  1.0500E+02  6.7200E+02  1.4891E+04  0.0000E+00  1.0000E+00  0.0000E+00  1.0000E+00  2.0000E+00  2.9000E+01  4.0000E+00 -9.7677E-06 -1.4545E-07  1.4891E+04  7.2290E-02  1.4891E+04  1.4427E+04  4.6428E+02  7.3191E-02
  1.0600E+02  0.0000E+00  0.0000E+00  1.0000E+00  1.0000E+00  1.2000E+00  0.0000E+00  2.0000E+00  0.0000E+00  0.0000E+00 -1.0000E+06 -1.3603E+06  1.3603E+06  0.0000E+00  0.0000E+00  1.3603E+06  0.0000E+00  0.0000E+00
  1.0600E+02  1.0080E+03  1.0314E+03  0.0000E+00  1.0000E+00  0.0000E+00  1.0000E+00  2.0000E+00  4.3000E+01  6.0000E+00 -5.2167E-06 -5.3803E-09  1.0314E+03 -5.3914E-01  1.0314E+03  1.4857E+03 -4.5436E+02 -4.6368E-01
  1.0700E+02  0.0000E+00  0.0000E+00  1.0000E+00  1.0000E+00  1.2000E+00  0.0000E+00  2.0000E+00  0.0000E+00  0.0000E+00 -1.0000E+06 -1.3603E+06  1.3603E+06  0.0000E+00  0.0000E+00  1.3603E+06  0.0000E+00  0.0000E+00
  1.0700E+02  1.0080E+03  1.7030E+03  0.0000E+00  1.0000E+00  0.0000E+00  1.0000E+00  2.0000E+00  4.3000E+01  6.0000E+00 -4.3334E-06 -7.3796E-09  1.7030E+03  2.0902E-01  1.7030E+03  1.4857E+03  2.1725E+02  2.2171E-01
  1.0800E+02  0.0000E+00  0.0000E+00  1.0000E+00  1.0000E+00  1.2000E+00  0.0000E+00  2.0000E+00  0.0000E+00  0.0000E+00 -1.0000E+06 -1.3603E+06  1.3603E+06  0.0000E+00  0.0000E+00  1.3603E+06  0.0000E+00  0.0000E+00
  1.0800E+02  1.3440E+03  9.6058E+01  0.0000E+00  1.0000E+00  0.0000E+00  1.0000E+00  2.0000E+00  5.7000E+01  8.0000E+00  4.4010E-07  4.2277E-11  9.6058E+01 -5.1627E-01  9.6058E+01  1.5301E+02 -5.6949E+01 -4.2324E-01
  1.0900E+02  0.0000E+00  0.0000E+00  1.0000E+00  1.0000E+00  1.2000E+00  0.0000E+00  2.0000E+00  0.0000E+00  0.0000E+00 -1.0000E+06 -1.3603E+06  1.3603E+06  0.0000E+00  0.0000E+00  1.3603E+06  0.0000E+00  0.0000E+00
  1.0900E+02  1.3440E+03  9.1258E+01  0.0000E+00  1.0000E+00  0.0000E+00  1.0000E+00  2.0000E+00  5.7000E+01  8.0000E+00  3.8087E-07  3.4760E-11  9.1258E+01 -5.7157E-01  9.1258E+01  1.5301E+02 -6.1748E+01 -4.5891E-01
  1.1000E+02  0.0000E+00  0.0000E+00  1.0000E+00  1.0000E+00  1.2000E+00  0.0000E+00  2.0000E+00  0.0000E+00  0.0000E+00 -1.0000E+06 -1.3603E+06  1.3603E+06  0.0000E+00  0.0000E+00  1.3603E+06  0.0000E+00  0.0000E+00
  1.1000E+02  1.3440E+03  1.7773E+02  0.0000E+00  1.0000E+00  0.0000E+00  1.0000E+00  2.0000E+00  5.7000E+01  8.0000E+00 -3.1992E-05 -5.6860E-09  1.7773E+02  1.7174E-01  1.7773E+02  1.5301E+02  2.4722E+01  1.8374E-01
  1.1100E+02  0.0000E+00  0.0000E+00  1.0000E+00  1.0000E+00  1.2000E+00  1.0000E+00  2.0000E+00  0.0000E+00  0.0000E+00 -1.0000E+06 -1.3603E+06  1.3603E+06  0.0000E+00  0.0000E+00  1.3603E+06  0.0000E+00  0.0000E+00
  1.1100E+02  3.3600E+02  1.6647E+05  0.0000E+00  1.0000E+00  0.0000E+00  0.0000E+00  2.0000E+00  1.5000E+01  2.0000E+00  5.0174E-06  8.3525E-07  1.6647E+05  8.1630E-01  1.6647E+05  1.4009E+05  2.6384E+04  8.5670E-01
  1.1200E+02  0.0000E+00  0.0000E+00  1.0000E+00  1.0000E+00  1.2000E+00  1.0000E+00  2.0000E+00  0.0000E+00  0.0000E+00 -1.0000E+06 -1.3603E+06  1.3603E+06  0.0000E+00  0.0000E+00  1.3603E+06  0.0000E+00  0.0000E+00
  1.1200E+02  3.3600E+02  1.8462E+05  0.0000E+00  1.0000E+00  0.0000E+00  0.0000E+00  2.0000E+00  1.5000E+01  2.0000E+00  7.9256E-06  1.4632E-06  1.8462E+05  1.3386E+00  1.8462E+05  1.4009E+05  4.4534E+04  1.4460E+00
  1.1300E+02  0.0000E+00  0.0000E+00  1.0000E+00  1.0000E+00  1.2000E+00  1.0000E+00  2.0000E+00  0.0000E+00  0.0000E+00 -1.0000E+06 -1.3603E+06  1.3603E+06  0.0000E+00  0.0000E+00  1.3603E+06  0.0000E+00  0.0000E+00
  1.1300E+02  6.7200E+02  8.8602E+03  0.0000E+00  1.0000E+00  0.0000E+00  0.0000E+00  2.0000E+00  2.9000E+01  4.0000E+00 -1.1632E-06 -1.0306E-08  8.8602E+03 -1.0532E+00  8.8602E+03  1.4427E+04 -5.5664E+03 -8.7752E-01
  1.1400E+02  0.0000E+00  0.0000E+00  1.0000E+00  1.0000E+00  1.2000E+00  1.0000E+00  2.0000E+00  0.0000E+00  0.0000E+00 -1.0000E+06 -1.3603E+06  1.3603E+06  0.0000E+00  0.0000E+00  1.3603E+06  0.0000E+00  0.0000E+00
  1.1400E+02  6.7200E+02  1.8939E+04  0.0000E+00  1.0000E+00  0.0000E+00  0.0000E+00  2.0000E+00  2.9000E+01  4.0000E+00  2.4101E-06  4.5646E-08  1.8939E+04  6.3830E-01  1.8939E+04  1.4427E+04  4.5128E+03  7.1142E-01
  1.1500E+02  0.0000E+00  0.0000E+00  1.0000E+00  1.0000E+00  1.2000E+00  1.0000E+00  2.0000E+00  0.0000E+00  0.0000E+00 -1.0000E+06 -1.3603E+06  1.3603E+06  0.0000E+00  0.0000E+00  1.3603E+06  0.0000E+00  0.0000E+00
  1.1500E+02  6.7200E+02  1.2609E+04  0.0000E+00  1.0000E+00  0.0000E+00  0.0000E+00  2.0000E+00  2.9000E+01  4.0000E+00 -4.7129E-07 -5.9426E-09  1.2609E+04 -3.0177E-01  1.2609E+04  1.4427E+04 -1.8174E+03 -2.8650E-01
  1.1600E+02  0.0000E+00  0.0000E+00  1.0000E+00  1.0000E+00  1.2000E+00  1.0000E+00  2.0000E+00  0.0000E+00  0.0000E+00 -1.0000E+06 -1.3603E+06  1.3603E+06  0.0000E+00  0.0000E+00  1.3603E+06  0.0000E+00  0.0000E+00
  1.1600E+02  1.0080E+03  9.7019E+02  0.0000E+00  1.0000E+00  0.0000E+00  0.0000E+00  2.0000E+00  4.3000E+01  6.0000E+00  1.0523E-07  1.0209E-10  9.7019E+02 -6.2675E-01  9.7019E+02  1.4857E+03 -5.1553E+02 -5.2610E-01
  1.1700E+02  0.0000E+00  0.0000E+00  1.0000E+00  1.0000E+00  1.2000E+00  1.0000E+00  2.0000E+00  0.0000E+00  0.0000E+00 -1.0000E+06 -1.3603E+06  1.3603E+06  0.0000E+00  0.0000E+00  1.3603E+06  0.0000E+00  0.0000E+00
  1.1700E+02  1.0080E+03  9.8057E+02  0.0000E+00  1.0000E+00  0.0000E+00  0.0000E+00  2.0000E+00  4.3000E+01  6.0000E+00  1.2684E-07  1.2437E-10  9.8057E+02 -6.1156E-01  9.8057E+02  1.4857E+03 -5.0515E+02 -5.1551E-01
  1.1800E+02  0.0000E+00  0.0000E+00  1.0000E+00  1.0000E+00  1.2000E+00  1.0000E+00  2.0000E+00  0.0000E+00  0.0000E+00 -1.0000E+06 -1.3603E+06  1.3603E+06  0.0000E+00  0.0000E+00  1.3603E+06  0.0000E+00  0.0000E+00
  1.1800E+02  1.3440E+03  8.1596E+01  0.0000E+00  1.0000E+00  0.0000E+00  0.0000E+00  2.0000E+00  5.7000E+01  8.0000E+00 -1.5323E-05 -1.2504E-09  8.1596E+01 -6.9128E-01  8.1596E+01  1.5301E+02 -7.1410E+01 -5.3072E-01
  1.1900E+02  0.0000E+00  0.0000E+00  1.0000E+00  1.0000E+00  1.2000E+00  1.0000E+00  2.0000E+00  0.0000E+00  0.0000E+00 -1.0000E+06 -1.3603E+06  1.3603E+06  0.0000E+00  0.0000E+00  1.3603E+06  0.0000E+00  0.0000E+00
  1.1900E+02  1.3440E+03  1.3986E+02  0.0000E+00  1.0000E+00  0.0000E+00  0.0000E+00  2.0000E+00  5.7000E+01  8.0000E+00  8.8255E-07  1.2344E-10  1.3986E+02 -1.0167E-01  1.3986E+02  1.5301E+02 -1.3148E+01 -9.7716E-02
  1.2000E+02  0.0000E+00  0.0000E+00  1.0000E+00  1.0000E+00  1.2000E+00  1.0000E+00  2.0000E+00  0.0000E+00  0.0000E+00 -1.0000E+06 -1.3603E+06  1.3603E+06  0.0000E+00  0.0000E+00  1.3603E+06  0.0000E+00  0.0000E+00
  1.2000E+02  1.3440E+03  1.4386E+02  0.0000E+00  1.0000E+00  0.0000E+00  0.0000E+00  2.0000E+00  5.7000E+01  8.0000E+00  9.2003E-07  1.3236E-10  1.4386E+02 -6.9845E-02  1.4386E+02  1.5301E+02 -9.1450E+00 -6.7965E-02
