TABLE NO.  1
 ID          TIME        DV          MDV         CMT         AMT         LEFT        SITE        DAY         WEEK        IWRES       IRES        IPRED       CWRES       DV          PRED        RES         WRES
  1.0000E+00  0.0000E+00  0.0000E+00  1.0000E+00  1.0000E+00  6.0000E-01  0.0000E+00  2.0000E+00  0.0000E+00  0.0000E+00 -1.0000E+03 -1.7174E+06  1.7174E+06  0.0000E+00  0.0000E+00  1.7174E+06  0.0000E+00  0.0000E+00
  1.0000E+00  3.3600E+02  4.2240E+04  0.0000E+00  1.0000E+00  0.0000E+00  1.0000E+00  2.0000E+00  1.5000E+01  2.0000E+00 -4.4775E-03 -1.8913E-01  4.2241E+04 -1.6367E+00  4.2240E+04  6.7445E+04 -2.5204E+04 -1.3727E+00
  2.0000E+00  0.0000E+00  0.0000E+00  1.0000E+00  1.0000E+00  6.0000E-01  0.0000E+00  2.0000E+00  0.0000E+00  0.0000E+00 -1.0000E+03 -1.7174E+06  1.7174E+06  0.0000E+00  0.0000E+00  1.7174E+06  0.0000E+00  0.0000E+00
  2.0000E+00  3.3600E+02  7.5107E+04  0.0000E+00  1.0000E+00  0.0000E+00  1.0000E+00  2.0000E+00  1.5000E+01  2.0000E+00  2.5098E-03  1.8850E-01  7.5107E+04  4.0040E-01  7.5107E+04  6.7445E+04  7.6621E+03  4.1728E-01
  3.0000E+00  0.0000E+00  0.0000E+00  1.0000E+00  1.0000E+00  6.0000E-01  0.0000E+00  2.0000E+00  0.0000E+00  0.0000E+00 -1.0000E+03 -1.7174E+06  1.7174E+06  0.0000E+00  0.0000E+00  1.7174E+06  0.0000E+00  0.0000E+00
  3.0000E+00  6.7200E+02  1.2155E+04  0.0000E+00  1.0000E+00  0.0000E+00  1.0000E+00  2.0000E+00  2.9000E+01  4.0000E+00  3.9976E-03  4.8589E-02  1.2154E+04  1.2502E+00  1.2155E+04  7.0933E+03  5.0612E+03  1.6083E+00
  4.0000E+00  0.0000E+00  0.0000E+00  1.0000E+00  1.0000E+00  6.0000E-01  0.0000E+00  2.0000E+00  0.0000E+00  0.0000E+00 -1.0000E+03 -1.7174E+06  1.7174E+06  0.0000E+00  0.0000E+00  1.7174E+06  0.0000E+00  0.0000E+00
  4.0000E+00  6.7200E+02  8.7923E+03  0.0000E+00  1.0000E+00  0.0000E+00  1.0000E+00  2.0000E+00  2.9000E+01  4.0000E+00  2.1279E-03  1.8709E-02  8.7922E+03  4.8932E-01  8.7923E+03  7.0933E+03  1.6989E+03  5.3987E-01
  5.0000E+00  0.0000E+00  0.0000E+00  1.0000E+00  1.0000E+00  6.0000E-01  0.0000E+00  2.0000E+00  0.0000E+00  0.0000E+00 -1.0000E+03 -1.7174E+06  1.7174E+06  0.0000E+00  0.0000E+00  1.7174E+06  0.0000E+00  0.0000E+00
  5.0000E+00  6.7200E+02  0.0000E+00  1.0000E+00  1.0000E+00  0.0000E+00  1.0000E+00  2.0000E+00  2.9000E+01  4.0000E+00 -1.0000E+03 -7.0933E+03  7.0933E+03  0.0000E+00  0.0000E+00  7.0933E+03  0.0000E+00  0.0000E+00
  6.0000E+00  0.0000E+00  0.0000E+00  1.0000E+00  1.0000E+00  6.0000E-01  0.0000E+00  2.0000E+00  0.0000E+00  0.0000E+00 -1.0000E+03 -1.7174E+06  1.7174E+06  0.0000E+00  0.0000E+00  1.7174E+06  0.0000E+00  0.0000E+00
  6.0000E+00  1.0080E+03  8.5126E+02  0.0000E+00  1.0000E+00  0.0000E+00  1.0000E+00  2.0000E+00  4.3000E+01  6.0000E+00  1.3388E-03  1.1397E-03  8.5126E+02  2.0680E-01  8.5126E+02  7.4997E+02  1.0129E+02  2.1968E-01
  7.0000E+00  0.0000E+00  0.0000E+00  1.0000E+00  1.0000E+00  6.0000E-01  0.0000E+00  2.0000E+00  0.0000E+00  0.0000E+00 -1.0000E+03 -1.7174E+06  1.7174E+06  0.0000E+00  0.0000E+00  1.7174E+06  0.0000E+00  0.0000E+00
  7.0000E+00  1.0080E+03  2.7002E+03  0.0000E+00  1.0000E+00  0.0000E+00  1.0000E+00  2.0000E+00  4.3000E+01  6.0000E+00  4.9216E-03  1.3289E-02  2.7002E+03  2.1810E+00  2.7002E+03  7.4997E+02  1.9502E+03  4.2295E+00
  8.0000E+00  0.0000E+00  0.0000E+00  1.0000E+00  1.0000E+00  6.0000E-01  0.0000E+00  2.0000E+00  0.0000E+00  0.0000E+00 -1.0000E+03 -1.7174E+06  1.7174E+06  0.0000E+00  0.0000E+00  1.7174E+06  0.0000E+00  0.0000E+00
  8.0000E+00  1.3440E+03  1.8114E+01  0.0000E+00  1.0000E+00  0.0000E+00  1.0000E+00  2.0000E+00  5.7000E+01  8.0000E+00 -1.2682E-03 -2.2971E-05  1.8114E+01 -1.8414E+00  1.8114E+01  7.9295E+01 -6.1181E+01 -9.8162E-01
  9.0000E+00  0.0000E+00  0.0000E+00  1.0000E+00  1.0000E+00  6.0000E-01  0.0000E+00  2.0000E+00  0.0000E+00  0.0000E+00 -1.0000E+03 -1.7174E+06  1.7174E+06  0.0000E+00  0.0000E+00  1.7174E+06  0.0000E+00  0.0000E+00
  9.0000E+00  1.3440E+03  8.3834E+01  0.0000E+00  1.0000E+00  0.0000E+00  1.0000E+00  2.0000E+00  5.7000E+01  8.0000E+00  1.0904E-03  9.1412E-05  8.3834E+01  7.0899E-02  8.3834E+01  7.9295E+01  4.5394E+00  7.2833E-02
  1.0000E+01  0.0000E+00  0.0000E+00  1.0000E+00  1.0000E+00  6.0000E-01  0.0000E+00  2.0000E+00  0.0000E+00  0.0000E+00 -1.0000E+03 -1.7174E+06  1.7174E+06  0.0000E+00  0.0000E+00  1.7174E+06  0.0000E+00  0.0000E+00
  1.0000E+01  1.3440E+03  1.3938E+02  0.0000E+00  1.0000E+00  0.0000E+00  1.0000E+00  2.0000E+00  5.7000E+01  8.0000E+00  1.9464E-03  2.7129E-04  1.3938E+02  7.2598E-01  1.3938E+02  7.9295E+01  6.0081E+01  9.6397E-01
  1.1000E+01  0.0000E+00  0.0000E+00  1.0000E+00  1.0000E+00  6.0000E-01  1.0000E+00  2.0000E+00  0.0000E+00  0.0000E+00 -1.0000E+03 -1.7174E+06  1.7174E+06  0.0000E+00  0.0000E+00  1.7174E+06  0.0000E+00  0.0000E+00
  1.1000E+01  3.3600E+02  8.9013E+04  0.0000E+00  1.0000E+00  0.0000E+00  0.0000E+00  2.0000E+00  1.5000E+01  2.0000E+00  5.1650E-03  4.5975E-01  8.9013E+04  1.0555E+00  8.9013E+04  6.7445E+04  2.1569E+04  1.1746E+00
  1.2000E+01  0.0000E+00  0.0000E+00  1.0000E+00  1.0000E+00  6.0000E-01  1.0000E+00  2.0000E+00  0.0000E+00  0.0000E+00 -1.0000E+03 -1.7174E+06  1.7174E+06  0.0000E+00  0.0000E+00  1.7174E+06  0.0000E+00  0.0000E+00
  1.2000E+01  3.3600E+02  5.4967E+04  0.0000E+00  1.0000E+00  0.0000E+00  0.0000E+00  2.0000E+00  1.5000E+01  2.0000E+00 -1.5799E-03 -8.6842E-02  5.4967E+04 -7.3450E-01  5.4967E+04  6.7445E+04 -1.2478E+04 -6.7958E-01
  1.3000E+01  0.0000E+00  0.0000E+00  1.0000E+00  1.0000E+00  6.0000E-01  1.0000E+00  2.0000E+00  0.0000E+00  0.0000E+00 -1.0000E+03 -1.7174E+06  1.7174E+06  0.0000E+00  0.0000E+00  1.7174E+06  0.0000E+00  0.0000E+00
  1.3000E+01  6.7200E+02  7.5606E+03  0.0000E+00  1.0000E+00  0.0000E+00  0.0000E+00  2.0000E+00  2.9000E+01  4.0000E+00  1.3272E-03  1.0035E-02  7.5606E+03  1.4426E-01  7.5606E+03  7.0933E+03  4.6731E+02  1.4850E-01
  1.4000E+01  0.0000E+00  0.0000E+00  1.0000E+00  1.0000E+00  6.0000E-01  1.0000E+00  2.0000E+00  0.0000E+00  0.0000E+00 -1.0000E+03 -1.7174E+06  1.7174E+06  0.0000E+00  0.0000E+00  1.7174E+06  0.0000E+00  0.0000E+00
  1.4000E+01  6.7200E+02  5.8805E+03  0.0000E+00  1.0000E+00  0.0000E+00  0.0000E+00  2.0000E+00  2.9000E+01  4.0000E+00  7.1726E-05  4.2178E-04  5.8805E+03 -4.1897E-01  5.8805E+03  7.0933E+03 -1.2128E+03 -3.8539E-01
  1.5000E+01  0.0000E+00  0.0000E+00  1.0000E+00  1.0000E+00  6.0000E-01  1.0000E+00  2.0000E+00  0.0000E+00  0.0000E+00 -1.0000E+03 -1.7174E+06  1.7174E+06  0.0000E+00  0.0000E+00  1.7174E+06  0.0000E+00  0.0000E+00
  1.5000E+01  6.7200E+02  1.6131E+03  0.0000E+00  1.0000E+00  0.0000E+00  0.0000E+00  2.0000E+00  2.9000E+01  4.0000E+00 -5.5950E-03 -9.0256E-03  1.6131E+03 -3.1737E+00  1.6131E+03  7.0933E+03 -5.4802E+03 -1.7414E+00
  1.6000E+01  0.0000E+00  0.0000E+00  1.0000E+00  1.0000E+00  6.0000E-01  1.0000E+00  2.0000E+00  0.0000E+00  0.0000E+00 -1.0000E+03 -1.7174E+06  1.7174E+06  0.0000E+00  0.0000E+00  1.7174E+06  0.0000E+00  0.0000E+00
  1.6000E+01  1.0080E+03  1.8740E+03  0.0000E+00  1.0000E+00  0.0000E+00  0.0000E+00  2.0000E+00  4.3000E+01  6.0000E+00  3.6673E-03  6.8723E-03  1.8740E+03  1.5357E+00  1.8740E+03  7.4997E+02  1.1240E+03  2.4376E+00
  1.7000E+01  0.0000E+00  0.0000E+00  1.0000E+00  1.0000E+00  6.0000E-01  1.0000E+00  2.0000E+00  0.0000E+00  0.0000E+00 -1.0000E+03 -1.7174E+06  1.7174E+06  0.0000E+00  0.0000E+00  1.7174E+06  0.0000E+00  0.0000E+00
  1.7000E+01  1.0080E+03  2.0616E+03  0.0000E+00  1.0000E+00  0.0000E+00  0.0000E+00  2.0000E+00  4.3000E+01  6.0000E+00  3.9819E-03  8.2091E-03  2.0616E+03  1.7022E+00  2.0616E+03  7.4997E+02  1.3117E+03  2.8446E+00
  1.8000E+01  0.0000E+00  0.0000E+00  1.0000E+00  1.0000E+00  6.0000E-01  1.0000E+00  2.0000E+00  0.0000E+00  0.0000E+00 -1.0000E+03 -1.7174E+06  1.7174E+06  0.0000E+00  0.0000E+00  1.7174E+06  0.0000E+00  0.0000E+00
  1.8000E+01  1.3440E+03  8.9043E+01  0.0000E+00  1.0000E+00  0.0000E+00  0.0000E+00  2.0000E+00  5.7000E+01  8.0000E+00  1.1889E-03  1.0587E-04  8.9043E+01  1.4784E-01  8.9043E+01  7.9295E+01  9.7483E+00  1.5641E-01
  1.9000E+01  0.0000E+00  0.0000E+00  1.0000E+00  1.0000E+00  6.0000E-01  1.0000E+00  2.0000E+00  0.0000E+00  0.0000E+00 -1.0000E+03 -1.7174E+06  1.7174E+06  0.0000E+00  0.0000E+00  1.7174E+06  0.0000E+00  0.0000E+00
  1.9000E+01  1.3440E+03  9.1735E+01  0.0000E+00  1.0000E+00  0.0000E+00  0.0000E+00  2.0000E+00  5.7000E+01  8.0000E+00  1.2379E-03  1.1356E-04  9.1735E+01  1.8593E-01  9.1735E+01  7.9295E+01  1.2440E+01  1.9960E-01
  2.0000E+01  0.0000E+00  0.0000E+00  1.0000E+00  1.0000E+00  6.0000E-01  1.0000E+00  2.0000E+00  0.0000E+00  0.0000E+00 -1.0000E+03 -1.7174E+06  1.7174E+06  0.0000E+00  0.0000E+00  1.7174E+06  0.0000E+00  0.0000E+00
  2.0000E+01  1.3440E+03  1.4429E+02  0.0000E+00  1.0000E+00  0.0000E+00  0.0000E+00  2.0000E+00  5.7000E+01  8.0000E+00  2.0071E-03  2.8960E-04  1.4429E+02  7.7117E-01  1.4429E+02  7.9295E+01  6.4992E+01  1.0428E+00
  1.0100E+02  0.0000E+00  0.0000E+00  1.0000E+00  1.0000E+00  1.2000E+00  0.0000E+00  2.0000E+00  0.0000E+00  0.0000E+00 -1.0000E+03 -3.4347E+06  3.4347E+06  0.0000E+00  0.0000E+00  3.4347E+06  0.0000E+00  0.0000E+00
  1.0100E+02  3.3600E+02  1.3594E+05  0.0000E+00  1.0000E+00  0.0000E+00  1.0000E+00  2.0000E+00  1.5000E+01  2.0000E+00  1.1052E-03  1.5025E-01  1.3594E+05  2.8603E-02  1.3594E+05  1.3489E+05  1.0535E+03  2.8688E-02
  1.0200E+02  0.0000E+00  0.0000E+00  1.0000E+00  1.0000E+00  1.2000E+00  0.0000E+00  2.0000E+00  0.0000E+00  0.0000E+00 -1.0000E+03 -3.4347E+06  3.4347E+06  0.0000E+00  0.0000E+00  3.4347E+06  0.0000E+00  0.0000E+00
  1.0200E+02  3.3600E+02  1.0246E+05  0.0000E+00  1.0000E+00  0.0000E+00  1.0000E+00  2.0000E+00  1.5000E+01  2.0000E+00 -2.3944E-03 -2.4534E-01  1.0246E+05 -9.7992E-01  1.0246E+05  1.3489E+05 -3.2426E+04 -8.8297E-01
  1.0300E+02  0.0000E+00  0.0000E+00  1.0000E+00  1.0000E+00  1.2000E+00  0.0000E+00  2.0000E+00  0.0000E+00  0.0000E+00 -1.0000E+03 -3.4347E+06  3.4347E+06  0.0000E+00  0.0000E+00  3.4347E+06  0.0000E+00  0.0000E+00
  1.0300E+02  6.7200E+02  1.4701E+04  0.0000E+00  1.0000E+00  0.0000E+00  1.0000E+00  2.0000E+00  2.9000E+01  4.0000E+00  1.1817E-03  1.7372E-02  1.4701E+04  8.0366E-02  1.4701E+04  1.4187E+04  5.1402E+02  8.1670E-02
  1.0400E+02  0.0000E+00  0.0000E+00  1.0000E+00  1.0000E+00  1.2000E+00  0.0000E+00  2.0000E+00  0.0000E+00  0.0000E+00 -1.0000E+03 -3.4347E+06  3.4347E+06  0.0000E+00  0.0000E+00  3.4347E+06  0.0000E+00  0.0000E+00
  1.0400E+02  6.7200E+02  1.6894E+04  0.0000E+00  1.0000E+00  0.0000E+00  1.0000E+00  2.0000E+00  2.9000E+01  4.0000E+00  1.9115E-03  3.2293E-02  1.6894E+04  3.9718E-01  1.6894E+04  1.4187E+04  2.7073E+03  4.3016E-01
  1.0500E+02  0.0000E+00  0.0000E+00  1.0000E+00  1.0000E+00  1.2000E+00  0.0000E+00  2.0000E+00  0.0000E+00  0.0000E+00 -1.0000E+03 -3.4347E+06  3.4347E+06  0.0000E+00  0.0000E+00  3.4347E+06  0.0000E+00  0.0000E+00
  1.0500E+02  6.7200E+02  1.4891E+04  0.0000E+00  1.0000E+00  0.0000E+00  1.0000E+00  2.0000E+00  2.9000E+01  4.0000E+00  1.2479E-03  1.8583E-02  1.4891E+04  1.0947E-01  1.4891E+04  1.4187E+04  7.0427E+02  1.1190E-01
  1.0600E+02  0.0000E+00  0.0000E+00  1.0000E+00  1.0000E+00  1.2000E+00  0.0000E+00  2.0000E+00  0.0000E+00  0.0000E+00 -1.0000E+03 -3.4347E+06  3.4347E+06  0.0000E+00  0.0000E+00  3.4347E+06  0.0000E+00  0.0000E+00
  1.0600E+02  1.0080E+03  1.0314E+03  0.0000E+00  1.0000E+00  0.0000E+00  1.0000E+00  2.0000E+00  4.3000E+01  6.0000E+00  3.6766E-05  3.7919E-05  1.0314E+03 -6.0332E-01  1.0314E+03  1.4999E+03 -4.6858E+02 -5.0811E-01
  1.0700E+02  0.0000E+00  0.0000E+00  1.0000E+00  1.0000E+00  1.2000E+00  0.0000E+00  2.0000E+00  0.0000E+00  0.0000E+00 -1.0000E+03 -3.4347E+06  3.4347E+06  0.0000E+00  0.0000E+00  3.4347E+06  0.0000E+00  0.0000E+00
  1.0700E+02  1.0080E+03  1.7030E+03  0.0000E+00  1.0000E+00  0.0000E+00  1.0000E+00  2.0000E+00  4.3000E+01  6.0000E+00  1.3395E-03  2.2812E-03  1.7030E+03  2.0723E-01  1.7030E+03  1.4999E+03  2.0303E+02  2.2016E-01
  1.0800E+02  0.0000E+00  0.0000E+00  1.0000E+00  1.0000E+00  1.2000E+00  0.0000E+00  2.0000E+00  0.0000E+00  0.0000E+00 -1.0000E+03 -3.4347E+06  3.4347E+06  0.0000E+00  0.0000E+00  3.4347E+06  0.0000E+00  0.0000E+00
  1.0800E+02  1.3440E+03  9.6058E+01  0.0000E+00  1.0000E+00  0.0000E+00  1.0000E+00  2.0000E+00  5.7000E+01  8.0000E+00  2.0815E-04  1.9994E-05  9.6058E+01 -6.3249E-01  9.6058E+01  1.5859E+02 -6.2532E+01 -5.0165E-01
  1.0900E+02  0.0000E+00  0.0000E+00  1.0000E+00  1.0000E+00  1.2000E+00  0.0000E+00  2.0000E+00  0.0000E+00  0.0000E+00 -1.0000E+03 -3.4347E+06  3.4347E+06  0.0000E+00  0.0000E+00  3.4347E+06  0.0000E+00  0.0000E+00
  1.0900E+02  1.3440E+03  9.1258E+01  0.0000E+00  1.0000E+00  0.0000E+00  1.0000E+00  2.0000E+00  5.7000E+01  8.0000E+00  1.2904E-04  1.1776E-05  9.1258E+01 -6.9662E-01  9.1258E+01  1.5859E+02 -6.7332E+01 -5.4015E-01
  1.1000E+02  0.0000E+00  0.0000E+00  1.0000E+00  1.0000E+00  1.2000E+00  0.0000E+00  2.0000E+00  0.0000E+00  0.0000E+00 -1.0000E+03 -3.4347E+06  3.4347E+06  0.0000E+00  0.0000E+00  3.4347E+06  0.0000E+00  0.0000E+00
  1.1000E+02  1.3440E+03  1.7773E+02  0.0000E+00  1.0000E+00  0.0000E+00  1.0000E+00  2.0000E+00  5.7000E+01  8.0000E+00  1.1856E-03  2.1072E-04  1.7773E+02  1.4527E-01  1.7773E+02  1.5859E+02  1.9139E+01  1.5354E-01
  1.1100E+02  0.0000E+00  0.0000E+00  1.0000E+00  1.0000E+00  1.2000E+00  1.0000E+00  2.0000E+00  0.0000E+00  0.0000E+00 -1.0000E+03 -3.4347E+06  3.4347E+06  0.0000E+00  0.0000E+00  3.4347E+06  0.0000E+00  0.0000E+00
  1.1100E+02  3.3600E+02  1.6647E+05  0.0000E+00  1.0000E+00  0.0000E+00  0.0000E+00  2.0000E+00  1.5000E+01  2.0000E+00  4.0719E-03  6.7784E-01  1.6647E+05  7.9305E-01  1.6647E+05  1.3489E+05  3.1580E+04  8.5993E-01
  1.1200E+02  0.0000E+00  0.0000E+00  1.0000E+00  1.0000E+00  1.2000E+00  1.0000E+00  2.0000E+00  0.0000E+00  0.0000E+00 -1.0000E+03 -3.4347E+06  3.4347E+06  0.0000E+00  0.0000E+00  3.4347E+06  0.0000E+00  0.0000E+00
  1.1200E+02  3.3600E+02  1.8462E+05  0.0000E+00  1.0000E+00  0.0000E+00  0.0000E+00  2.0000E+00  1.5000E+01  2.0000E+00  5.7838E-03  1.0678E+00  1.8462E+05  1.1997E+00  1.8462E+05  1.3489E+05  4.9730E+04  1.3542E+00
  1.1300E+02  0.0000E+00  0.0000E+00  1.0000E+00  1.0000E+00  1.2000E+00  1.0000E+00  2.0000E+00  0.0000E+00  0.0000E+00 -1.0000E+03 -3.4347E+06  3.4347E+06  0.0000E+00  0.0000E+00  3.4347E+06  0.0000E+00  0.0000E+00
  1.1300E+02  6.7200E+02  8.8602E+03  0.0000E+00  1.0000E+00  0.0000E+00  0.0000E+00  2.0000E+00  2.9000E+01  4.0000E+00 -1.2528E-03 -1.1100E-02  8.8602E+03 -1.0394E+00  8.8602E+03  1.4187E+04 -5.3264E+03 -8.4630E-01
  1.1400E+02  0.0000E+00  0.0000E+00  1.0000E+00  1.0000E+00  1.2000E+00  1.0000E+00  2.0000E+00  0.0000E+00  0.0000E+00 -1.0000E+03 -3.4347E+06  3.4347E+06  0.0000E+00  0.0000E+00  3.4347E+06  0.0000E+00  0.0000E+00
  1.1400E+02  6.7200E+02  1.8939E+04  0.0000E+00  1.0000E+00  0.0000E+00  0.0000E+00  2.0000E+00  2.9000E+01  4.0000E+00  2.5368E-03  4.8046E-02  1.8939E+04  6.6114E-01  1.8939E+04  1.4187E+04  4.7528E+03  7.5515E-01
  1.1500E+02  0.0000E+00  0.0000E+00  1.0000E+00  1.0000E+00  1.2000E+00  1.0000E+00  2.0000E+00  0.0000E+00  0.0000E+00 -1.0000E+03 -3.4347E+06  3.4347E+06  0.0000E+00  0.0000E+00  3.4347E+06  0.0000E+00  0.0000E+00
  1.1500E+02  6.7200E+02  1.2609E+04  0.0000E+00  1.0000E+00  0.0000E+00  0.0000E+00  2.0000E+00  2.9000E+01  4.0000E+00  4.1102E-04  5.1827E-03  1.2609E+04 -2.6420E-01  1.2609E+04  1.4187E+04 -1.5774E+03 -2.5062E-01
  1.1600E+02  0.0000E+00  0.0000E+00  1.0000E+00  1.0000E+00  1.2000E+00  1.0000E+00  2.0000E+00  0.0000E+00  0.0000E+00 -1.0000E+03 -3.4347E+06  3.4347E+06  0.0000E+00  0.0000E+00  3.4347E+06  0.0000E+00  0.0000E+00
  1.1600E+02  1.0080E+03  9.7019E+02  0.0000E+00  1.0000E+00  0.0000E+00  0.0000E+00  2.0000E+00  4.3000E+01  6.0000E+00 -1.1592E-04 -1.1247E-04  9.7019E+02 -7.0080E-01  9.7019E+02  1.4999E+03 -5.2974E+02 -5.7443E-01
  1.1700E+02  0.0000E+00  0.0000E+00  1.0000E+00  1.0000E+00  1.2000E+00  1.0000E+00  2.0000E+00  0.0000E+00  0.0000E+00 -1.0000E+03 -3.4347E+06  3.4347E+06  0.0000E+00  0.0000E+00  3.4347E+06  0.0000E+00  0.0000E+00
  1.1700E+02  1.0080E+03  9.8057E+02  0.0000E+00  1.0000E+00  0.0000E+00  0.0000E+00  2.0000E+00  4.3000E+01  6.0000E+00 -8.9435E-05 -8.7698E-05  9.8057E+02 -6.8386E-01  9.8057E+02  1.4999E+03 -5.1937E+02 -5.6319E-01
  1.1800E+02  0.0000E+00  0.0000E+00  1.0000E+00  1.0000E+00  1.2000E+00  1.0000E+00  2.0000E+00  0.0000E+00  0.0000E+00 -1.0000E+03 -3.4347E+06  3.4347E+06  0.0000E+00  0.0000E+00  3.4347E+06  0.0000E+00  0.0000E+00
  1.1800E+02  1.3440E+03  8.1596E+01  0.0000E+00  1.0000E+00  0.0000E+00  0.0000E+00  2.0000E+00  5.7000E+01  8.0000E+00 -4.2781E-05 -3.4908E-06  8.1596E+01 -8.3634E-01  8.1596E+01  1.5859E+02 -7.6993E+01 -6.1766E-01
  1.1900E+02  0.0000E+00  0.0000E+00  1.0000E+00  1.0000E+00  1.2000E+00  1.0000E+00  2.0000E+00  0.0000E+00  0.0000E+00 -1.0000E+03 -3.4347E+06  3.4347E+06  0.0000E+00  0.0000E+00  3.4347E+06  0.0000E+00  0.0000E+00
  1.1900E+02  1.3440E+03  1.3986E+02  0.0000E+00  1.0000E+00  0.0000E+00  0.0000E+00  2.0000E+00  5.7000E+01  8.0000E+00  7.9794E-04  1.1160E-04  1.3986E+02 -1.5954E-01  1.3986E+02  1.5859E+02 -1.8731E+01 -1.5027E-01
  1.2000E+02  0.0000E+00  0.0000E+00  1.0000E+00  1.0000E+00  1.2000E+00  1.0000E+00  2.0000E+00  0.0000E+00  0.0000E+00 -1.0000E+03 -3.4347E+06  3.4347E+06  0.0000E+00  0.0000E+00  3.4347E+06  0.0000E+00  0.0000E+00
  1.2000E+02  1.3440E+03  1.4386E+02  0.0000E+00  1.0000E+00  0.0000E+00  0.0000E+00  2.0000E+00  5.7000E+01  8.0000E+00  8.4307E-04  1.2129E-04  1.4386E+02 -1.2378E-01  1.4386E+02  1.5859E+02 -1.4728E+01 -1.1815E-01
