TABLE NO.  1
 ID          TIME        DV          MDV         CMT         AMT         LEFT        SITE        DAY         WEEK        IWRES       IRES        IPRED       CWRES       DV          PRED        RES         WRES
  1.0000E+00  0.0000E+00  0.0000E+00  1.0000E+00  1.0000E+00  6.0000E-01  0.0000E+00  2.0000E+00  0.0000E+00  0.0000E+00 -2.9917E+00 -6.4297E+05  6.4297E+05  0.0000E+00  0.0000E+00  6.4297E+05  0.0000E+00  0.0000E+00
  1.0000E+00  3.3600E+02  4.2240E+04  0.0000E+00  1.0000E+00  0.0000E+00  1.0000E+00  2.0000E+00  1.5000E+01  2.0000E+00 -1.0916E+00 -2.4268E+04  6.6508E+04 -1.0918E+00  4.2240E+04  6.6516E+04 -2.4276E+04 -1.0916E+00
  2.0000E+00  0.0000E+00  0.0000E+00  1.0000E+00  1.0000E+00  6.0000E-01  0.0000E+00  2.0000E+00  0.0000E+00  0.0000E+00 -2.9917E+00 -6.4297E+05  6.4297E+05  0.0000E+00  0.0000E+00  6.4297E+05  0.0000E+00  0.0000E+00
  2.0000E+00  3.3600E+02  7.5107E+04  0.0000E+00  1.0000E+00  0.0000E+00  1.0000E+00  2.0000E+00  1.5000E+01  2.0000E+00  3.8633E-01  8.5897E+03  6.6517E+04  3.8629E-01  7.5107E+04  6.6516E+04  8.5906E+03  3.8629E-01
  3.0000E+00  0.0000E+00  0.0000E+00  1.0000E+00  1.0000E+00  6.0000E-01  0.0000E+00  2.0000E+00  0.0000E+00  0.0000E+00 -2.9917E+00 -6.4297E+05  6.4297E+05  0.0000E+00  0.0000E+00  6.4297E+05  0.0000E+00  0.0000E+00
  3.0000E+00  6.7200E+02  1.2155E+04  0.0000E+00  1.0000E+00  0.0000E+00  1.0000E+00  2.0000E+00  2.9000E+01  4.0000E+00  1.5593E+00  4.1645E+03  7.9901E+03  1.7199E+00  1.2155E+04  6.8895E+03  5.2651E+03  2.2819E+00
  4.0000E+00  0.0000E+00  0.0000E+00  1.0000E+00  1.0000E+00  6.0000E-01  0.0000E+00  2.0000E+00  0.0000E+00  0.0000E+00 -2.9917E+00 -6.4297E+05  6.4297E+05  0.0000E+00  0.0000E+00  6.4297E+05  0.0000E+00  0.0000E+00
  4.0000E+00  6.7200E+02  8.7923E+03  0.0000E+00  1.0000E+00  0.0000E+00  1.0000E+00  2.0000E+00  2.9000E+01  4.0000E+00  8.2139E-01  1.8940E+03  6.8983E+03  8.2326E-01  8.7923E+03  6.8895E+03  1.9028E+03  8.2468E-01
  5.0000E+00  0.0000E+00  0.0000E+00  1.0000E+00  1.0000E+00  6.0000E-01  0.0000E+00  2.0000E+00  0.0000E+00  0.0000E+00 -2.9917E+00 -6.4297E+05  6.4297E+05  0.0000E+00  0.0000E+00  6.4297E+05  0.0000E+00  0.0000E+00
  5.0000E+00  6.7200E+02  0.0000E+00  1.0000E+00  1.0000E+00  0.0000E+00  1.0000E+00  2.0000E+00  2.9000E+01  4.0000E+00 -2.9917E+00 -6.8895E+03  6.8895E+03  0.0000E+00  0.0000E+00  6.8895E+03  0.0000E+00  0.0000E+00
  6.0000E+00  0.0000E+00  0.0000E+00  1.0000E+00  1.0000E+00  6.0000E-01  0.0000E+00  2.0000E+00  0.0000E+00  0.0000E+00 -2.9917E+00 -6.4297E+05  6.4297E+05  0.0000E+00  0.0000E+00  6.4297E+05  0.0000E+00  0.0000E+00
  6.0000E+00  1.0080E+03  8.5126E+02  0.0000E+00  1.0000E+00  0.0000E+00  1.0000E+00  2.0000E+00  4.3000E+01  6.0000E+00  5.7171E-01  1.3658E+02  7.1469E+02  5.7262E-01  8.5126E+02  7.1358E+02  1.3768E+02  5.7419E-01
  7.0000E+00  0.0000E+00  0.0000E+00  1.0000E+00  1.0000E+00  6.0000E-01  0.0000E+00  2.0000E+00  0.0000E+00  0.0000E+00 -2.9917E+00 -6.4297E+05  6.4297E+05  0.0000E+00  0.0000E+00  6.4297E+05  0.0000E+00  0.0000E+00
  7.0000E+00  1.0080E+03  2.7002E+03  0.0000E+00  1.0000E+00  0.0000E+00  1.0000E+00  2.0000E+00  4.3000E+01  6.0000E+00  2.0074E+00  1.0843E+03  1.6159E+03  2.1854E+00  2.7002E+03  7.1358E+02  1.9866E+03  8.2852E+00
  8.0000E+00  0.0000E+00  0.0000E+00  1.0000E+00  1.0000E+00  6.0000E-01  0.0000E+00  2.0000E+00  0.0000E+00  0.0000E+00 -2.9917E+00 -6.4297E+05  6.4297E+05  0.0000E+00  0.0000E+00  6.4297E+05  0.0000E+00  0.0000E+00
  8.0000E+00  1.3440E+03  1.8114E+01  0.0000E+00  1.0000E+00  0.0000E+00  1.0000E+00  2.0000E+00  5.7000E+01  8.0000E+00 -2.2563E+00 -5.5576E+01  7.3689E+01 -2.2544E+00  1.8114E+01  7.3910E+01 -5.5796E+01 -2.2355E+00
  9.0000E+00  0.0000E+00  0.0000E+00  1.0000E+00  1.0000E+00  6.0000E-01  0.0000E+00  2.0000E+00  0.0000E+00  0.0000E+00 -2.9917E+00 -6.4297E+05  6.4297E+05  0.0000E+00  0.0000E+00  6.4297E+05  0.0000E+00  0.0000E+00
  9.0000E+00  1.3440E+03  8.3834E+01  0.0000E+00  1.0000E+00  0.0000E+00  1.0000E+00  2.0000E+00  5.7000E+01  8.0000E+00  3.9885E-01  9.8621E+00  7.3972E+01  3.9707E-01  8.3834E+01  7.3910E+01  9.9244E+00  3.9762E-01
  1.0000E+01  0.0000E+00  0.0000E+00  1.0000E+00  1.0000E+00  6.0000E-01  0.0000E+00  2.0000E+00  0.0000E+00  0.0000E+00 -2.9917E+00 -6.4297E+05  6.4297E+05  0.0000E+00  0.0000E+00  6.4297E+05  0.0000E+00  0.0000E+00
  1.0000E+01  1.3440E+03  1.3938E+02  0.0000E+00  1.0000E+00  0.0000E+00  1.0000E+00  2.0000E+00  5.7000E+01  8.0000E+00  3.3650E-01  1.4092E+01  1.2528E+02  6.3653E-01  1.3938E+02  7.3910E+01  6.5466E+01  2.6229E+00
  1.1000E+01  0.0000E+00  0.0000E+00  1.0000E+00  1.0000E+00  6.0000E-01  1.0000E+00  2.0000E+00  0.0000E+00  0.0000E+00 -2.9917E+00 -6.4297E+05  6.4297E+05  0.0000E+00  0.0000E+00  6.4297E+05  0.0000E+00  0.0000E+00
  1.1000E+01  3.3600E+02  8.9013E+04  0.0000E+00  1.0000E+00  0.0000E+00  0.0000E+00  2.0000E+00  1.5000E+01  2.0000E+00  1.0112E+00  2.2487E+04  6.6527E+04  1.0115E+00  8.9013E+04  6.6516E+04  2.2497E+04  1.0116E+00
  1.2000E+01  0.0000E+00  0.0000E+00  1.0000E+00  1.0000E+00  6.0000E-01  1.0000E+00  2.0000E+00  0.0000E+00  0.0000E+00 -2.9917E+00 -6.4297E+05  6.4297E+05  0.0000E+00  0.0000E+00  6.4297E+05  0.0000E+00  0.0000E+00
  1.2000E+01  3.3600E+02  5.4967E+04  0.0000E+00  1.0000E+00  0.0000E+00  0.0000E+00  2.0000E+00  1.5000E+01  2.0000E+00 -5.1924E-01 -1.1544E+04  6.6510E+04 -5.1942E-01  5.4967E+04  6.6516E+04 -1.1550E+04 -5.1935E-01
  1.3000E+01  0.0000E+00  0.0000E+00  1.0000E+00  1.0000E+00  6.0000E-01  1.0000E+00  2.0000E+00  0.0000E+00  0.0000E+00 -2.9917E+00 -6.4297E+05  6.4297E+05  0.0000E+00  0.0000E+00  6.4297E+05  0.0000E+00  0.0000E+00
  1.3000E+01  6.7200E+02  7.5606E+03  0.0000E+00  1.0000E+00  0.0000E+00  0.0000E+00  2.0000E+00  2.9000E+01  4.0000E+00  2.9149E-01  6.7126E+02  6.8894E+03  2.9095E-01  7.5606E+03  6.8895E+03  6.7115E+02  2.9088E-01
  1.4000E+01  0.0000E+00  0.0000E+00  1.0000E+00  1.0000E+00  6.0000E-01  1.0000E+00  2.0000E+00  0.0000E+00  0.0000E+00 -2.9917E+00 -6.4297E+05  6.4297E+05  0.0000E+00  0.0000E+00  6.4297E+05  0.0000E+00  0.0000E+00
  1.4000E+01  6.7200E+02  5.8805E+03  0.0000E+00  1.0000E+00  0.0000E+00  0.0000E+00  2.0000E+00  2.9000E+01  4.0000E+00 -4.3653E-01 -1.0047E+03  6.8852E+03 -4.3771E-01  5.8805E+03  6.8895E+03 -1.0090E+03 -4.3729E-01
  1.5000E+01  0.0000E+00  0.0000E+00  1.0000E+00  1.0000E+00  6.0000E-01  1.0000E+00  2.0000E+00  0.0000E+00  0.0000E+00 -2.9917E+00 -6.4297E+05  6.4297E+05  0.0000E+00  0.0000E+00  6.4297E+05  0.0000E+00  0.0000E+00
  1.5000E+01  6.7200E+02  1.6131E+03  0.0000E+00  1.0000E+00  0.0000E+00  0.0000E+00  2.0000E+00  2.9000E+01  4.0000E+00 -2.2907E+00 -5.2713E+03  6.8844E+03 -2.2901E+00  1.6131E+03  6.8895E+03 -5.2763E+03 -2.2868E+00
  1.6000E+01  0.0000E+00  0.0000E+00  1.0000E+00  1.0000E+00  6.0000E-01  1.0000E+00  2.0000E+00  0.0000E+00  0.0000E+00 -2.9917E+00 -6.4297E+05  6.4297E+05  0.0000E+00  0.0000E+00  6.4297E+05  0.0000E+00  0.0000E+00
  1.6000E+01  1.0080E+03  1.8740E+03  0.0000E+00  1.0000E+00  0.0000E+00  0.0000E+00  2.0000E+00  4.3000E+01  6.0000E+00  5.6617E-01  2.9821E+02  1.5758E+03  1.0062E+00  1.8740E+03  7.1358E+02  1.1604E+03  4.8393E+00
  1.7000E+01  0.0000E+00  0.0000E+00  1.0000E+00  1.0000E+00  6.0000E-01  1.0000E+00  2.0000E+00  0.0000E+00  0.0000E+00 -2.9917E+00 -6.4297E+05  6.4297E+05  0.0000E+00  0.0000E+00  6.4297E+05  0.0000E+00  0.0000E+00
  1.7000E+01  1.0080E+03  2.0616E+03  0.0000E+00  1.0000E+00  0.0000E+00  0.0000E+00  2.0000E+00  4.3000E+01  6.0000E+00  8.4608E-01  4.5451E+02  1.6071E+03  1.2258E+00  2.0616E+03  7.1358E+02  1.3481E+03  5.6220E+00
  1.8000E+01  0.0000E+00  0.0000E+00  1.0000E+00  1.0000E+00  6.0000E-01  1.0000E+00  2.0000E+00  0.0000E+00  0.0000E+00 -2.9917E+00 -6.4297E+05  6.4297E+05  0.0000E+00  0.0000E+00  6.4297E+05  0.0000E+00  0.0000E+00
  1.8000E+01  1.3440E+03  8.9043E+01  0.0000E+00  1.0000E+00  0.0000E+00  0.0000E+00  2.0000E+00  5.7000E+01  8.0000E+00  5.9630E-01  1.4798E+01  7.4245E+01  5.9997E-01  8.9043E+01  7.3910E+01  1.5133E+01  6.0631E-01
  1.9000E+01  0.0000E+00  0.0000E+00  1.0000E+00  1.0000E+00  6.0000E-01  1.0000E+00  2.0000E+00  0.0000E+00  0.0000E+00 -2.9917E+00 -6.4297E+05  6.4297E+05  0.0000E+00  0.0000E+00  6.4297E+05  0.0000E+00  0.0000E+00
  1.9000E+01  1.3440E+03  9.1735E+01  0.0000E+00  1.0000E+00  0.0000E+00  0.0000E+00  2.0000E+00  5.7000E+01  8.0000E+00  6.7103E-01  1.6807E+01  7.4929E+01  6.9136E-01  9.1735E+01  7.3910E+01  1.7825E+01  7.1417E-01
  2.0000E+01  0.0000E+00  0.0000E+00  1.0000E+00  1.0000E+00  6.0000E-01  1.0000E+00  2.0000E+00  0.0000E+00  0.0000E+00 -2.9917E+00 -6.4297E+05  6.4297E+05  0.0000E+00  0.0000E+00  6.4297E+05  0.0000E+00  0.0000E+00
  2.0000E+01  1.3440E+03  1.4429E+02  0.0000E+00  1.0000E+00  0.0000E+00  0.0000E+00  2.0000E+00  5.7000E+01  8.0000E+00  3.3524E-01  1.4539E+01  1.2975E+02  6.4215E-01  1.4429E+02  7.3910E+01  7.0377E+01  2.8196E+00
  1.0100E+02  0.0000E+00  0.0000E+00  1.0000E+00  1.0000E+00  1.2000E+00  0.0000E+00  2.0000E+00  0.0000E+00  0.0000E+00 -2.9917E+00 -1.2859E+06  1.2859E+06  0.0000E+00  0.0000E+00  1.2859E+06  0.0000E+00  0.0000E+00
  1.0100E+02  3.3600E+02  1.3594E+05  0.0000E+00  1.0000E+00  0.0000E+00  1.0000E+00  2.0000E+00  1.5000E+01  2.0000E+00  6.5558E-02  2.9151E+03  1.3303E+05  6.5446E-02  1.3594E+05  1.3303E+05  2.9106E+03  6.5441E-02
  1.0200E+02  0.0000E+00  0.0000E+00  1.0000E+00  1.0000E+00  1.2000E+00  0.0000E+00  2.0000E+00  0.0000E+00  0.0000E+00 -2.9917E+00 -1.2859E+06  1.2859E+06  0.0000E+00  0.0000E+00  1.2859E+06  0.0000E+00  0.0000E+00
  1.0200E+02  3.3600E+02  1.0246E+05  0.0000E+00  1.0000E+00  0.0000E+00  1.0000E+00  2.0000E+00  1.5000E+01  2.0000E+00 -6.8720E-01 -3.0555E+04  1.3302E+05 -6.8738E-01  1.0246E+05  1.3303E+05 -3.0569E+04 -6.8729E-01
  1.0300E+02  0.0000E+00  0.0000E+00  1.0000E+00  1.0000E+00  1.2000E+00  0.0000E+00  2.0000E+00  0.0000E+00  0.0000E+00 -2.9917E+00 -1.2859E+06  1.2859E+06  0.0000E+00  0.0000E+00  1.2859E+06  0.0000E+00  0.0000E+00
  1.0300E+02  6.7200E+02  1.4701E+04  0.0000E+00  1.0000E+00  0.0000E+00  1.0000E+00  2.0000E+00  2.9000E+01  4.0000E+00  2.0054E-01  9.2352E+02  1.3777E+04  1.9983E-01  1.4701E+04  1.3779E+04  9.2170E+02  1.9974E-01
  1.0400E+02  0.0000E+00  0.0000E+00  1.0000E+00  1.0000E+00  1.2000E+00  0.0000E+00  2.0000E+00  0.0000E+00  0.0000E+00 -2.9917E+00 -1.2859E+06  1.2859E+06  0.0000E+00  0.0000E+00  1.2859E+06  0.0000E+00  0.0000E+00
  1.0400E+02  6.7200E+02  1.6894E+04  0.0000E+00  1.0000E+00  0.0000E+00  1.0000E+00  2.0000E+00  2.9000E+01  4.0000E+00  6.7362E-01  3.1048E+03  1.3789E+04  6.7438E-01  1.6894E+04  1.3779E+04  3.1150E+03  6.7504E-01
  1.0500E+02  0.0000E+00  0.0000E+00  1.0000E+00  1.0000E+00  1.2000E+00  0.0000E+00  2.0000E+00  0.0000E+00  0.0000E+00 -2.9917E+00 -1.2859E+06  1.2859E+06  0.0000E+00  0.0000E+00  1.2859E+06  0.0000E+00  0.0000E+00
  1.0500E+02  6.7200E+02  1.4891E+04  0.0000E+00  1.0000E+00  0.0000E+00  1.0000E+00  2.0000E+00  2.9000E+01  4.0000E+00  2.4169E-01  1.1131E+03  1.3778E+04  2.4105E-01  1.4891E+04  1.3779E+04  1.1120E+03  2.4096E-01
  1.0600E+02  0.0000E+00  0.0000E+00  1.0000E+00  1.0000E+00  1.2000E+00  0.0000E+00  2.0000E+00  0.0000E+00  0.0000E+00 -2.9917E+00 -1.2859E+06  1.2859E+06  0.0000E+00  0.0000E+00  1.2859E+06  0.0000E+00  0.0000E+00
  1.0600E+02  1.0080E+03  1.0314E+03  0.0000E+00  1.0000E+00  0.0000E+00  1.0000E+00  2.0000E+00  4.3000E+01  6.0000E+00 -8.2581E-01 -3.9324E+02  1.4246E+03 -8.2833E-01  1.0314E+03  1.4272E+03 -3.9581E+02 -8.2535E-01
  1.0700E+02  0.0000E+00  0.0000E+00  1.0000E+00  1.0000E+00  1.2000E+00  0.0000E+00  2.0000E+00  0.0000E+00  0.0000E+00 -2.9917E+00 -1.2859E+06  1.2859E+06  0.0000E+00  0.0000E+00  1.2859E+06  0.0000E+00  0.0000E+00
  1.0700E+02  1.0080E+03  1.7030E+03  0.0000E+00  1.0000E+00  0.0000E+00  1.0000E+00  2.0000E+00  4.3000E+01  6.0000E+00  5.7262E-01  2.7359E+02  1.4294E+03  5.7355E-01  1.7030E+03  1.4272E+03  2.7581E+02  5.7512E-01
  1.0800E+02  0.0000E+00  0.0000E+00  1.0000E+00  1.0000E+00  1.2000E+00  0.0000E+00  2.0000E+00  0.0000E+00  0.0000E+00 -2.9917E+00 -1.2859E+06  1.2859E+06  0.0000E+00  0.0000E+00  1.2859E+06  0.0000E+00  0.0000E+00
  1.0800E+02  1.3440E+03  9.6058E+01  0.0000E+00  1.0000E+00  0.0000E+00  1.0000E+00  2.0000E+00  5.7000E+01  8.0000E+00 -1.0413E+00 -5.1288E+01  1.4735E+02 -1.0450E+00  9.6058E+01  1.4782E+02 -5.1762E+01 -1.0369E+00
  1.0900E+02  0.0000E+00  0.0000E+00  1.0000E+00  1.0000E+00  1.2000E+00  0.0000E+00  2.0000E+00  0.0000E+00  0.0000E+00 -2.9917E+00 -1.2859E+06  1.2859E+06  0.0000E+00  0.0000E+00  1.2859E+06  0.0000E+00  0.0000E+00
  1.0900E+02  1.3440E+03  9.1258E+01  0.0000E+00  1.0000E+00  0.0000E+00  1.0000E+00  2.0000E+00  5.7000E+01  8.0000E+00 -1.1387E+00 -5.6081E+01  1.4734E+02 -1.1422E+00  9.1258E+01  1.4782E+02 -5.6562E+01 -1.1331E+00
  1.1000E+02  0.0000E+00  0.0000E+00  1.0000E+00  1.0000E+00  1.2000E+00  0.0000E+00  2.0000E+00  0.0000E+00  0.0000E+00 -2.9917E+00 -1.2859E+06  1.2859E+06  0.0000E+00  0.0000E+00  1.2859E+06  0.0000E+00  0.0000E+00
  1.1000E+02  1.3440E+03  1.7773E+02  0.0000E+00  1.0000E+00  0.0000E+00  1.0000E+00  2.0000E+00  5.7000E+01  8.0000E+00  5.8989E-01  2.9272E+01  1.4846E+02  5.9320E-01  1.7773E+02  1.4782E+02  2.9909E+01  5.9915E-01
  1.1100E+02  0.0000E+00  0.0000E+00  1.0000E+00  1.0000E+00  1.2000E+00  1.0000E+00  2.0000E+00  0.0000E+00  0.0000E+00 -2.9917E+00 -1.2859E+06  1.2859E+06  0.0000E+00  0.0000E+00  1.2859E+06  0.0000E+00  0.0000E+00
  1.1100E+02  3.3600E+02  1.6647E+05  0.0000E+00  1.0000E+00  0.0000E+00  0.0000E+00  2.0000E+00  1.5000E+01  2.0000E+00  7.5162E-01  3.3426E+04  1.3304E+05  7.5172E-01  1.6647E+05  1.3303E+05  3.3437E+04  7.5178E-01
  1.1200E+02  0.0000E+00  0.0000E+00  1.0000E+00  1.0000E+00  1.2000E+00  1.0000E+00  2.0000E+00  0.0000E+00  0.0000E+00 -2.9917E+00 -1.2859E+06  1.2859E+06  0.0000E+00  0.0000E+00  1.2859E+06  0.0000E+00  0.0000E+00
  1.1200E+02  3.3600E+02  1.8462E+05  0.0000E+00  1.0000E+00  0.0000E+00  0.0000E+00  2.0000E+00  1.5000E+01  2.0000E+00  1.1592E+00  5.1559E+04  1.3306E+05  1.1596E+00  1.8462E+05  1.3303E+05  5.1587E+04  1.1598E+00
  1.1300E+02  0.0000E+00  0.0000E+00  1.0000E+00  1.0000E+00  1.2000E+00  1.0000E+00  2.0000E+00  0.0000E+00  0.0000E+00 -2.9917E+00 -1.2859E+06  1.2859E+06  0.0000E+00  0.0000E+00  1.2859E+06  0.0000E+00  0.0000E+00
  1.1300E+02  6.7200E+02  8.8602E+03  0.0000E+00  1.0000E+00  0.0000E+00  0.0000E+00  2.0000E+00  2.9000E+01  4.0000E+00 -1.0664E+00 -4.9075E+03  1.3768E+04 -1.0674E+00  8.8602E+03  1.3779E+04 -4.9188E+03 -1.0659E+00
  1.1400E+02  0.0000E+00  0.0000E+00  1.0000E+00  1.0000E+00  1.2000E+00  1.0000E+00  2.0000E+00  0.0000E+00  0.0000E+00 -2.9917E+00 -1.2859E+06  1.2859E+06  0.0000E+00  0.0000E+00  1.2859E+06  0.0000E+00  0.0000E+00
  1.1400E+02  6.7200E+02  1.8939E+04  0.0000E+00  1.0000E+00  0.0000E+00  0.0000E+00  2.0000E+00  2.9000E+01  4.0000E+00  1.0977E+00  5.0838E+03  1.3856E+04  1.1112E+00  1.8939E+04  1.3779E+04  5.1605E+03  1.1183E+00
  1.1500E+02  0.0000E+00  0.0000E+00  1.0000E+00  1.0000E+00  1.2000E+00  1.0000E+00  2.0000E+00  0.0000E+00  0.0000E+00 -2.9917E+00 -1.2859E+06  1.2859E+06  0.0000E+00  0.0000E+00  1.2859E+06  0.0000E+00  0.0000E+00
  1.1500E+02  6.7200E+02  1.2609E+04  0.0000E+00  1.0000E+00  0.0000E+00  0.0000E+00  2.0000E+00  2.9000E+01  4.0000E+00 -2.5253E-01 -1.1625E+03  1.3772E+04 -2.5366E-01  1.2609E+04  1.3779E+04 -1.1697E+03 -2.5348E-01
  1.1600E+02  0.0000E+00  0.0000E+00  1.0000E+00  1.0000E+00  1.2000E+00  1.0000E+00  2.0000E+00  0.0000E+00  0.0000E+00 -2.9917E+00 -1.2859E+06  1.2859E+06  0.0000E+00  0.0000E+00  1.2859E+06  0.0000E+00  0.0000E+00
  1.1600E+02  1.0080E+03  9.7019E+02  0.0000E+00  1.0000E+00  0.0000E+00  0.0000E+00  2.0000E+00  4.3000E+01  6.0000E+00 -9.5413E-01 -4.5432E+02  1.4245E+03 -9.5652E-01  9.7019E+02  1.4272E+03 -4.5697E+02 -9.5289E-01
  1.1700E+02  0.0000E+00  0.0000E+00  1.0000E+00  1.0000E+00  1.2000E+00  1.0000E+00  2.0000E+00  0.0000E+00  0.0000E+00 -2.9917E+00 -1.2859E+06  1.2859E+06  0.0000E+00  0.0000E+00  1.2859E+06  0.0000E+00  0.0000E+00
  1.1700E+02  1.0080E+03  9.8057E+02  0.0000E+00  1.0000E+00  0.0000E+00  0.0000E+00  2.0000E+00  4.3000E+01  6.0000E+00 -9.3236E-01 -4.4396E+02  1.4245E+03 -9.3478E-01  9.8057E+02  1.4272E+03 -4.4660E+02 -9.3126E-01
  1.1800E+02  0.0000E+00  0.0000E+00  1.0000E+00  1.0000E+00  1.2000E+00  1.0000E+00  2.0000E+00  0.0000E+00  0.0000E+00 -2.9917E+00 -1.2859E+06  1.2859E+06  0.0000E+00  0.0000E+00  1.2859E+06  0.0000E+00  0.0000E+00
  1.1800E+02  1.3440E+03  8.1596E+01  0.0000E+00  1.0000E+00  0.0000E+00  0.0000E+00  2.0000E+00  5.7000E+01  8.0000E+00 -1.3348E+00 -6.5734E+01  1.4733E+02 -1.3377E+00  8.1596E+01  1.4782E+02 -6.6224E+01 -1.3266E+00
  1.1900E+02  0.0000E+00  0.0000E+00  1.0000E+00  1.0000E+00  1.2000E+00  1.0000E+00  2.0000E+00  0.0000E+00  0.0000E+00 -2.9917E+00 -1.2859E+06  1.2859E+06  0.0000E+00  0.0000E+00  1.2859E+06  0.0000E+00  0.0000E+00
  1.1900E+02  1.3440E+03  1.3986E+02  0.0000E+00  1.0000E+00  0.0000E+00  0.0000E+00  2.0000E+00  5.7000E+01  8.0000E+00 -1.5539E-01 -7.6624E+00  1.4752E+02 -1.5981E-01  1.3986E+02  1.4782E+02 -7.9614E+00 -1.5949E-01
  1.2000E+02  0.0000E+00  0.0000E+00  1.0000E+00  1.0000E+00  1.2000E+00  1.0000E+00  2.0000E+00  0.0000E+00  0.0000E+00 -2.9917E+00 -1.2859E+06  1.2859E+06  0.0000E+00  0.0000E+00  1.2859E+06  0.0000E+00  0.0000E+00
  1.2000E+02  1.3440E+03  1.4386E+02  0.0000E+00  1.0000E+00  0.0000E+00  0.0000E+00  2.0000E+00  5.7000E+01  8.0000E+00 -7.4873E-02 -3.6929E+00  1.4755E+02 -7.9195E-02  1.4386E+02  1.4782E+02 -3.9584E+00 -7.9297E-02
