TABLE NO.  1
 ID          TIME        DV          MDV         CMT         AMT         LEFT        SITE        DAY         WEEK        IWRES       IRES        IPRED       CWRES       DV          PRED        RES         WRES
  1.0000E+00  0.0000E+00  0.0000E+00  1.0000E+00  1.0000E+00  6.0000E-01  0.0000E+00  2.0000E+00  0.0000E+00  0.0000E+00 -2.0000E+02 -6.4860E+05  6.4860E+05  0.0000E+00  0.0000E+00  6.4860E+05  0.0000E+00  0.0000E+00
  1.0000E+00  3.3600E+02  4.2240E+04  0.0000E+00  1.0000E+00  0.0000E+00  1.0000E+00  2.0000E+00  1.5000E+01  2.0000E+00 -3.2244E-02 -6.8111E+00  4.2247E+04 -1.9867E+00  4.2240E+04  6.8384E+04 -2.6144E+04 -1.7398E+00
  2.0000E+00  0.0000E+00  0.0000E+00  1.0000E+00  1.0000E+00  6.0000E-01  0.0000E+00  2.0000E+00  0.0000E+00  0.0000E+00 -2.0000E+02 -6.4860E+05  6.4860E+05  0.0000E+00  0.0000E+00  6.4860E+05  0.0000E+00  0.0000E+00
  2.0000E+00  3.3600E+02  7.5107E+04  0.0000E+00  1.0000E+00  0.0000E+00  1.0000E+00  2.0000E+00  1.5000E+01  2.0000E+00  1.5345E-02  5.7621E+00  7.5101E+04  4.3588E-01  7.5107E+04  6.8384E+04  6.7230E+03  4.4739E-01
  3.0000E+00  0.0000E+00  0.0000E+00  1.0000E+00  1.0000E+00  6.0000E-01  0.0000E+00  2.0000E+00  0.0000E+00  0.0000E+00 -2.0000E+02 -6.4860E+05  6.4860E+05  0.0000E+00  0.0000E+00  6.4860E+05  0.0000E+00  0.0000E+00
  3.0000E+00  6.7200E+02  1.2155E+04  0.0000E+00  1.0000E+00  0.0000E+00  1.0000E+00  2.0000E+00  2.9000E+01  4.0000E+00  2.1259E-02  1.2919E+00  1.2153E+04  1.2633E+00  1.2155E+04  7.2099E+03  4.9446E+03  1.5607E+00
  4.0000E+00  0.0000E+00  0.0000E+00  1.0000E+00  1.0000E+00  6.0000E-01  0.0000E+00  2.0000E+00  0.0000E+00  0.0000E+00 -2.0000E+02 -6.4860E+05  6.4860E+05  0.0000E+00  0.0000E+00  6.4860E+05  0.0000E+00  0.0000E+00
  4.0000E+00  6.7200E+02  8.7923E+03  0.0000E+00  1.0000E+00  0.0000E+00  1.0000E+00  2.0000E+00  2.9000E+01  4.0000E+00  1.0496E-02  4.6139E-01  8.7918E+03  4.6180E-01  8.7923E+03  7.2099E+03  1.5823E+03  4.9945E-01
  5.0000E+00  0.0000E+00  0.0000E+00  1.0000E+00  1.0000E+00  6.0000E-01  0.0000E+00  2.0000E+00  0.0000E+00  0.0000E+00 -2.0000E+02 -6.4860E+05  6.4860E+05  0.0000E+00  0.0000E+00  6.4860E+05  0.0000E+00  0.0000E+00
  5.0000E+00  6.7200E+02  0.0000E+00  1.0000E+00  1.0000E+00  0.0000E+00  1.0000E+00  2.0000E+00  2.9000E+01  4.0000E+00 -2.0000E+02 -7.2099E+03  7.2099E+03  0.0000E+00  0.0000E+00  7.2099E+03  0.0000E+00  0.0000E+00
  6.0000E+00  0.0000E+00  0.0000E+00  1.0000E+00  1.0000E+00  6.0000E-01  0.0000E+00  2.0000E+00  0.0000E+00  0.0000E+00 -2.0000E+02 -6.4860E+05  6.4860E+05  0.0000E+00  0.0000E+00  6.4860E+05  0.0000E+00  0.0000E+00
  6.0000E+00  1.0080E+03  8.5126E+02  0.0000E+00  1.0000E+00  0.0000E+00  1.0000E+00  2.0000E+00  4.3000E+01  6.0000E+00  6.3357E-03  2.6966E-02  8.5124E+02  1.7318E-01  8.5126E+02  7.6017E+02  9.1094E+01  1.8182E-01
  7.0000E+00  0.0000E+00  0.0000E+00  1.0000E+00  1.0000E+00  6.0000E-01  0.0000E+00  2.0000E+00  0.0000E+00  0.0000E+00 -2.0000E+02 -6.4860E+05  6.4860E+05  0.0000E+00  0.0000E+00  6.4860E+05  0.0000E+00  0.0000E+00
  7.0000E+00  1.0080E+03  2.7002E+03  0.0000E+00  1.0000E+00  0.0000E+00  1.0000E+00  2.0000E+00  4.3000E+01  6.0000E+00  2.4893E-02  3.3603E-01  2.6999E+03  2.1301E+00  2.7002E+03  7.6017E+02  1.9400E+03  3.8722E+00
  8.0000E+00  0.0000E+00  0.0000E+00  1.0000E+00  1.0000E+00  6.0000E-01  0.0000E+00  2.0000E+00  0.0000E+00  0.0000E+00 -2.0000E+02 -6.4860E+05  6.4860E+05  0.0000E+00  0.0000E+00  6.4860E+05  0.0000E+00  0.0000E+00
  8.0000E+00  1.3440E+03  1.8114E+01  0.0000E+00  1.0000E+00  0.0000E+00  1.0000E+00  2.0000E+00  5.7000E+01  8.0000E+00 -2.6480E-03 -2.3983E-04  1.8114E+01 -1.5663E+00  1.8114E+01  8.0147E+01 -6.2033E+01 -8.8077E-01
  9.0000E+00  0.0000E+00  0.0000E+00  1.0000E+00  1.0000E+00  6.0000E-01  0.0000E+00  2.0000E+00  0.0000E+00  0.0000E+00 -2.0000E+02 -6.4860E+05  6.4860E+05  0.0000E+00  0.0000E+00  6.4860E+05  0.0000E+00  0.0000E+00
  9.0000E+00  1.3440E+03  8.3834E+01  0.0000E+00  1.0000E+00  0.0000E+00  1.0000E+00  2.0000E+00  5.7000E+01  8.0000E+00  5.2931E-03  2.2187E-03  8.3832E+01  5.1312E-02  8.3834E+01  8.0147E+01  3.6872E+00  5.2352E-02
  1.0000E+01  0.0000E+00  0.0000E+00  1.0000E+00  1.0000E+00  6.0000E-01  0.0000E+00  2.0000E+00  0.0000E+00  0.0000E+00 -2.0000E+02 -6.4860E+05  6.4860E+05  0.0000E+00  0.0000E+00  6.4860E+05  0.0000E+00  0.0000E+00
  1.0000E+01  1.3440E+03  1.3938E+02  0.0000E+00  1.0000E+00  0.0000E+00  1.0000E+00  2.0000E+00  5.7000E+01  8.0000E+00  8.9391E-03  6.2292E-03  1.3937E+02  6.4984E-01  1.3938E+02  8.0147E+01  5.9229E+01  8.4094E-01
  1.1000E+01  0.0000E+00  0.0000E+00  1.0000E+00  1.0000E+00  6.0000E-01  1.0000E+00  2.0000E+00  0.0000E+00  0.0000E+00 -2.0000E+02 -6.4860E+05  6.4860E+05  0.0000E+00  0.0000E+00  6.4860E+05  0.0000E+00  0.0000E+00
  1.1000E+01  3.3600E+02  8.9013E+04  0.0000E+00  1.0000E+00  0.0000E+00  0.0000E+00  2.0000E+00  1.5000E+01  2.0000E+00  3.7873E-02  1.6853E+01  8.8996E+04  1.2760E+00  8.9013E+04  6.8384E+04  2.0629E+04  1.3728E+00
  1.2000E+01  0.0000E+00  0.0000E+00  1.0000E+00  1.0000E+00  6.0000E-01  1.0000E+00  2.0000E+00  0.0000E+00  0.0000E+00 -2.0000E+02 -6.4860E+05  6.4860E+05  0.0000E+00  0.0000E+00  6.4860E+05  0.0000E+00  0.0000E+00
  1.2000E+01  3.3600E+02  5.4967E+04  0.0000E+00  1.0000E+00  0.0000E+00  0.0000E+00  2.0000E+00  1.5000E+01  2.0000E+00 -1.4680E-02 -4.0348E+00  5.4971E+04 -9.4865E-01  5.4967E+04  6.8384E+04 -1.3417E+04 -8.9288E-01
  1.3000E+01  0.0000E+00  0.0000E+00  1.0000E+00  1.0000E+00  6.0000E-01  1.0000E+00  2.0000E+00  0.0000E+00  0.0000E+00 -2.0000E+02 -6.4860E+05  6.4860E+05  0.0000E+00  0.0000E+00  6.4860E+05  0.0000E+00  0.0000E+00
  1.3000E+01  6.7200E+02  7.5606E+03  0.0000E+00  1.0000E+00  0.0000E+00  0.0000E+00  2.0000E+00  2.9000E+01  4.0000E+00  6.2488E-03  2.3622E-01  7.5604E+03  1.0866E-01  7.5606E+03  7.2099E+03  3.5068E+02  1.1069E-01
  1.4000E+01  0.0000E+00  0.0000E+00  1.0000E+00  1.0000E+00  6.0000E-01  1.0000E+00  2.0000E+00  0.0000E+00  0.0000E+00 -2.0000E+02 -6.4860E+05  6.4860E+05  0.0000E+00  0.0000E+00  6.4860E+05  0.0000E+00  0.0000E+00
  1.4000E+01  6.7200E+02  5.8805E+03  0.0000E+00  1.0000E+00  0.0000E+00  0.0000E+00  2.0000E+00  2.9000E+01  4.0000E+00  6.0922E-05  1.7913E-03  5.8805E+03 -4.5365E-01  5.8805E+03  7.2099E+03 -1.3294E+03 -4.1963E-01
  1.5000E+01  0.0000E+00  0.0000E+00  1.0000E+00  1.0000E+00  6.0000E-01  1.0000E+00  2.0000E+00  0.0000E+00  0.0000E+00 -2.0000E+02 -6.4860E+05  6.4860E+05  0.0000E+00  0.0000E+00  6.4860E+05  0.0000E+00  0.0000E+00
  1.5000E+01  6.7200E+02  1.6131E+03  0.0000E+00  1.0000E+00  0.0000E+00  0.0000E+00  2.0000E+00  2.9000E+01  4.0000E+00 -2.0118E-02 -1.6229E-01  1.6133E+03 -2.9416E+00  1.6131E+03  7.2099E+03 -5.5968E+03 -1.7666E+00
  1.6000E+01  0.0000E+00  0.0000E+00  1.0000E+00  1.0000E+00  6.0000E-01  1.0000E+00  2.0000E+00  0.0000E+00  0.0000E+00 -2.0000E+02 -6.4860E+05  6.4860E+05  0.0000E+00  0.0000E+00  6.4860E+05  0.0000E+00  0.0000E+00
  1.6000E+01  1.0080E+03  1.8740E+03  0.0000E+00  1.0000E+00  0.0000E+00  0.0000E+00  2.0000E+00  4.3000E+01  6.0000E+00  1.7867E-02  1.6739E-01  1.8738E+03  1.4696E+00  1.8740E+03  7.6017E+02  1.1138E+03  2.2231E+00
  1.7000E+01  0.0000E+00  0.0000E+00  1.0000E+00  1.0000E+00  6.0000E-01  1.0000E+00  2.0000E+00  0.0000E+00  0.0000E+00 -2.0000E+02 -6.4860E+05  6.4860E+05  0.0000E+00  0.0000E+00  6.4860E+05  0.0000E+00  0.0000E+00
  1.7000E+01  1.0080E+03  2.0616E+03  0.0000E+00  1.0000E+00  0.0000E+00  0.0000E+00  2.0000E+00  4.3000E+01  6.0000E+00  1.9580E-02  2.0182E-01  2.0614E+03  1.6381E+00  2.0616E+03  7.6017E+02  1.3015E+03  2.5977E+00
  1.8000E+01  0.0000E+00  0.0000E+00  1.0000E+00  1.0000E+00  6.0000E-01  1.0000E+00  2.0000E+00  0.0000E+00  0.0000E+00 -2.0000E+02 -6.4860E+05  6.4860E+05  0.0000E+00  0.0000E+00  6.4860E+05  0.0000E+00  0.0000E+00
  1.8000E+01  1.3440E+03  8.9043E+01  0.0000E+00  1.0000E+00  0.0000E+00  0.0000E+00  2.0000E+00  5.7000E+01  8.0000E+00  5.6933E-03  2.5347E-03  8.9041E+01  1.2049E-01  8.9043E+01  8.0147E+01  8.8961E+00  1.2631E-01
  1.9000E+01  0.0000E+00  0.0000E+00  1.0000E+00  1.0000E+00  6.0000E-01  1.0000E+00  2.0000E+00  0.0000E+00  0.0000E+00 -2.0000E+02 -6.4860E+05  6.4860E+05  0.0000E+00  0.0000E+00  6.4860E+05  0.0000E+00  0.0000E+00
  1.9000E+01  1.3440E+03  9.1735E+01  0.0000E+00  1.0000E+00  0.0000E+00  0.0000E+00  2.0000E+00  5.7000E+01  8.0000E+00  5.8941E-03  2.7034E-03  9.1733E+01  1.5484E-01  9.1735E+01  8.0147E+01  1.1588E+01  1.6453E-01
  2.0000E+01  0.0000E+00  0.0000E+00  1.0000E+00  1.0000E+00  6.0000E-01  1.0000E+00  2.0000E+00  0.0000E+00  0.0000E+00 -2.0000E+02 -6.4860E+05  6.4860E+05  0.0000E+00  0.0000E+00  6.4860E+05  0.0000E+00  0.0000E+00
  2.0000E+01  1.3440E+03  1.4429E+02  0.0000E+00  1.0000E+00  0.0000E+00  0.0000E+00  2.0000E+00  5.7000E+01  8.0000E+00  9.2114E-03  6.6451E-03  1.4428E+02  6.9191E-01  1.4429E+02  8.0147E+01  6.4140E+01  9.1068E-01
  1.0100E+02  0.0000E+00  0.0000E+00  1.0000E+00  1.0000E+00  1.2000E+00  0.0000E+00  2.0000E+00  0.0000E+00  0.0000E+00 -2.0000E+02 -1.2972E+06  1.2972E+06  0.0000E+00  0.0000E+00  1.2972E+06  0.0000E+00  0.0000E+00
  1.0100E+02  3.3600E+02  1.3594E+05  0.0000E+00  1.0000E+00  0.0000E+00  1.0000E+00  2.0000E+00  1.5000E+01  2.0000E+00  4.3736E-03  2.9727E+00  1.3594E+05 -2.7486E-02  1.3594E+05  1.3677E+05 -8.2467E+02 -2.7439E-02
  1.0200E+02  0.0000E+00  0.0000E+00  1.0000E+00  1.0000E+00  1.2000E+00  0.0000E+00  2.0000E+00  0.0000E+00  0.0000E+00 -2.0000E+02 -1.2972E+06  1.2972E+06  0.0000E+00  0.0000E+00  1.2972E+06  0.0000E+00  0.0000E+00
  1.0200E+02  3.3600E+02  1.0246E+05  0.0000E+00  1.0000E+00  0.0000E+00  1.0000E+00  2.0000E+00  1.5000E+01  2.0000E+00 -1.9940E-02 -1.0217E+01  1.0247E+05 -1.2365E+00  1.0246E+05  1.3677E+05 -3.4304E+04 -1.1414E+00
  1.0300E+02  0.0000E+00  0.0000E+00  1.0000E+00  1.0000E+00  1.2000E+00  0.0000E+00  2.0000E+00  0.0000E+00  0.0000E+00 -2.0000E+02 -1.2972E+06  1.2972E+06  0.0000E+00  0.0000E+00  1.2972E+06  0.0000E+00  0.0000E+00
  1.0300E+02  6.7200E+02  1.4701E+04  0.0000E+00  1.0000E+00  0.0000E+00  1.0000E+00  2.0000E+00  2.9000E+01  4.0000E+00  5.5018E-03  4.0439E-01  1.4700E+04  4.3980E-02  1.4701E+04  1.4420E+04  2.8077E+02  4.4311E-02
  1.0400E+02  0.0000E+00  0.0000E+00  1.0000E+00  1.0000E+00  1.2000E+00  0.0000E+00  2.0000E+00  0.0000E+00  0.0000E+00 -2.0000E+02 -1.2972E+06  1.2972E+06  0.0000E+00  0.0000E+00  1.2972E+06  0.0000E+00  0.0000E+00
  1.0400E+02  6.7200E+02  1.6894E+04  0.0000E+00  1.0000E+00  0.0000E+00  1.0000E+00  2.0000E+00  2.9000E+01  4.0000E+00  9.3257E-03  7.8770E-01  1.6893E+04  3.6687E-01  1.6894E+04  1.4420E+04  2.4741E+03  3.9047E-01
  1.0500E+02  0.0000E+00  0.0000E+00  1.0000E+00  1.0000E+00  1.2000E+00  0.0000E+00  2.0000E+00  0.0000E+00  0.0000E+00 -2.0000E+02 -1.2972E+06  1.2972E+06  0.0000E+00  0.0000E+00  1.2972E+06  0.0000E+00  0.0000E+00
  1.0500E+02  6.7200E+02  1.4891E+04  0.0000E+00  1.0000E+00  0.0000E+00  1.0000E+00  2.0000E+00  2.9000E+01  4.0000E+00  5.8406E-03  4.3484E-01  1.4890E+04  7.3412E-02  1.4891E+04  1.4420E+04  4.7102E+02  7.4337E-02
  1.0600E+02  0.0000E+00  0.0000E+00  1.0000E+00  1.0000E+00  1.2000E+00  0.0000E+00  2.0000E+00  0.0000E+00  0.0000E+00 -2.0000E+02 -1.2972E+06  1.2972E+06  0.0000E+00  0.0000E+00  1.2972E+06  0.0000E+00  0.0000E+00
  1.0600E+02  1.0080E+03  1.0314E+03  0.0000E+00  1.0000E+00  0.0000E+00  1.0000E+00  2.0000E+00  4.3000E+01  6.0000E+00  8.9285E-04  4.6042E-03  1.0314E+03 -5.7248E-01  1.0314E+03  1.5203E+03 -4.8898E+02 -4.8798E-01
  1.0700E+02  0.0000E+00  0.0000E+00  1.0000E+00  1.0000E+00  1.2000E+00  0.0000E+00  2.0000E+00  0.0000E+00  0.0000E+00 -2.0000E+02 -1.2972E+06  1.2972E+06  0.0000E+00  0.0000E+00  1.2972E+06  0.0000E+00  0.0000E+00
  1.0700E+02  1.0080E+03  1.7030E+03  0.0000E+00  1.0000E+00  0.0000E+00  1.0000E+00  2.0000E+00  4.3000E+01  6.0000E+00  6.3389E-03  5.3973E-02  1.7029E+03  1.7359E-01  1.7030E+03  1.5203E+03  1.8264E+02  1.8226E-01
  1.0800E+02  0.0000E+00  0.0000E+00  1.0000E+00  1.0000E+00  1.2000E+00  0.0000E+00  2.0000E+00  0.0000E+00  0.0000E+00 -2.0000E+02 -1.2972E+06  1.2972E+06  0.0000E+00  0.0000E+00  1.2972E+06  0.0000E+00  0.0000E+00
  1.0800E+02  1.3440E+03  9.6058E+01  0.0000E+00  1.0000E+00  0.0000E+00  1.0000E+00  2.0000E+00  5.7000E+01  8.0000E+00  1.9488E-03  9.3600E-04  9.6057E+01 -5.6673E-01  9.6058E+01  1.6029E+02 -6.4236E+01 -4.5602E-01
  1.0900E+02  0.0000E+00  0.0000E+00  1.0000E+00  1.0000E+00  1.2000E+00  0.0000E+00  2.0000E+00  0.0000E+00  0.0000E+00 -2.0000E+02 -1.2972E+06  1.2972E+06  0.0000E+00  0.0000E+00  1.2972E+06  0.0000E+00  0.0000E+00
  1.0900E+02  1.3440E+03  9.1258E+01  0.0000E+00  1.0000E+00  0.0000E+00  1.0000E+00  2.0000E+00  5.7000E+01  8.0000E+00  1.6705E-03  7.6222E-04  9.1257E+01 -6.2177E-01  9.1258E+01  1.6029E+02 -6.9036E+01 -4.9010E-01
  1.1000E+02  0.0000E+00  0.0000E+00  1.0000E+00  1.0000E+00  1.2000E+00  0.0000E+00  2.0000E+00  0.0000E+00  0.0000E+00 -2.0000E+02 -1.2972E+06  1.2972E+06  0.0000E+00  0.0000E+00  1.2972E+06  0.0000E+00  0.0000E+00
  1.1000E+02  1.3440E+03  1.7773E+02  0.0000E+00  1.0000E+00  0.0000E+00  1.0000E+00  2.0000E+00  5.7000E+01  8.0000E+00  5.6798E-03  5.0472E-03  1.7772E+02  1.1817E-01  1.7773E+02  1.6029E+02  1.7434E+01  1.2377E-01
  1.1100E+02  0.0000E+00  0.0000E+00  1.0000E+00  1.0000E+00  1.2000E+00  1.0000E+00  2.0000E+00  0.0000E+00  0.0000E+00 -2.0000E+02 -1.2972E+06  1.2972E+06  0.0000E+00  0.0000E+00  1.2972E+06  0.0000E+00  0.0000E+00
  1.1100E+02  3.3600E+02  1.6647E+05  0.0000E+00  1.0000E+00  0.0000E+00  0.0000E+00  2.0000E+00  1.5000E+01  2.0000E+00  2.8321E-02  2.3570E+01  1.6645E+05  9.3580E-01  1.6647E+05  1.3677E+05  2.9702E+04  9.8827E-01
  1.1200E+02  0.0000E+00  0.0000E+00  1.0000E+00  1.0000E+00  1.2000E+00  1.0000E+00  2.0000E+00  0.0000E+00  0.0000E+00 -2.0000E+02 -1.2972E+06  1.2972E+06  0.0000E+00  0.0000E+00  1.2972E+06  0.0000E+00  0.0000E+00
  1.1200E+02  3.3600E+02  1.8462E+05  0.0000E+00  1.0000E+00  0.0000E+00  0.0000E+00  2.0000E+00  1.5000E+01  2.0000E+00  4.3448E-02  4.0098E+01  1.8458E+05  1.4652E+00  1.8462E+05  1.3677E+05  4.7851E+04  1.5922E+00
  1.1300E+02  0.0000E+00  0.0000E+00  1.0000E+00  1.0000E+00  1.2000E+00  1.0000E+00  2.0000E+00  0.0000E+00  0.0000E+00 -2.0000E+02 -1.2972E+06  1.2972E+06  0.0000E+00  0.0000E+00  1.2972E+06  0.0000E+00  0.0000E+00
  1.1300E+02  6.7200E+02  8.8602E+03  0.0000E+00  1.0000E+00  0.0000E+00  0.0000E+00  2.0000E+00  2.9000E+01  4.0000E+00 -5.8070E-03 -2.5726E-01  8.8604E+03 -1.0524E+00  8.8602E+03  1.4420E+04 -5.5597E+03 -8.7745E-01
  1.1400E+02  0.0000E+00  0.0000E+00  1.0000E+00  1.0000E+00  1.2000E+00  1.0000E+00  2.0000E+00  0.0000E+00  0.0000E+00 -2.0000E+02 -1.2972E+06  1.2972E+06  0.0000E+00  0.0000E+00  1.2972E+06  0.0000E+00  0.0000E+00
  1.1400E+02  6.7200E+02  1.8939E+04  0.0000E+00  1.0000E+00  0.0000E+00  0.0000E+00  2.0000E+00  2.9000E+01  4.0000E+00  1.2751E-02  1.2074E+00  1.8938E+04  6.4006E-01  1.8939E+04  1.4420E+04  4.5196E+03  7.1329E-01
  1.1500E+02  0.0000E+00  0.0000E+00  1.0000E+00  1.0000E+00  1.2000E+00  1.0000E+00  2.0000E+00  0.0000E+00  0.0000E+00 -2.0000E+02 -1.2972E+06  1.2972E+06  0.0000E+00  0.0000E+00  1.2972E+06  0.0000E+00  0.0000E+00
  1.1500E+02  6.7200E+02  1.2609E+04  0.0000E+00  1.0000E+00  0.0000E+00  0.0000E+00  2.0000E+00  2.9000E+01  4.0000E+00  1.6746E-03  1.0557E-01  1.2609E+04 -3.0090E-01  1.2609E+04  1.4420E+04 -1.8106E+03 -2.8576E-01
  1.1600E+02  0.0000E+00  0.0000E+00  1.0000E+00  1.0000E+00  1.2000E+00  1.0000E+00  2.0000E+00  0.0000E+00  0.0000E+00 -2.0000E+02 -1.2972E+06  1.2972E+06  0.0000E+00  0.0000E+00  1.2972E+06  0.0000E+00  0.0000E+00
  1.1600E+02  1.0080E+03  9.7019E+02  0.0000E+00  1.0000E+00  0.0000E+00  0.0000E+00  2.0000E+00  4.3000E+01  6.0000E+00  3.0646E-04  1.4866E-03  9.7019E+02 -6.5982E-01  9.7019E+02  1.5203E+03 -5.5014E+02 -5.4902E-01
  1.1700E+02  0.0000E+00  0.0000E+00  1.0000E+00  1.0000E+00  1.2000E+00  1.0000E+00  2.0000E+00  0.0000E+00  0.0000E+00 -2.0000E+02 -1.2972E+06  1.2972E+06  0.0000E+00  0.0000E+00  1.2972E+06  0.0000E+00  0.0000E+00
  1.1700E+02  1.0080E+03  9.8057E+02  0.0000E+00  1.0000E+00  0.0000E+00  0.0000E+00  2.0000E+00  4.3000E+01  6.0000E+00  4.0737E-04  1.9973E-03  9.8057E+02 -6.4468E-01  9.8057E+02  1.5203E+03 -5.3977E+02 -5.3867E-01
  1.1800E+02  0.0000E+00  0.0000E+00  1.0000E+00  1.0000E+00  1.2000E+00  1.0000E+00  2.0000E+00  0.0000E+00  0.0000E+00 -2.0000E+02 -1.2972E+06  1.2972E+06  0.0000E+00  0.0000E+00  1.2972E+06  0.0000E+00  0.0000E+00
  1.1800E+02  1.3440E+03  8.1596E+01  0.0000E+00  1.0000E+00  0.0000E+00  0.0000E+00  2.0000E+00  5.7000E+01  8.0000E+00  1.0784E-03  4.3996E-04  8.1596E+01 -7.4092E-01  8.1596E+01  1.6029E+02 -7.8698E+01 -5.5869E-01
  1.1900E+02  0.0000E+00  0.0000E+00  1.0000E+00  1.0000E+00  1.2000E+00  1.0000E+00  2.0000E+00  0.0000E+00  0.0000E+00 -2.0000E+02 -1.2972E+06  1.2972E+06  0.0000E+00  0.0000E+00  1.2972E+06  0.0000E+00  0.0000E+00
  1.1900E+02  1.3440E+03  1.3986E+02  0.0000E+00  1.0000E+00  0.0000E+00  0.0000E+00  2.0000E+00  5.7000E+01  8.0000E+00  4.1364E-03  2.8925E-03  1.3986E+02 -1.5403E-01  1.3986E+02  1.6029E+02 -2.0436E+01 -1.4508E-01
  1.2000E+02  0.0000E+00  0.0000E+00  1.0000E+00  1.0000E+00  1.2000E+00  1.0000E+00  2.0000E+00  0.0000E+00  0.0000E+00 -2.0000E+02 -1.2972E+06  1.2972E+06  0.0000E+00  0.0000E+00  1.2972E+06  0.0000E+00  0.0000E+00
  1.2000E+02  1.3440E+03  1.4386E+02  0.0000E+00  1.0000E+00  0.0000E+00  0.0000E+00  2.0000E+00  5.7000E+01  8.0000E+00  4.3119E-03  3.1015E-03  1.4386E+02 -1.2235E-01  1.4386E+02  1.6029E+02 -1.6433E+01 -1.1666E-01
