TABLE NO.  1
 ID          TIME        DV          MDV         CMT         AMT         LEFT        SITE        DAY         WEEK        IWRES       IRES        IPRED       CWRES       DV          PRED        RES         WRES
  1.0000E+00  0.0000E+00  0.0000E+00  1.0000E+00  1.0000E+00  6.0000E-01  0.0000E+00  2.0000E+00  0.0000E+00  0.0000E+00 -2.9320E+00 -5.1286E+07  5.1286E+07  0.0000E+00  0.0000E+00  4.2356E+07  0.0000E+00  0.0000E+00
  1.0000E+00  3.3600E+02  4.2240E+04  0.0000E+00  1.0000E+00  0.0000E+00  1.0000E+00  2.0000E+00  1.5000E+01  2.0000E+00 -1.0775E+00 -2.4541E+04  6.6781E+04 -1.0844E+00  4.2240E+04  6.7149E+04 -2.4909E+04 -1.0752E+00
  2.0000E+00  0.0000E+00  0.0000E+00  1.0000E+00  1.0000E+00  6.0000E-01  0.0000E+00  2.0000E+00  0.0000E+00  0.0000E+00 -2.9320E+00 -4.1913E+07  4.1913E+07  0.0000E+00  0.0000E+00  4.2356E+07  0.0000E+00  0.0000E+00
  2.0000E+00  3.3600E+02  7.5107E+04  0.0000E+00  1.0000E+00  0.0000E+00  1.0000E+00  2.0000E+00  1.5000E+01  2.0000E+00  3.4638E-01  7.9355E+03  6.7171E+04  3.4374E-01  7.5107E+04  6.7149E+04  7.9578E+03  3.4351E-01
  3.0000E+00  0.0000E+00  0.0000E+00  1.0000E+00  1.0000E+00  6.0000E-01  0.0000E+00  2.0000E+00  0.0000E+00  0.0000E+00 -2.9320E+00 -7.0434E+06  7.0434E+06  0.0000E+00  0.0000E+00  4.2356E+07  0.0000E+00  0.0000E+00
  3.0000E+00  6.7200E+02  1.2155E+04  0.0000E+00  1.0000E+00  0.0000E+00  1.0000E+00  2.0000E+00  2.9000E+01  4.0000E+00  8.2782E-01  2.6761E+03  9.4784E+03  1.4126E+00  1.2155E+04  6.9464E+03  5.2081E+03  2.0934E+00
  4.0000E+00  0.0000E+00  0.0000E+00  1.0000E+00  1.0000E+00  6.0000E-01  0.0000E+00  2.0000E+00  0.0000E+00  0.0000E+00 -2.9320E+00 -3.0493E+07  3.0493E+07  0.0000E+00  0.0000E+00  4.2356E+07  0.0000E+00  0.0000E+00
  4.0000E+00  6.7200E+02  8.7923E+03  0.0000E+00  1.0000E+00  0.0000E+00  1.0000E+00  2.0000E+00  2.9000E+01  4.0000E+00  6.8517E-01  1.6654E+03  7.1268E+03  7.1334E-01  8.7923E+03  6.9464E+03  1.8458E+03  7.4192E-01
  5.0000E+00  0.0000E+00  0.0000E+00  1.0000E+00  1.0000E+00  6.0000E-01  0.0000E+00  2.0000E+00  0.0000E+00  0.0000E+00 -2.9320E+00 -4.2356E+07  4.2356E+07  0.0000E+00  0.0000E+00  4.2356E+07  0.0000E+00  0.0000E+00
  5.0000E+00  6.7200E+02  0.0000E+00  1.0000E+00  1.0000E+00  0.0000E+00  1.0000E+00  2.0000E+00  2.9000E+01  4.0000E+00 -2.9320E+00 -6.9464E+03  6.9464E+03  0.0000E+00  0.0000E+00  6.9464E+03  0.0000E+00  0.0000E+00
  6.0000E+00  0.0000E+00  0.0000E+00  1.0000E+00  1.0000E+00  6.0000E-01  0.0000E+00  2.0000E+00  0.0000E+00  0.0000E+00 -2.9320E+00 -3.5397E+07  3.5397E+07  0.0000E+00  0.0000E+00  4.2356E+07  0.0000E+00  0.0000E+00
  6.0000E+00  1.0080E+03  8.5126E+02  0.0000E+00  1.0000E+00  0.0000E+00  1.0000E+00  2.0000E+00  4.3000E+01  6.0000E+00  4.7318E-01  1.1829E+02  7.3297E+02  4.6987E-01  8.5126E+02  7.1859E+02  1.3267E+02  4.8632E-01
  7.0000E+00  0.0000E+00  0.0000E+00  1.0000E+00  1.0000E+00  6.0000E-01  0.0000E+00  2.0000E+00  0.0000E+00  0.0000E+00 -2.9320E+00 -2.9691E+06  2.9691E+06  0.0000E+00  0.0000E+00  4.2356E+07  0.0000E+00  0.0000E+00
  7.0000E+00  1.0080E+03  2.7002E+03  0.0000E+00  1.0000E+00  0.0000E+00  1.0000E+00  2.0000E+00  4.3000E+01  6.0000E+00  5.8475E-01  4.4898E+02  2.2512E+03  1.7854E+00  2.7002E+03  7.1859E+02  1.9816E+03  7.2640E+00
  8.0000E+00  0.0000E+00  0.0000E+00  1.0000E+00  1.0000E+00  6.0000E-01  0.0000E+00  2.0000E+00  0.0000E+00  0.0000E+00 -2.9320E+00 -7.1510E+07  7.1510E+07  0.0000E+00  0.0000E+00  4.2356E+07  0.0000E+00  0.0000E+00
  8.0000E+00  1.3440E+03  1.8114E+01  0.0000E+00  1.0000E+00  0.0000E+00  1.0000E+00  2.0000E+00  5.7000E+01  8.0000E+00 -2.1767E+00 -5.2203E+01  7.0317E+01 -2.1571E+00  1.8114E+01  7.4337E+01 -5.6223E+01 -1.8533E+00
  9.0000E+00  0.0000E+00  0.0000E+00  1.0000E+00  1.0000E+00  6.0000E-01  0.0000E+00  2.0000E+00  0.0000E+00  0.0000E+00 -2.9320E+00 -4.0190E+07  4.0190E+07  0.0000E+00  0.0000E+00  4.2356E+07  0.0000E+00  0.0000E+00
  9.0000E+00  1.3440E+03  8.3834E+01  0.0000E+00  1.0000E+00  0.0000E+00  1.0000E+00  2.0000E+00  5.7000E+01  8.0000E+00  3.5050E-01  8.9516E+00  7.4883E+01  3.1165E-01  8.3834E+01  7.4337E+01  9.4973E+00  3.1306E-01
  1.0000E+01  0.0000E+00  0.0000E+00  1.0000E+00  1.0000E+00  6.0000E-01  0.0000E+00  2.0000E+00  0.0000E+00  0.0000E+00 -2.9320E+00 -9.6342E+06  9.6342E+06  0.0000E+00  0.0000E+00  4.2356E+07  0.0000E+00  0.0000E+00
  1.0000E+01  1.3440E+03  1.3938E+02  0.0000E+00  1.0000E+00  0.0000E+00  1.0000E+00  2.0000E+00  5.7000E+01  8.0000E+00  5.9496E-01  2.3511E+01  1.1586E+02  1.1001E+00  1.3938E+02  7.4337E+01  6.5039E+01  2.1438E+00
  1.1000E+01  0.0000E+00  0.0000E+00  1.0000E+00  1.0000E+00  6.0000E-01  1.0000E+00  2.0000E+00  0.0000E+00  0.0000E+00 -2.9320E+00 -3.3045E+07  3.3045E+07  0.0000E+00  0.0000E+00  4.2356E+07  0.0000E+00  0.0000E+00
  1.1000E+01  3.3600E+02  8.9013E+04  0.0000E+00  1.0000E+00  0.0000E+00  0.0000E+00  2.0000E+00  1.5000E+01  2.0000E+00  9.2055E-01  2.1269E+04  6.7744E+04  9.3411E-01  8.9013E+04  6.7149E+04  2.1864E+04  9.4380E-01
  1.2000E+01  0.0000E+00  0.0000E+00  1.0000E+00  1.0000E+00  6.0000E-01  1.0000E+00  2.0000E+00  0.0000E+00  0.0000E+00 -2.9320E+00 -4.9206E+07  4.9206E+07  0.0000E+00  0.0000E+00  4.2356E+07  0.0000E+00  0.0000E+00
  1.2000E+01  3.3600E+02  5.4967E+04  0.0000E+00  1.0000E+00  0.0000E+00  0.0000E+00  2.0000E+00  1.5000E+01  2.0000E+00 -5.2138E-01 -1.1888E+04  6.6855E+04 -5.2924E-01  5.4967E+04  6.7149E+04 -1.2183E+04 -5.2588E-01
  1.3000E+01  0.0000E+00  0.0000E+00  1.0000E+00  1.0000E+00  6.0000E-01  1.0000E+00  2.0000E+00  0.0000E+00  0.0000E+00 -2.9320E+00 -4.3405E+07  4.3405E+07  0.0000E+00  0.0000E+00  4.2356E+07  0.0000E+00  0.0000E+00
  1.3000E+01  6.7200E+02  7.5606E+03  0.0000E+00  1.0000E+00  0.0000E+00  0.0000E+00  2.0000E+00  2.9000E+01  4.0000E+00  2.6436E-01  6.2531E+02  6.9353E+03  2.4902E-01  7.5606E+03  6.9464E+03  6.1419E+02  2.4687E-01
  1.4000E+01  0.0000E+00  0.0000E+00  1.0000E+00  1.0000E+00  6.0000E-01  1.0000E+00  2.0000E+00  0.0000E+00  0.0000E+00 -2.9320E+00 -5.4743E+07  5.4743E+07  0.0000E+00  0.0000E+00  4.2356E+07  0.0000E+00  0.0000E+00
  1.4000E+01  6.7200E+02  5.8805E+03  0.0000E+00  1.0000E+00  0.0000E+00  0.0000E+00  2.0000E+00  2.9000E+01  4.0000E+00 -4.1232E-01 -9.6229E+02  6.8428E+03 -4.3902E-01  5.8805E+03  6.9464E+03 -1.0659E+03 -4.2844E-01
  1.5000E+01  0.0000E+00  0.0000E+00  1.0000E+00  1.0000E+00  6.0000E-01  1.0000E+00  2.0000E+00  0.0000E+00  0.0000E+00 -2.9320E+00 -5.7512E+07  5.7512E+07  0.0000E+00  0.0000E+00  4.2356E+07  0.0000E+00  0.0000E+00
  1.5000E+01  6.7200E+02  1.6131E+03  0.0000E+00  1.0000E+00  0.0000E+00  0.0000E+00  2.0000E+00  2.9000E+01  4.0000E+00 -2.2391E+00 -5.2127E+03  6.8258E+03 -2.2275E+00  1.6131E+03  6.9464E+03 -5.3333E+03 -2.1437E+00
  1.6000E+01  0.0000E+00  0.0000E+00  1.0000E+00  1.0000E+00  6.0000E-01  1.0000E+00  2.0000E+00  0.0000E+00  0.0000E+00 -2.9320E+00 -4.5035E+06  4.5035E+06  0.0000E+00  0.0000E+00  4.2356E+07  0.0000E+00  0.0000E+00
  1.6000E+01  1.0080E+03  1.8740E+03  0.0000E+00  1.0000E+00  0.0000E+00  0.0000E+00  2.0000E+00  4.3000E+01  6.0000E+00  6.1718E-01  3.2587E+02  1.5481E+03  1.5484E+00  1.8740E+03  7.1859E+02  1.1554E+03  4.2352E+00
  1.7000E+01  0.0000E+00  0.0000E+00  1.0000E+00  1.0000E+00  6.0000E-01  1.0000E+00  2.0000E+00  0.0000E+00  0.0000E+00 -2.9320E+00 -3.9868E+06  3.9868E+06  0.0000E+00  0.0000E+00  4.2356E+07  0.0000E+00  0.0000E+00
  1.7000E+01  1.0080E+03  2.0616E+03  0.0000E+00  1.0000E+00  0.0000E+00  0.0000E+00  2.0000E+00  4.3000E+01  6.0000E+00  6.0666E-01  3.5344E+02  1.7082E+03  1.6162E+00  2.0616E+03  7.1859E+02  1.3430E+03  4.9232E+00
  1.8000E+01  0.0000E+00  0.0000E+00  1.0000E+00  1.0000E+00  6.0000E-01  1.0000E+00  2.0000E+00  0.0000E+00  0.0000E+00 -2.9320E+00 -3.3631E+07  3.3631E+07  0.0000E+00  0.0000E+00  4.2356E+07  0.0000E+00  0.0000E+00
  1.8000E+01  1.3440E+03  8.9043E+01  0.0000E+00  1.0000E+00  0.0000E+00  0.0000E+00  2.0000E+00  5.7000E+01  8.0000E+00  4.5884E-01  1.2049E+01  7.6994E+01  4.5273E-01  8.9043E+01  7.4337E+01  1.4706E+01  4.8475E-01
  1.9000E+01  0.0000E+00  0.0000E+00  1.0000E+00  1.0000E+00  6.0000E-01  1.0000E+00  2.0000E+00  0.0000E+00  0.0000E+00 -2.9320E+00 -3.0499E+07  3.0499E+07  0.0000E+00  0.0000E+00  4.2356E+07  0.0000E+00  0.0000E+00
  1.9000E+01  1.3440E+03  9.1735E+01  0.0000E+00  1.0000E+00  0.0000E+00  0.0000E+00  2.0000E+00  5.7000E+01  8.0000E+00  5.0097E-01  1.3387E+01  7.8348E+01  5.1726E-01  9.1735E+01  7.4337E+01  1.7398E+01  5.7349E-01
  2.0000E+01  0.0000E+00  0.0000E+00  1.0000E+00  1.0000E+00  6.0000E-01  1.0000E+00  2.0000E+00  0.0000E+00  0.0000E+00 -2.9320E+00 -9.0470E+06  9.0470E+06  0.0000E+00  0.0000E+00  4.2356E+07  0.0000E+00  0.0000E+00
  2.0000E+01  1.3440E+03  1.4429E+02  0.0000E+00  1.0000E+00  0.0000E+00  0.0000E+00  2.0000E+00  5.7000E+01  8.0000E+00  5.9109E-01  2.4208E+01  1.2008E+02  1.1324E+00  1.4429E+02  7.4337E+01  6.9950E+01  2.3057E+00
  1.0100E+02  0.0000E+00  0.0000E+00  1.0000E+00  1.0000E+00  1.2000E+00  0.0000E+00  2.0000E+00  0.0000E+00  0.0000E+00 -2.9320E+00 -9.0247E+07  9.0247E+07  0.0000E+00  0.0000E+00  8.4712E+07  0.0000E+00  0.0000E+00
  1.0100E+02  3.3600E+02  1.3594E+05  0.0000E+00  1.0000E+00  0.0000E+00  1.0000E+00  2.0000E+00  1.5000E+01  2.0000E+00  4.1652E-02  1.9042E+03  1.3404E+05  3.5833E-02  1.3594E+05  1.3430E+05  1.6450E+03  3.5505E-02
  1.0200E+02  0.0000E+00  0.0000E+00  1.0000E+00  1.0000E+00  1.2000E+00  0.0000E+00  2.0000E+00  0.0000E+00  0.0000E+00 -2.9320E+00 -1.0001E+08  1.0001E+08  0.0000E+00  0.0000E+00  8.4712E+07  0.0000E+00  0.0000E+00
  1.0200E+02  3.3600E+02  1.0246E+05  0.0000E+00  1.0000E+00  0.0000E+00  1.0000E+00  2.0000E+00  1.5000E+01  2.0000E+00 -6.8419E-01 -3.1188E+04  1.3365E+05 -6.9204E-01  1.0246E+05  1.3430E+05 -3.1834E+04 -6.8709E-01
  1.0300E+02  0.0000E+00  0.0000E+00  1.0000E+00  1.0000E+00  1.2000E+00  0.0000E+00  2.0000E+00  0.0000E+00  0.0000E+00 -2.9320E+00 -9.0403E+07  9.0403E+07  0.0000E+00  0.0000E+00  8.4712E+07  0.0000E+00  0.0000E+00
  1.0300E+02  6.7200E+02  1.4701E+04  0.0000E+00  1.0000E+00  0.0000E+00  1.0000E+00  2.0000E+00  2.9000E+01  4.0000E+00  1.8345E-01  8.6564E+02  1.3835E+04  1.6504E-01  1.4701E+04  1.3893E+04  8.0779E+02  1.6234E-01
  1.0400E+02  0.0000E+00  0.0000E+00  1.0000E+00  1.0000E+00  1.2000E+00  0.0000E+00  2.0000E+00  0.0000E+00  0.0000E+00 -2.9320E+00 -6.9029E+07  6.9029E+07  0.0000E+00  0.0000E+00  8.4712E+07  0.0000E+00  0.0000E+00
  1.0400E+02  6.7200E+02  1.6894E+04  0.0000E+00  1.0000E+00  0.0000E+00  1.0000E+00  2.0000E+00  2.9000E+01  4.0000E+00  5.8028E-01  2.7911E+03  1.4103E+04  5.8968E-01  1.6894E+04  1.3893E+04  3.0011E+03  6.0314E-01
  1.0500E+02  0.0000E+00  0.0000E+00  1.0000E+00  1.0000E+00  1.2000E+00  0.0000E+00  2.0000E+00  0.0000E+00  0.0000E+00 -2.9320E+00 -8.8807E+07  8.8807E+07  0.0000E+00  0.0000E+00  8.4712E+07  0.0000E+00  0.0000E+00
  1.0500E+02  6.7200E+02  1.4891E+04  0.0000E+00  1.0000E+00  0.0000E+00  1.0000E+00  2.0000E+00  2.9000E+01  4.0000E+00  2.2025E-01  1.0404E+03  1.3850E+04  2.0314E-01  1.4891E+04  1.3893E+04  9.9804E+02  2.0058E-01
  1.0600E+02  0.0000E+00  0.0000E+00  1.0000E+00  1.0000E+00  1.2000E+00  0.0000E+00  2.0000E+00  0.0000E+00  0.0000E+00 -2.9320E+00 -1.2994E+08  1.2994E+08  0.0000E+00  0.0000E+00  8.4712E+07  0.0000E+00  0.0000E+00
  1.0600E+02  1.0080E+03  1.0314E+03  0.0000E+00  1.0000E+00  0.0000E+00  1.0000E+00  2.0000E+00  4.3000E+01  6.0000E+00 -7.5234E-01 -3.5599E+02  1.3873E+03 -7.9945E-01  1.0314E+03  1.4372E+03 -4.0583E+02 -7.4382E-01
  1.0700E+02  0.0000E+00  0.0000E+00  1.0000E+00  1.0000E+00  1.2000E+00  0.0000E+00  2.0000E+00  0.0000E+00  0.0000E+00 -2.9320E+00 -7.0738E+07  7.0738E+07  0.0000E+00  0.0000E+00  8.4712E+07  0.0000E+00  0.0000E+00
  1.0700E+02  1.0080E+03  1.7030E+03  0.0000E+00  1.0000E+00  0.0000E+00  1.0000E+00  2.0000E+00  4.3000E+01  6.0000E+00  4.7375E-01  2.3689E+02  1.4661E+03  4.7057E-01  1.7030E+03  1.4372E+03  2.6578E+02  4.8714E-01
  1.0800E+02  0.0000E+00  0.0000E+00  1.0000E+00  1.0000E+00  1.2000E+00  0.0000E+00  2.0000E+00  0.0000E+00  0.0000E+00 -2.9320E+00 -1.4695E+08  1.4695E+08  0.0000E+00  0.0000E+00  8.4712E+07  0.0000E+00  0.0000E+00
  1.0800E+02  1.3440E+03  9.6058E+01  0.0000E+00  1.0000E+00  0.0000E+00  1.0000E+00  2.0000E+00  5.7000E+01  8.0000E+00 -9.2498E-01 -4.4270E+01  1.4033E+02 -9.8976E-01  9.6058E+01  1.4867E+02 -5.2616E+01 -8.6719E-01
  1.0900E+02  0.0000E+00  0.0000E+00  1.0000E+00  1.0000E+00  1.2000E+00  0.0000E+00  2.0000E+00  0.0000E+00  0.0000E+00 -2.9320E+00 -1.4872E+08  1.4872E+08  0.0000E+00  0.0000E+00  8.4712E+07  0.0000E+00  0.0000E+00
  1.0900E+02  1.3440E+03  9.1258E+01  0.0000E+00  1.0000E+00  0.0000E+00  1.0000E+00  2.0000E+00  5.7000E+01  8.0000E+00 -1.0235E+00 -4.8938E+01  1.4020E+02 -1.0850E+00  9.1258E+01  1.4867E+02 -5.7416E+01 -9.4629E-01
  1.1000E+02  0.0000E+00  0.0000E+00  1.0000E+00  1.0000E+00  1.2000E+00  0.0000E+00  2.0000E+00  0.0000E+00  0.0000E+00 -2.9320E+00 -6.7695E+07  6.7695E+07  0.0000E+00  0.0000E+00  8.4712E+07  0.0000E+00  0.0000E+00
  1.1000E+02  1.3440E+03  1.7773E+02  0.0000E+00  1.0000E+00  0.0000E+00  1.0000E+00  2.0000E+00  5.7000E+01  8.0000E+00  4.5571E-01  2.3908E+01  1.5382E+02  4.4824E-01  1.7773E+02  1.4867E+02  2.9055E+01  4.7886E-01
  1.1100E+02  0.0000E+00  0.0000E+00  1.0000E+00  1.0000E+00  1.2000E+00  1.0000E+00  2.0000E+00  0.0000E+00  0.0000E+00 -2.9320E+00 -7.4450E+07  7.4450E+07  0.0000E+00  0.0000E+00  8.4712E+07  0.0000E+00  0.0000E+00
  1.1100E+02  3.3600E+02  1.6647E+05  0.0000E+00  1.0000E+00  0.0000E+00  0.0000E+00  2.0000E+00  1.5000E+01  2.0000E+00  6.8668E-01  3.1589E+04  1.3488E+05  6.9103E-01  1.6647E+05  1.3430E+05  3.2172E+04  6.9437E-01
  1.1200E+02  0.0000E+00  0.0000E+00  1.0000E+00  1.0000E+00  1.2000E+00  1.0000E+00  2.0000E+00  0.0000E+00  0.0000E+00 -2.9320E+00 -6.0502E+07  6.0502E+07  0.0000E+00  0.0000E+00  8.4712E+07  0.0000E+00  0.0000E+00
  1.1200E+02  3.3600E+02  1.8462E+05  0.0000E+00  1.0000E+00  0.0000E+00  0.0000E+00  2.0000E+00  1.5000E+01  2.0000E+00  1.0485E+00  4.8631E+04  1.3599E+05  1.0704E+00  1.8462E+05  1.3430E+05  5.0321E+04  1.0861E+00
  1.1300E+02  0.0000E+00  0.0000E+00  1.0000E+00  1.0000E+00  1.2000E+00  1.0000E+00  2.0000E+00  0.0000E+00  0.0000E+00 -2.9320E+00 -1.1925E+08  1.1925E+08  0.0000E+00  0.0000E+00  8.4712E+07  0.0000E+00  0.0000E+00
  1.1300E+02  6.7200E+02  8.8602E+03  0.0000E+00  1.0000E+00  0.0000E+00  0.0000E+00  2.0000E+00  2.9000E+01  4.0000E+00 -1.0258E+00 -4.7677E+03  1.3628E+04 -1.0488E+00  8.8602E+03  1.3893E+04 -5.0327E+03 -1.0114E+00
  1.1400E+02  0.0000E+00  0.0000E+00  1.0000E+00  1.0000E+00  1.2000E+00  1.0000E+00  2.0000E+00  0.0000E+00  0.0000E+00 -2.9320E+00 -4.4427E+07  4.4427E+07  0.0000E+00  0.0000E+00  8.4712E+07  0.0000E+00  0.0000E+00
  1.1400E+02  6.7200E+02  1.8939E+04  0.0000E+00  1.0000E+00  0.0000E+00  0.0000E+00  2.0000E+00  2.9000E+01  4.0000E+00  8.3474E-01  4.1971E+03  1.4742E+04  9.2998E-01  1.8939E+04  1.3893E+04  5.0466E+03  1.0142E+00
  1.1500E+02  0.0000E+00  0.0000E+00  1.0000E+00  1.0000E+00  1.2000E+00  1.0000E+00  2.0000E+00  0.0000E+00  0.0000E+00 -2.9320E+00 -1.0500E+08  1.0500E+08  0.0000E+00  0.0000E+00  8.4712E+07  0.0000E+00  0.0000E+00
  1.1500E+02  6.7200E+02  1.2609E+04  0.0000E+00  1.0000E+00  0.0000E+00  0.0000E+00  2.0000E+00  2.9000E+01  4.0000E+00 -2.3654E-01 -1.1065E+03  1.3716E+04 -2.6252E-01  1.2609E+04  1.3893E+04 -1.2836E+03 -2.5797E-01
  1.1600E+02  0.0000E+00  0.0000E+00  1.0000E+00  1.0000E+00  1.2000E+00  1.0000E+00  2.0000E+00  0.0000E+00  0.0000E+00 -2.9320E+00 -1.3236E+08  1.3236E+08  0.0000E+00  0.0000E+00  8.4712E+07  0.0000E+00  0.0000E+00
  1.1600E+02  1.0080E+03  9.7019E+02  0.0000E+00  1.0000E+00  0.0000E+00  0.0000E+00  2.0000E+00  4.3000E+01  6.0000E+00 -8.7911E-01 -4.1546E+02  1.3857E+03 -9.2408E-01  9.7019E+02  1.4372E+03 -4.6699E+02 -8.5592E-01
  1.1700E+02  0.0000E+00  0.0000E+00  1.0000E+00  1.0000E+00  1.2000E+00  1.0000E+00  2.0000E+00  0.0000E+00  0.0000E+00 -2.9320E+00 -1.3198E+08  1.3198E+08  0.0000E+00  0.0000E+00  8.4712E+07  0.0000E+00  0.0000E+00
  1.1700E+02  1.0080E+03  9.8057E+02  0.0000E+00  1.0000E+00  0.0000E+00  0.0000E+00  2.0000E+00  4.3000E+01  6.0000E+00 -8.5754E-01 -4.0535E+02  1.3859E+03 -9.0292E-01  9.8057E+02  1.4372E+03 -4.5662E+02 -8.3691E-01
  1.1800E+02  0.0000E+00  0.0000E+00  1.0000E+00  1.0000E+00  1.2000E+00  1.0000E+00  2.0000E+00  0.0000E+00  0.0000E+00 -2.9320E+00 -1.5121E+08  1.5121E+08  0.0000E+00  0.0000E+00  8.4712E+07  0.0000E+00  0.0000E+00
  1.1800E+02  1.3440E+03  8.1596E+01  0.0000E+00  1.0000E+00  0.0000E+00  0.0000E+00  2.0000E+00  5.7000E+01  8.0000E+00 -1.2233E+00 -5.8420E+01  1.4002E+02 -1.2771E+00  8.1596E+01  1.4867E+02 -6.7078E+01 -1.1055E+00
  1.1900E+02  0.0000E+00  0.0000E+00  1.0000E+00  1.0000E+00  1.2000E+00  1.0000E+00  2.0000E+00  0.0000E+00  0.0000E+00 -2.9320E+00 -1.1433E+08  1.1433E+08  0.0000E+00  0.0000E+00  8.4712E+07  0.0000E+00  0.0000E+00
  1.1900E+02  1.3440E+03  1.3986E+02  0.0000E+00  1.0000E+00  0.0000E+00  0.0000E+00  2.0000E+00  5.7000E+01  8.0000E+00 -7.4844E-02 -3.6636E+00  1.4352E+02 -1.4859E-01  1.3986E+02  1.4867E+02 -8.8156E+00 -1.4529E-01
  1.2000E+02  0.0000E+00  0.0000E+00  1.0000E+00  1.0000E+00  1.2000E+00  1.0000E+00  2.0000E+00  0.0000E+00  0.0000E+00 -2.9320E+00 -1.0992E+08  1.0992E+08  0.0000E+00  0.0000E+00  8.4712E+07  0.0000E+00  0.0000E+00
  1.2000E+02  1.3440E+03  1.4386E+02  0.0000E+00  1.0000E+00  0.0000E+00  0.0000E+00  2.0000E+00  5.7000E+01  8.0000E+00 -4.9693E-03 -2.4424E-01  1.4411E+02 -7.6829E-02  1.4386E+02  1.4867E+02 -4.8126E+00 -7.9318E-02
