TABLE NO.  1
 ID          TIME        DV          MDV         CMT         AMT         LEFT        SITE        DAY         WEEK        IWRES       IRES        IPRED       CWRES       DV          PRED        RES         WRES
  1.0000E+00  0.0000E+00  0.0000E+00  1.0000E+00  1.0000E+00  6.0000E-01  0.0000E+00  2.0000E+00  0.0000E+00  0.0000E+00 -3.4719E+00 -6.6906E+05  6.6906E+05  0.0000E+00  0.0000E+00  6.4821E+05  0.0000E+00  0.0000E+00
  1.0000E+00  3.3600E+02  4.2240E+04  0.0000E+00  1.0000E+00  0.0000E+00  1.0000E+00  2.0000E+00  1.5000E+01  2.0000E+00 -1.2192E+00 -2.2862E+04  6.5102E+04 -1.2814E+00  4.2240E+04  6.7824E+04 -2.5583E+04 -1.2314E+00
  2.0000E+00  0.0000E+00  0.0000E+00  1.0000E+00  1.0000E+00  6.0000E-01  0.0000E+00  2.0000E+00  0.0000E+00  0.0000E+00 -3.4719E+00 -6.4629E+05  6.4629E+05  0.0000E+00  0.0000E+00  6.4821E+05  0.0000E+00  0.0000E+00
  2.0000E+00  3.3600E+02  7.5107E+04  0.0000E+00  1.0000E+00  0.0000E+00  1.0000E+00  2.0000E+00  1.5000E+01  2.0000E+00  3.5855E-01  7.0304E+03  6.8076E+04  3.5100E-01  7.5107E+04  6.7824E+04  7.2833E+03  3.5055E-01
  3.0000E+00  0.0000E+00  0.0000E+00  1.0000E+00  1.0000E+00  6.0000E-01  0.0000E+00  2.0000E+00  0.0000E+00  0.0000E+00 -3.4719E+00 -5.9861E+05  5.9861E+05  0.0000E+00  0.0000E+00  6.4821E+05  0.0000E+00  0.0000E+00
  3.0000E+00  6.7200E+02  1.2155E+04  0.0000E+00  1.0000E+00  0.0000E+00  1.0000E+00  2.0000E+00  2.9000E+01  4.0000E+00  1.0865E+00  2.8971E+03  9.2575E+03  1.4753E+00  1.2155E+04  7.0965E+03  5.0580E+03  1.7391E+00
  4.0000E+00  0.0000E+00  0.0000E+00  1.0000E+00  1.0000E+00  6.0000E-01  0.0000E+00  2.0000E+00  0.0000E+00  0.0000E+00 -3.4719E+00 -6.3390E+05  6.3390E+05  0.0000E+00  0.0000E+00  6.4821E+05  0.0000E+00  0.0000E+00
  4.0000E+00  6.7200E+02  8.7923E+03  0.0000E+00  1.0000E+00  0.0000E+00  1.0000E+00  2.0000E+00  2.9000E+01  4.0000E+00  5.0952E-01  1.1252E+03  7.6671E+03  5.6263E-01  8.7923E+03  7.0965E+03  1.6957E+03  5.8305E-01
  5.0000E+00  0.0000E+00  0.0000E+00  1.0000E+00  1.0000E+00  6.0000E-01  0.0000E+00  2.0000E+00  0.0000E+00  0.0000E+00 -3.4719E+00 -6.4821E+05  6.4821E+05  0.0000E+00  0.0000E+00  6.4821E+05  0.0000E+00  0.0000E+00
  5.0000E+00  6.7200E+02  0.0000E+00  1.0000E+00  1.0000E+00  0.0000E+00  1.0000E+00  2.0000E+00  2.9000E+01  4.0000E+00 -3.4719E+00 -7.0965E+03  7.0965E+03  0.0000E+00  0.0000E+00  7.0965E+03  0.0000E+00  0.0000E+00
  6.0000E+00  0.0000E+00  0.0000E+00  1.0000E+00  1.0000E+00  6.0000E-01  0.0000E+00  2.0000E+00  0.0000E+00  0.0000E+00 -3.4719E+00 -6.4287E+05  6.4287E+05  0.0000E+00  0.0000E+00  6.4821E+05  0.0000E+00  0.0000E+00
  6.0000E+00  1.0080E+03  8.5126E+02  0.0000E+00  1.0000E+00  0.0000E+00  1.0000E+00  2.0000E+00  4.3000E+01  6.0000E+00  3.2355E-01  7.2567E+01  7.7870E+02  2.6069E-01  8.5126E+02  7.4252E+02  1.0874E+02  2.6209E-01
  7.0000E+00  0.0000E+00  0.0000E+00  1.0000E+00  1.0000E+00  6.0000E-01  0.0000E+00  2.0000E+00  0.0000E+00  0.0000E+00 -3.4719E+00 -5.4069E+05  5.4069E+05  0.0000E+00  0.0000E+00  6.4821E+05  0.0000E+00  0.0000E+00
  7.0000E+00  1.0080E+03  2.7002E+03  0.0000E+00  1.0000E+00  0.0000E+00  1.0000E+00  2.0000E+00  4.3000E+01  6.0000E+00  1.4506E+00  7.9571E+02  1.9045E+03  2.6867E+00  2.7002E+03  7.4252E+02  1.9577E+03  4.7185E+00
  8.0000E+00  0.0000E+00  0.0000E+00  1.0000E+00  1.0000E+00  6.0000E-01  0.0000E+00  2.0000E+00  0.0000E+00  0.0000E+00 -3.4719E+00 -7.5239E+05  7.5239E+05  0.0000E+00  0.0000E+00  6.4821E+05  0.0000E+00  0.0000E+00
  8.0000E+00  1.3440E+03  1.8114E+01  0.0000E+00  1.0000E+00  0.0000E+00  1.0000E+00  2.0000E+00  5.7000E+01  8.0000E+00 -4.9524E-01 -3.0137E+00  2.1127E+01 -1.9235E+00  1.8114E+01  7.7692E+01 -5.9578E+01 -1.0568E+00
  9.0000E+00  0.0000E+00  0.0000E+00  1.0000E+00  1.0000E+00  6.0000E-01  0.0000E+00  2.0000E+00  0.0000E+00  0.0000E+00 -3.4719E+00 -6.4808E+05  6.4808E+05  0.0000E+00  0.0000E+00  6.4821E+05  0.0000E+00  0.0000E+00
  9.0000E+00  1.3440E+03  8.3834E+01  0.0000E+00  1.0000E+00  0.0000E+00  1.0000E+00  2.0000E+00  5.7000E+01  8.0000E+00  2.6842E-01  6.0163E+00  7.7818E+01  1.1249E-01  8.3834E+01  7.7692E+01  6.1425E+00  1.0895E-01
  1.0000E+01  0.0000E+00  0.0000E+00  1.0000E+00  1.0000E+00  6.0000E-01  0.0000E+00  2.0000E+00  0.0000E+00  0.0000E+00 -3.4719E+00 -6.1263E+05  6.1263E+05  0.0000E+00  0.0000E+00  6.4821E+05  0.0000E+00  0.0000E+00
  1.0000E+01  1.3440E+03  1.3938E+02  0.0000E+00  1.0000E+00  0.0000E+00  1.0000E+00  2.0000E+00  5.7000E+01  8.0000E+00  5.4283E-01  1.8845E+01  1.2053E+02  8.7330E-01  1.3938E+02  7.7692E+01  6.1684E+01  1.0941E+00
  1.1000E+01  0.0000E+00  0.0000E+00  1.0000E+00  1.0000E+00  6.0000E-01  1.0000E+00  2.0000E+00  0.0000E+00  0.0000E+00 -3.4719E+00 -6.3255E+05  6.3255E+05  0.0000E+00  0.0000E+00  6.4821E+05  0.0000E+00  0.0000E+00
  1.1000E+01  3.3600E+02  8.9013E+04  0.0000E+00  1.0000E+00  0.0000E+00  0.0000E+00  2.0000E+00  1.5000E+01  2.0000E+00  9.4971E-01  1.9119E+04  6.9894E+04  9.9797E-01  8.9013E+04  6.7824E+04  2.1190E+04  1.0199E+00
  1.2000E+01  0.0000E+00  0.0000E+00  1.0000E+00  1.0000E+00  6.0000E-01  1.0000E+00  2.0000E+00  0.0000E+00  0.0000E+00 -3.4719E+00 -6.6276E+05  6.6276E+05  0.0000E+00  0.0000E+00  6.4821E+05  0.0000E+00  0.0000E+00
  1.2000E+01  3.3600E+02  5.4967E+04  0.0000E+00  1.0000E+00  0.0000E+00  0.0000E+00  2.0000E+00  1.5000E+01  2.0000E+00 -5.7692E-01 -1.0954E+04  6.5920E+04 -6.3723E-01  5.4967E+04  6.7824E+04 -1.2857E+04 -6.1883E-01
  1.3000E+01  0.0000E+00  0.0000E+00  1.0000E+00  1.0000E+00  6.0000E-01  1.0000E+00  2.0000E+00  0.0000E+00  0.0000E+00 -3.4719E+00 -6.4929E+05  6.4929E+05  0.0000E+00  0.0000E+00  6.4821E+05  0.0000E+00  0.0000E+00
  1.3000E+01  6.7200E+02  7.5606E+03  0.0000E+00  1.0000E+00  0.0000E+00  0.0000E+00  2.0000E+00  2.9000E+01  4.0000E+00  2.4878E-01  5.0554E+02  7.0551E+03  1.6357E-01  7.5606E+03  7.0965E+03  4.6410E+02  1.5957E-01
  1.4000E+01  0.0000E+00  0.0000E+00  1.0000E+00  1.0000E+00  6.0000E-01  1.0000E+00  2.0000E+00  0.0000E+00  0.0000E+00 -3.4719E+00 -6.7289E+05  6.7289E+05  0.0000E+00  0.0000E+00  6.4821E+05  0.0000E+00  0.0000E+00
  1.4000E+01  6.7200E+02  5.8805E+03  0.0000E+00  1.0000E+00  0.0000E+00  0.0000E+00  2.0000E+00  2.9000E+01  4.0000E+00 -1.8075E-01 -3.2297E+02  6.2035E+03 -4.6123E-01  5.8805E+03  7.0965E+03 -1.2160E+03 -4.1810E-01
  1.5000E+01  0.0000E+00  0.0000E+00  1.0000E+00  1.0000E+00  6.0000E-01  1.0000E+00  2.0000E+00  0.0000E+00  0.0000E+00 -3.4719E+00 -7.0969E+05  7.0969E+05  0.0000E+00  0.0000E+00  6.4821E+05  0.0000E+00  0.0000E+00
  1.5000E+01  6.7200E+02  1.6131E+03  0.0000E+00  1.0000E+00  0.0000E+00  0.0000E+00  2.0000E+00  2.9000E+01  4.0000E+00 -2.3658E+00 -3.4502E+03  5.0634E+03 -2.4364E+00  1.6131E+03  7.0965E+03 -5.4834E+03 -1.8854E+00
  1.6000E+01  0.0000E+00  0.0000E+00  1.0000E+00  1.0000E+00  6.0000E-01  1.0000E+00  2.0000E+00  0.0000E+00  0.0000E+00 -3.4719E+00 -5.7359E+05  5.7359E+05  0.0000E+00  0.0000E+00  6.4821E+05  0.0000E+00  0.0000E+00
  1.6000E+01  1.0080E+03  1.8740E+03  0.0000E+00  1.0000E+00  0.0000E+00  0.0000E+00  2.0000E+00  4.3000E+01  6.0000E+00  1.0692E+00  4.4123E+02  1.4327E+03  1.8698E+00  1.8740E+03  7.4252E+02  1.1314E+03  2.7271E+00
  1.7000E+01  0.0000E+00  0.0000E+00  1.0000E+00  1.0000E+00  6.0000E-01  1.0000E+00  2.0000E+00  0.0000E+00  0.0000E+00 -3.4719E+00 -5.6503E+05  5.6503E+05  0.0000E+00  0.0000E+00  6.4821E+05  0.0000E+00  0.0000E+00
  1.7000E+01  1.0080E+03  2.0616E+03  0.0000E+00  1.0000E+00  0.0000E+00  0.0000E+00  2.0000E+00  4.3000E+01  6.0000E+00  1.1661E+00  5.1833E+02  1.5433E+03  2.0786E+00  2.0616E+03  7.4252E+02  1.3191E+03  3.1794E+00
  1.8000E+01  0.0000E+00  0.0000E+00  1.0000E+00  1.0000E+00  6.0000E-01  1.0000E+00  2.0000E+00  0.0000E+00  0.0000E+00 -3.4719E+00 -6.4389E+05  6.4389E+05  0.0000E+00  0.0000E+00  6.4821E+05  0.0000E+00  0.0000E+00
  1.8000E+01  1.3440E+03  8.9043E+01  0.0000E+00  1.0000E+00  0.0000E+00  0.0000E+00  2.0000E+00  5.7000E+01  8.0000E+00  3.0011E-01  7.0845E+00  8.1959E+01  2.0030E-01  8.9043E+01  7.7692E+01  1.1351E+01  2.0134E-01
  1.9000E+01  0.0000E+00  0.0000E+00  1.0000E+00  1.0000E+00  6.0000E-01  1.0000E+00  2.0000E+00  0.0000E+00  0.0000E+00 -3.4719E+00 -6.4182E+05  6.4182E+05  0.0000E+00  0.0000E+00  6.4821E+05  0.0000E+00  0.0000E+00
  1.9000E+01  1.3440E+03  9.1735E+01  0.0000E+00  1.0000E+00  0.0000E+00  0.0000E+00  2.0000E+00  5.7000E+01  8.0000E+00  3.1584E-01  7.6494E+00  8.4086E+01  2.4392E-01  9.1735E+01  7.7692E+01  1.4043E+01  2.4909E-01
  2.0000E+01  0.0000E+00  0.0000E+00  1.0000E+00  1.0000E+00  6.0000E-01  1.0000E+00  2.0000E+00  0.0000E+00  0.0000E+00 -3.4719E+00 -6.1021E+05  6.1021E+05  0.0000E+00  0.0000E+00  6.4821E+05  0.0000E+00  0.0000E+00
  2.0000E+01  1.3440E+03  1.4429E+02  0.0000E+00  1.0000E+00  0.0000E+00  0.0000E+00  2.0000E+00  5.7000E+01  8.0000E+00  5.6218E-01  2.0108E+01  1.2418E+02  9.2686E-01  1.4429E+02  7.7692E+01  6.6595E+01  1.1812E+00
  1.0100E+02  0.0000E+00  0.0000E+00  1.0000E+00  1.0000E+00  1.2000E+00  0.0000E+00  2.0000E+00  0.0000E+00  0.0000E+00 -3.4719E+00 -1.3055E+06  1.3055E+06  0.0000E+00  0.0000E+00  1.2964E+06  0.0000E+00  0.0000E+00
  1.0100E+02  3.3600E+02  1.3594E+05  0.0000E+00  1.0000E+00  0.0000E+00  1.0000E+00  2.0000E+00  1.5000E+01  2.0000E+00  3.8510E-02  1.4914E+03  1.3445E+05  7.1543E-03  1.3594E+05  1.3565E+05  2.9593E+02  7.1218E-03
  1.0200E+02  0.0000E+00  0.0000E+00  1.0000E+00  1.0000E+00  1.2000E+00  0.0000E+00  2.0000E+00  0.0000E+00  0.0000E+00 -3.4719E+00 -1.3301E+06  1.3301E+06  0.0000E+00  0.0000E+00  1.2964E+06  0.0000E+00  0.0000E+00
  1.0200E+02  3.3600E+02  1.0246E+05  0.0000E+00  1.0000E+00  0.0000E+00  1.0000E+00  2.0000E+00  1.5000E+01  2.0000E+00 -7.6145E-01 -2.8786E+04  1.3125E+05 -8.2546E-01  1.0246E+05  1.3565E+05 -3.3183E+04 -7.9858E-01
  1.0300E+02  0.0000E+00  0.0000E+00  1.0000E+00  1.0000E+00  1.2000E+00  0.0000E+00  2.0000E+00  0.0000E+00  0.0000E+00 -3.4719E+00 -1.3042E+06  1.3042E+06  0.0000E+00  0.0000E+00  1.2964E+06  0.0000E+00  0.0000E+00
  1.0300E+02  6.7200E+02  1.4701E+04  0.0000E+00  1.0000E+00  0.0000E+00  1.0000E+00  2.0000E+00  2.9000E+01  4.0000E+00  2.0038E-01  8.0216E+02  1.3898E+04  9.0907E-02  1.4701E+04  1.4193E+04  5.0761E+02  8.7266E-02
  1.0400E+02  0.0000E+00  0.0000E+00  1.0000E+00  1.0000E+00  1.2000E+00  0.0000E+00  2.0000E+00  0.0000E+00  0.0000E+00 -3.4719E+00 -1.2761E+06  1.2761E+06  0.0000E+00  0.0000E+00  1.2964E+06  0.0000E+00  0.0000E+00
  1.0400E+02  6.7200E+02  1.6894E+04  0.0000E+00  1.0000E+00  0.0000E+00  1.0000E+00  2.0000E+00  2.9000E+01  4.0000E+00  4.3995E-01  1.9000E+03  1.4994E+04  4.5503E-01  1.6894E+04  1.4193E+04  2.7009E+03  4.6433E-01
  1.0500E+02  0.0000E+00  0.0000E+00  1.0000E+00  1.0000E+00  1.2000E+00  0.0000E+00  2.0000E+00  0.0000E+00  0.0000E+00 -3.4719E+00 -1.3016E+06  1.3016E+06  0.0000E+00  0.0000E+00  1.2964E+06  0.0000E+00  0.0000E+00
  1.0500E+02  6.7200E+02  1.4891E+04  0.0000E+00  1.0000E+00  0.0000E+00  1.0000E+00  2.0000E+00  2.9000E+01  4.0000E+00  2.2243E-01  8.9658E+02  1.3994E+04  1.2395E-01  1.4891E+04  1.4193E+04  6.9786E+02  1.1997E-01
  1.0600E+02  0.0000E+00  0.0000E+00  1.0000E+00  1.0000E+00  1.2000E+00  0.0000E+00  2.0000E+00  0.0000E+00  0.0000E+00 -3.4719E+00 -1.3699E+06  1.3699E+06  0.0000E+00  0.0000E+00  1.2964E+06  0.0000E+00  0.0000E+00
  1.0600E+02  1.0080E+03  1.0314E+03  0.0000E+00  1.0000E+00  0.0000E+00  1.0000E+00  2.0000E+00  4.3000E+01  6.0000E+00 -1.2227E-01 -3.7647E+01  1.0690E+03 -6.5839E-01  1.0314E+03  1.4850E+03 -4.5369E+02 -5.4675E-01
  1.0700E+02  0.0000E+00  0.0000E+00  1.0000E+00  1.0000E+00  1.2000E+00  0.0000E+00  2.0000E+00  0.0000E+00  0.0000E+00 -3.4719E+00 -1.2857E+06  1.2857E+06  0.0000E+00  0.0000E+00  1.2964E+06  0.0000E+00  0.0000E+00
  1.0700E+02  1.0080E+03  1.7030E+03  0.0000E+00  1.0000E+00  0.0000E+00  1.0000E+00  2.0000E+00  4.3000E+01  6.0000E+00  3.2378E-01  1.4527E+02  1.5577E+03  2.6119E-01  1.7030E+03  1.4850E+03  2.1792E+02  2.6263E-01
  1.0800E+02  0.0000E+00  0.0000E+00  1.0000E+00  1.0000E+00  1.2000E+00  0.0000E+00  2.0000E+00  0.0000E+00  0.0000E+00 -3.4719E+00 -1.3731E+06  1.3731E+06  0.0000E+00  0.0000E+00  1.2964E+06  0.0000E+00  0.0000E+00
  1.0800E+02  1.3440E+03  9.6058E+01  0.0000E+00  1.0000E+00  0.0000E+00  1.0000E+00  2.0000E+00  5.7000E+01  8.0000E+00 -1.6064E-02 -4.4651E-01  9.6504E+01 -6.7004E-01  9.6058E+01  1.5538E+02 -5.9326E+01 -5.2614E-01
  1.0900E+02  0.0000E+00  0.0000E+00  1.0000E+00  1.0000E+00  1.2000E+00  0.0000E+00  2.0000E+00  0.0000E+00  0.0000E+00 -3.4719E+00 -1.3801E+06  1.3801E+06  0.0000E+00  0.0000E+00  1.2964E+06  0.0000E+00  0.0000E+00
  1.0900E+02  1.3440E+03  9.1258E+01  0.0000E+00  1.0000E+00  0.0000E+00  1.0000E+00  2.0000E+00  5.7000E+01  8.0000E+00 -4.1627E-02 -1.1074E+00  9.2366E+01 -7.3952E-01  9.1258E+01  1.5538E+02 -6.4125E+01 -5.6871E-01
  1.1000E+02  0.0000E+00  0.0000E+00  1.0000E+00  1.0000E+00  1.2000E+00  0.0000E+00  2.0000E+00  0.0000E+00  0.0000E+00 -3.4719E+00 -1.2881E+06  1.2881E+06  0.0000E+00  0.0000E+00  1.2964E+06  0.0000E+00  0.0000E+00
  1.1000E+02  1.3440E+03  1.7773E+02  0.0000E+00  1.0000E+00  0.0000E+00  1.0000E+00  2.0000E+00  5.7000E+01  8.0000E+00  2.9905E-01  1.4094E+01  1.6363E+02  1.9736E-01  1.7773E+02  1.5538E+02  2.2345E+01  1.9817E-01
  1.1100E+02  0.0000E+00  0.0000E+00  1.0000E+00  1.0000E+00  1.2000E+00  1.0000E+00  2.0000E+00  0.0000E+00  0.0000E+00 -3.4719E+00 -1.2768E+06  1.2768E+06  0.0000E+00  0.0000E+00  1.2964E+06  0.0000E+00  0.0000E+00
  1.1100E+02  3.3600E+02  1.6647E+05  0.0000E+00  1.0000E+00  0.0000E+00  0.0000E+00  2.0000E+00  1.5000E+01  2.0000E+00  7.0899E-01  2.8230E+04  1.3824E+05  7.3296E-01  1.6647E+05  1.3565E+05  3.0822E+04  7.4176E-01
  1.1200E+02  0.0000E+00  0.0000E+00  1.0000E+00  1.0000E+00  1.2000E+00  1.0000E+00  2.0000E+00  0.0000E+00  0.0000E+00 -3.4719E+00 -1.2583E+06  1.2583E+06  0.0000E+00  0.0000E+00  1.2964E+06  0.0000E+00  0.0000E+00
  1.1200E+02  3.3600E+02  1.8462E+05  0.0000E+00  1.0000E+00  0.0000E+00  0.0000E+00  2.0000E+00  1.5000E+01  2.0000E+00  1.0841E+00  4.3931E+04  1.4069E+05  1.1467E+00  1.8462E+05  1.3565E+05  4.8972E+04  1.1785E+00
  1.1300E+02  0.0000E+00  0.0000E+00  1.0000E+00  1.0000E+00  1.2000E+00  1.0000E+00  2.0000E+00  0.0000E+00  0.0000E+00 -3.4719E+00 -1.3906E+06  1.3906E+06  0.0000E+00  0.0000E+00  1.2964E+06  0.0000E+00  0.0000E+00
  1.1300E+02  6.7200E+02  8.8602E+03  0.0000E+00  1.0000E+00  0.0000E+00  0.0000E+00  2.0000E+00  2.9000E+01  4.0000E+00 -6.6725E-01 -2.1079E+03  1.0968E+04 -1.0978E+00  8.8602E+03  1.4193E+04 -5.3329E+03 -9.1681E-01
  1.1400E+02  0.0000E+00  0.0000E+00  1.0000E+00  1.0000E+00  1.2000E+00  1.0000E+00  2.0000E+00  0.0000E+00  0.0000E+00 -3.4719E+00 -1.2521E+06  1.2521E+06  0.0000E+00  0.0000E+00  1.2964E+06  0.0000E+00  0.0000E+00
  1.1400E+02  6.7200E+02  1.8939E+04  0.0000E+00  1.0000E+00  0.0000E+00  0.0000E+00  2.0000E+00  2.9000E+01  4.0000E+00  6.3927E-01  2.9450E+03  1.5994E+04  7.6512E-01  1.8939E+04  1.4193E+04  4.7464E+03  8.1598E-01
  1.1500E+02  0.0000E+00  0.0000E+00  1.0000E+00  1.0000E+00  1.2000E+00  1.0000E+00  2.0000E+00  0.0000E+00  0.0000E+00 -3.4719E+00 -1.3333E+06  1.3333E+06  0.0000E+00  0.0000E+00  1.2964E+06  0.0000E+00  0.0000E+00
  1.1500E+02  6.7200E+02  1.2609E+04  0.0000E+00  1.0000E+00  0.0000E+00  0.0000E+00  2.0000E+00  2.9000E+01  4.0000E+00 -6.1918E-02 -2.2896E+02  1.2838E+04 -2.9331E-01  1.2609E+04  1.4193E+04 -1.5838E+03 -2.7228E-01
  1.1600E+02  0.0000E+00  0.0000E+00  1.0000E+00  1.0000E+00  1.2000E+00  1.0000E+00  2.0000E+00  0.0000E+00  0.0000E+00 -3.4719E+00 -1.3799E+06  1.3799E+06  0.0000E+00  0.0000E+00  1.2964E+06  0.0000E+00  0.0000E+00
  1.1600E+02  1.0080E+03  9.7019E+02  0.0000E+00  1.0000E+00  0.0000E+00  0.0000E+00  2.0000E+00  4.3000E+01  6.0000E+00 -1.7647E-01 -5.1954E+01  1.0221E+03 -7.6516E-01  9.7019E+02  1.4850E+03 -5.1485E+02 -6.2046E-01
  1.1700E+02  0.0000E+00  0.0000E+00  1.0000E+00  1.0000E+00  1.2000E+00  1.0000E+00  2.0000E+00  0.0000E+00  0.0000E+00 -3.4719E+00 -1.3781E+06  1.3781E+06  0.0000E+00  0.0000E+00  1.2964E+06  0.0000E+00  0.0000E+00
  1.1700E+02  1.0080E+03  9.8057E+02  0.0000E+00  1.0000E+00  0.0000E+00  0.0000E+00  2.0000E+00  4.3000E+01  6.0000E+00 -1.6703E-01 -4.9560E+01  1.0301E+03 -7.4667E-01  9.8057E+02  1.4850E+03 -5.0448E+02 -6.0796E-01
  1.1800E+02  0.0000E+00  0.0000E+00  1.0000E+00  1.0000E+00  1.2000E+00  1.0000E+00  2.0000E+00  0.0000E+00  0.0000E+00 -3.4719E+00 -1.3954E+06  1.3954E+06  0.0000E+00  0.0000E+00  1.2964E+06  0.0000E+00  0.0000E+00
  1.1800E+02  1.3440E+03  8.1596E+01  0.0000E+00  1.0000E+00  0.0000E+00  0.0000E+00  2.0000E+00  5.7000E+01  8.0000E+00 -9.7173E-02 -2.3495E+00  8.3946E+01 -8.8977E-01  8.1596E+01  1.5538E+02 -7.3787E+01 -6.5439E-01
  1.1900E+02  0.0000E+00  0.0000E+00  1.0000E+00  1.0000E+00  1.2000E+00  1.0000E+00  2.0000E+00  0.0000E+00  0.0000E+00 -3.4719E+00 -1.3213E+06  1.3213E+06  0.0000E+00  0.0000E+00  1.2964E+06  0.0000E+00  0.0000E+00
  1.1900E+02  1.3440E+03  1.3986E+02  0.0000E+00  1.0000E+00  0.0000E+00  0.0000E+00  2.0000E+00  5.7000E+01  8.0000E+00  1.7426E-01  6.6841E+00  1.3317E+02 -1.4794E-01  1.3986E+02  1.5538E+02 -1.5525E+01 -1.3769E-01
  1.2000E+02  0.0000E+00  0.0000E+00  1.0000E+00  1.0000E+00  1.2000E+00  1.0000E+00  2.0000E+00  0.0000E+00  0.0000E+00 -3.4719E+00 -1.3174E+06  1.3174E+06  0.0000E+00  0.0000E+00  1.2964E+06  0.0000E+00  0.0000E+00
  1.2000E+02  1.3440E+03  1.4386E+02  0.0000E+00  1.0000E+00  0.0000E+00  0.0000E+00  2.0000E+00  5.7000E+01  8.0000E+00  1.8880E-01  7.4196E+00  1.3644E+02 -1.0778E-01  1.4386E+02  1.5538E+02 -1.1522E+01 -1.0219E-01
