TABLE NO.  1
 ID          TIME        DV          MDV         CMT         AMT         LEFT        SITE        DAY         WEEK        IWRES       IRES        IPRED       CWRES       DV          PRED        RES         WRES
  1.0000E+00  0.0000E+00  0.0000E+00  1.0000E+00  1.0000E+00  6.0000E-01  0.0000E+00  2.0000E+00  0.0000E+00  0.0000E+00 -1.0000E+06 -2.6383E+05  2.6383E+05  0.0000E+00  0.0000E+00  2.5785E+05  0.0000E+00  0.0000E+00
  1.0000E+00  3.3600E+02  4.2240E+04  0.0000E+00  1.0000E+00  0.0000E+00  1.0000E+00  2.0000E+00  1.5000E+01  2.0000E+00  3.3555E-07  1.4174E-08  4.2240E+04 -2.5595E-01  4.2240E+04  4.6434E+04 -4.1939E+03 -2.5444E-01
  2.0000E+00  0.0000E+00  0.0000E+00  1.0000E+00  1.0000E+00  6.0000E-01  0.0000E+00  2.0000E+00  0.0000E+00  0.0000E+00 -1.0000E+06 -2.4381E+05  2.4381E+05  0.0000E+00  0.0000E+00  2.5785E+05  0.0000E+00  0.0000E+00
  2.0000E+00  3.3600E+02  7.5107E+04  0.0000E+00  1.0000E+00  0.0000E+00  1.0000E+00  2.0000E+00  1.5000E+01  2.0000E+00  8.6093E-06  6.4661E-07  7.5107E+04  1.7146E+00  7.5107E+04  4.6434E+04  2.8673E+04  1.7395E+00
  3.0000E+00  0.0000E+00  0.0000E+00  1.0000E+00  1.0000E+00  6.0000E-01  0.0000E+00  2.0000E+00  0.0000E+00  0.0000E+00 -1.0000E+06 -2.4310E+05  2.4310E+05  0.0000E+00  0.0000E+00  2.5785E+05  0.0000E+00  0.0000E+00
  3.0000E+00  6.7200E+02  1.2155E+04  0.0000E+00  1.0000E+00  0.0000E+00  1.0000E+00  2.0000E+00  2.9000E+01  4.0000E+00  1.7119E-06  2.0807E-08  1.2155E+04  4.9588E-01  1.2155E+04  8.3619E+03  3.7926E+03  5.5662E-01
  4.0000E+00  0.0000E+00  0.0000E+00  1.0000E+00  1.0000E+00  6.0000E-01  0.0000E+00  2.0000E+00  0.0000E+00  0.0000E+00 -1.0000E+06 -2.5589E+05  2.5589E+05  0.0000E+00  0.0000E+00  2.5785E+05  0.0000E+00  0.0000E+00
  4.0000E+00  6.7200E+02  8.7923E+03  0.0000E+00  1.0000E+00  0.0000E+00  1.0000E+00  2.0000E+00  2.9000E+01  4.0000E+00  1.0783E-06  9.4806E-09  8.7923E+03  6.2189E-02  8.7923E+03  8.3619E+03  4.3031E+02  6.3155E-02
  5.0000E+00  0.0000E+00  0.0000E+00  1.0000E+00  1.0000E+00  6.0000E-01  0.0000E+00  2.0000E+00  0.0000E+00  0.0000E+00 -1.0000E+06 -2.5785E+05  2.5785E+05  0.0000E+00  0.0000E+00  2.5785E+05  0.0000E+00  0.0000E+00
  5.0000E+00  6.7200E+02  0.0000E+00  1.0000E+00  1.0000E+00  0.0000E+00  1.0000E+00  2.0000E+00  2.9000E+01  4.0000E+00 -1.0000E+06 -8.3619E+03  8.3619E+03  0.0000E+00  0.0000E+00  8.3619E+03  0.0000E+00  0.0000E+00
  6.0000E+00  0.0000E+00  0.0000E+00  1.0000E+00  1.0000E+00  6.0000E-01  0.0000E+00  2.0000E+00  0.0000E+00  0.0000E+00 -1.0000E+06 -2.7280E+05  2.7280E+05  0.0000E+00  0.0000E+00  2.5785E+05  0.0000E+00  0.0000E+00
  6.0000E+00  1.0080E+03  8.5126E+02  0.0000E+00  1.0000E+00  0.0000E+00  1.0000E+00  2.0000E+00  4.3000E+01  6.0000E+00  6.9914E-07  5.9515E-10  8.5126E+02 -4.1589E-01  8.5126E+02  1.5058E+03 -6.5457E+02 -3.3786E-01
  7.0000E+00  0.0000E+00  0.0000E+00  1.0000E+00  1.0000E+00  6.0000E-01  0.0000E+00  2.0000E+00  0.0000E+00  0.0000E+00 -1.0000E+06 -2.4189E+05  2.4189E+05  0.0000E+00  0.0000E+00  2.5785E+05  0.0000E+00  0.0000E+00
  7.0000E+00  1.0080E+03  2.7002E+03  0.0000E+00  1.0000E+00  0.0000E+00  1.0000E+00  2.0000E+00  4.3000E+01  6.0000E+00  1.4497E-06  3.9145E-09  2.7002E+03  4.8864E-01  2.7002E+03  1.5058E+03  1.1944E+03  6.1649E-01
  8.0000E+00  0.0000E+00  0.0000E+00  1.0000E+00  1.0000E+00  6.0000E-01  0.0000E+00  2.0000E+00  0.0000E+00  0.0000E+00 -1.0000E+06 -3.0848E+05  3.0848E+05  0.0000E+00  0.0000E+00  2.5785E+05  0.0000E+00  0.0000E+00
  8.0000E+00  1.3440E+03  1.8114E+01  0.0000E+00  1.0000E+00  0.0000E+00  1.0000E+00  2.0000E+00  5.7000E+01  8.0000E+00  5.0271E-07  9.1198E-12  1.8114E+01 -1.2664E+00  1.8114E+01  2.7117E+02 -2.5306E+02 -5.3002E-01
  9.0000E+00  0.0000E+00  0.0000E+00  1.0000E+00  1.0000E+00  6.0000E-01  0.0000E+00  2.0000E+00  0.0000E+00  0.0000E+00 -1.0000E+06 -2.8075E+05  2.8075E+05  0.0000E+00  0.0000E+00  2.5785E+05  0.0000E+00  0.0000E+00
  9.0000E+00  1.3440E+03  8.3834E+01  0.0000E+00  1.0000E+00  0.0000E+00  1.0000E+00  2.0000E+00  5.7000E+01  8.0000E+00  7.1105E-07  5.9615E-11  8.3834E+01 -6.0821E-01  8.3834E+01  2.7117E+02 -1.8734E+02 -3.9237E-01
  1.0000E+01  0.0000E+00  0.0000E+00  1.0000E+00  1.0000E+00  6.0000E-01  0.0000E+00  2.0000E+00  0.0000E+00  0.0000E+00 -1.0000E+06 -2.7103E+05  2.7103E+05  0.0000E+00  0.0000E+00  2.5785E+05  0.0000E+00  0.0000E+00
  1.0000E+01  1.3440E+03  1.3938E+02  0.0000E+00  1.0000E+00  0.0000E+00  1.0000E+00  2.0000E+00  5.7000E+01  8.0000E+00  8.1689E-07  1.1386E-10  1.3938E+02 -3.5821E-01  1.3938E+02  2.7117E+02 -1.3180E+02 -2.7604E-01
  1.1000E+01  0.0000E+00  0.0000E+00  1.0000E+00  1.0000E+00  6.0000E-01  1.0000E+00  2.0000E+00  0.0000E+00  0.0000E+00 -1.0000E+06 -2.5222E+05  2.5222E+05  0.0000E+00  0.0000E+00  2.5785E+05  0.0000E+00  0.0000E+00
  1.1000E+01  3.3600E+02  8.9013E+04  0.0000E+00  1.0000E+00  0.0000E+00  0.0000E+00  2.0000E+00  1.5000E+01  2.0000E+00  1.3818E-05  1.2299E-06  8.9013E+04  2.5239E+00  8.9013E+04  4.6434E+04  4.2579E+04  2.5832E+00
  1.2000E+01  0.0000E+00  0.0000E+00  1.0000E+00  1.0000E+00  6.0000E-01  1.0000E+00  2.0000E+00  0.0000E+00  0.0000E+00 -1.0000E+06 -2.4879E+05  2.4879E+05  0.0000E+00  0.0000E+00  2.5785E+05  0.0000E+00  0.0000E+00
  1.2000E+01  3.3600E+02  5.4967E+04  0.0000E+00  1.0000E+00  0.0000E+00  0.0000E+00  2.0000E+00  1.5000E+01  2.0000E+00  2.6961E-06  1.4820E-07  5.4967E+04  5.1393E-01  5.4967E+04  4.6434E+04  8.5322E+03  5.1763E-01
  1.3000E+01  0.0000E+00  0.0000E+00  1.0000E+00  1.0000E+00  6.0000E-01  1.0000E+00  2.0000E+00  0.0000E+00  0.0000E+00 -1.0000E+06 -2.6178E+05  2.6178E+05  0.0000E+00  0.0000E+00  2.5785E+05  0.0000E+00  0.0000E+00
  1.3000E+01  6.7200E+02  7.5606E+03  0.0000E+00  1.0000E+00  0.0000E+00  0.0000E+00  2.0000E+00  2.9000E+01  4.0000E+00  8.6792E-07  6.5620E-09  7.5606E+03 -1.2128E-01  7.5606E+03  8.3619E+03 -8.0132E+02 -1.1761E-01
  1.4000E+01  0.0000E+00  0.0000E+00  1.0000E+00  1.0000E+00  6.0000E-01  1.0000E+00  2.0000E+00  0.0000E+00  0.0000E+00 -1.0000E+06 -2.7145E+05  2.7145E+05  0.0000E+00  0.0000E+00  2.5785E+05  0.0000E+00  0.0000E+00
  1.4000E+01  6.7200E+02  5.8805E+03  0.0000E+00  1.0000E+00  0.0000E+00  0.0000E+00  2.0000E+00  2.9000E+01  4.0000E+00  5.6328E-07  3.3124E-09  5.8805E+03 -4.0510E-01  5.8805E+03  8.3619E+03 -2.4814E+03 -3.6419E-01
  1.5000E+01  0.0000E+00  0.0000E+00  1.0000E+00  1.0000E+00  6.0000E-01  1.0000E+00  2.0000E+00  0.0000E+00  0.0000E+00 -1.0000E+06 -3.1805E+05  3.1805E+05  0.0000E+00  0.0000E+00  2.5785E+05  0.0000E+00  0.0000E+00
  1.5000E+01  6.7200E+02  1.6131E+03  0.0000E+00  1.0000E+00  0.0000E+00  0.0000E+00  2.0000E+00  2.9000E+01  4.0000E+00 -1.7999E-07 -2.9036E-10  1.6131E+03 -1.5659E+00  1.6131E+03  8.3619E+03 -6.7488E+03 -9.9049E-01
  1.6000E+01  0.0000E+00  0.0000E+00  1.0000E+00  1.0000E+00  6.0000E-01  1.0000E+00  2.0000E+00  0.0000E+00  0.0000E+00 -1.0000E+06 -2.5195E+05  2.5195E+05  0.0000E+00  0.0000E+00  2.5785E+05  0.0000E+00  0.0000E+00
  1.6000E+01  1.0080E+03  1.8740E+03  0.0000E+00  1.0000E+00  0.0000E+00  0.0000E+00  2.0000E+00  4.3000E+01  6.0000E+00  1.1445E-06  2.1448E-09  1.8740E+03  1.7456E-01  1.8740E+03  1.5058E+03  3.6814E+02  1.9002E-01
  1.7000E+01  0.0000E+00  0.0000E+00  1.0000E+00  1.0000E+00  6.0000E-01  1.0000E+00  2.0000E+00  0.0000E+00  0.0000E+00 -1.0000E+06 -2.4935E+05  2.4935E+05  0.0000E+00  0.0000E+00  2.5785E+05  0.0000E+00  0.0000E+00
  1.7000E+01  1.0080E+03  2.0616E+03  0.0000E+00  1.0000E+00  0.0000E+00  0.0000E+00  2.0000E+00  4.3000E+01  6.0000E+00  1.2123E-06  2.4993E-09  2.0616E+03  2.5376E-01  2.0616E+03  1.5058E+03  5.5581E+02  2.8689E-01
  1.8000E+01  0.0000E+00  0.0000E+00  1.0000E+00  1.0000E+00  6.0000E-01  1.0000E+00  2.0000E+00  0.0000E+00  0.0000E+00 -1.0000E+06 -2.7961E+05  2.7961E+05  0.0000E+00  0.0000E+00  2.5785E+05  0.0000E+00  0.0000E+00
  1.8000E+01  1.3440E+03  8.9043E+01  0.0000E+00  1.0000E+00  0.0000E+00  0.0000E+00  2.0000E+00  5.7000E+01  8.0000E+00  7.2244E-07  6.4333E-11  8.9043E+01 -5.7952E-01  8.9043E+01  2.7117E+02 -1.8213E+02 -3.8146E-01
  1.9000E+01  0.0000E+00  0.0000E+00  1.0000E+00  1.0000E+00  6.0000E-01  1.0000E+00  2.0000E+00  0.0000E+00  0.0000E+00 -1.0000E+06 -2.7904E+05  2.7904E+05  0.0000E+00  0.0000E+00  2.5785E+05  0.0000E+00  0.0000E+00
  1.9000E+01  1.3440E+03  9.1735E+01  0.0000E+00  1.0000E+00  0.0000E+00  0.0000E+00  2.0000E+00  5.7000E+01  8.0000E+00  7.2773E-07  6.6763E-11  9.1735E+01 -5.6525E-01  9.1735E+01  2.7117E+02 -1.7944E+02 -3.7582E-01
  2.0000E+01  0.0000E+00  0.0000E+00  1.0000E+00  1.0000E+00  6.0000E-01  1.0000E+00  2.0000E+00  0.0000E+00  0.0000E+00 -1.0000E+06 -2.7035E+05  2.7035E+05  0.0000E+00  0.0000E+00  2.5785E+05  0.0000E+00  0.0000E+00
  2.0000E+01  1.3440E+03  1.4429E+02  0.0000E+00  1.0000E+00  0.0000E+00  0.0000E+00  2.0000E+00  5.7000E+01  8.0000E+00  8.2493E-07  1.1903E-10  1.4429E+02 -3.4048E-01  1.4429E+02  2.7117E+02 -1.2688E+02 -2.6575E-01
  1.0100E+02  0.0000E+00  0.0000E+00  1.0000E+00  1.0000E+00  1.2000E+00  0.0000E+00  2.0000E+00  0.0000E+00  0.0000E+00 -1.0000E+06 -4.8598E+05  4.8598E+05  0.0000E+00  0.0000E+00  5.1570E+05  0.0000E+00  0.0000E+00
  1.0100E+02  3.3600E+02  1.3594E+05  0.0000E+00  1.0000E+00  0.0000E+00  1.0000E+00  2.0000E+00  1.5000E+01  2.0000E+00  6.2270E-06  8.4651E-07  1.3594E+05  1.2911E+00  1.3594E+05  9.2869E+04  4.3075E+04  1.3066E+00
  1.0200E+02  0.0000E+00  0.0000E+00  1.0000E+00  1.0000E+00  1.2000E+00  0.0000E+00  2.0000E+00  0.0000E+00  0.0000E+00 -1.0000E+06 -5.0449E+05  5.0449E+05  0.0000E+00  0.0000E+00  5.1570E+05  0.0000E+00  0.0000E+00
  1.0200E+02  3.3600E+02  1.0246E+05  0.0000E+00  1.0000E+00  0.0000E+00  1.0000E+00  2.0000E+00  1.5000E+01  2.0000E+00  1.8948E-06  1.9415E-07  1.0246E+05  2.8970E-01  1.0246E+05  9.2869E+04  9.5952E+03  2.9106E-01
  1.0300E+02  0.0000E+00  0.0000E+00  1.0000E+00  1.0000E+00  1.2000E+00  0.0000E+00  2.0000E+00  0.0000E+00  0.0000E+00 -1.0000E+06 -5.2575E+05  5.2575E+05  0.0000E+00  0.0000E+00  5.1570E+05  0.0000E+00  0.0000E+00
  1.0300E+02  6.7200E+02  1.4701E+04  0.0000E+00  1.0000E+00  0.0000E+00  1.0000E+00  2.0000E+00  2.9000E+01  4.0000E+00  8.3002E-07  1.2202E-08  1.4701E+04 -1.5443E-01  1.4701E+04  1.6724E+04 -2.0232E+03 -1.4847E-01
  1.0400E+02  0.0000E+00  0.0000E+00  1.0000E+00  1.0000E+00  1.2000E+00  0.0000E+00  2.0000E+00  0.0000E+00  0.0000E+00 -1.0000E+06 -5.1491E+05  5.1491E+05  0.0000E+00  0.0000E+00  5.1570E+05  0.0000E+00  0.0000E+00
  1.0400E+02  6.7200E+02  1.6894E+04  0.0000E+00  1.0000E+00  0.0000E+00  1.0000E+00  2.0000E+00  2.9000E+01  4.0000E+00  1.0143E-06  1.7135E-08  1.6894E+04  1.2443E-02  1.6894E+04  1.6724E+04  1.7009E+02  1.2481E-02
  1.0500E+02  0.0000E+00  0.0000E+00  1.0000E+00  1.0000E+00  1.2000E+00  0.0000E+00  2.0000E+00  0.0000E+00  0.0000E+00 -1.0000E+06 -5.2475E+05  5.2475E+05  0.0000E+00  0.0000E+00  5.1570E+05  0.0000E+00  0.0000E+00
  1.0500E+02  6.7200E+02  1.4891E+04  0.0000E+00  1.0000E+00  0.0000E+00  1.0000E+00  2.0000E+00  2.9000E+01  4.0000E+00  8.6339E-07  1.2857E-08  1.4891E+04 -1.3936E-01  1.4891E+04  1.6724E+04 -1.8330E+03 -1.3451E-01
  1.0600E+02  0.0000E+00  0.0000E+00  1.0000E+00  1.0000E+00  1.2000E+00  0.0000E+00  2.0000E+00  0.0000E+00  0.0000E+00 -1.0000E+06 -5.7085E+05  5.7085E+05  0.0000E+00  0.0000E+00  5.1570E+05  0.0000E+00  0.0000E+00
  1.0600E+02  1.0080E+03  1.0314E+03  0.0000E+00  1.0000E+00  0.0000E+00  1.0000E+00  2.0000E+00  4.3000E+01  6.0000E+00  5.4079E-07  5.5775E-10  1.0314E+03 -7.4261E-01  1.0314E+03  3.0117E+03 -1.9803E+03 -5.1108E-01
  1.0700E+02  0.0000E+00  0.0000E+00  1.0000E+00  1.0000E+00  1.2000E+00  0.0000E+00  2.0000E+00  0.0000E+00  0.0000E+00 -1.0000E+06 -5.4558E+05  5.4558E+05  0.0000E+00  0.0000E+00  5.1570E+05  0.0000E+00  0.0000E+00
  1.0700E+02  1.0080E+03  1.7030E+03  0.0000E+00  1.0000E+00  0.0000E+00  1.0000E+00  2.0000E+00  4.3000E+01  6.0000E+00  6.9175E-07  1.1780E-09  1.7030E+03 -4.1571E-01  1.7030E+03  3.0117E+03 -1.3087E+03 -3.3775E-01
  1.0800E+02  0.0000E+00  0.0000E+00  1.0000E+00  1.0000E+00  1.2000E+00  0.0000E+00  2.0000E+00  0.0000E+00  0.0000E+00 -1.0000E+06 -5.8217E+05  5.8217E+05  0.0000E+00  0.0000E+00  5.1570E+05  0.0000E+00  0.0000E+00
  1.0800E+02  1.3440E+03  9.6058E+01  0.0000E+00  1.0000E+00  0.0000E+00  1.0000E+00  2.0000E+00  5.7000E+01  8.0000E+00  6.2013E-07  5.9572E-11  9.6058E+01 -8.6249E-01  9.6058E+01  5.4234E+02 -4.4629E+02 -4.6736E-01
  1.0900E+02  0.0000E+00  0.0000E+00  1.0000E+00  1.0000E+00  1.2000E+00  0.0000E+00  2.0000E+00  0.0000E+00  0.0000E+00 -1.0000E+06 -5.8405E+05  5.8405E+05  0.0000E+00  0.0000E+00  5.1570E+05  0.0000E+00  0.0000E+00
  1.0900E+02  1.3440E+03  9.1258E+01  0.0000E+00  1.0000E+00  0.0000E+00  1.0000E+00  2.0000E+00  5.7000E+01  8.0000E+00  6.1444E-07  5.6076E-11  9.1258E+01 -8.8496E-01  9.1258E+01  5.4234E+02 -4.5109E+02 -4.7239E-01
  1.1000E+02  0.0000E+00  0.0000E+00  1.0000E+00  1.0000E+00  1.2000E+00  0.0000E+00  2.0000E+00  0.0000E+00  0.0000E+00 -1.0000E+06 -5.5929E+05  5.5929E+05  0.0000E+00  0.0000E+00  5.1570E+05  0.0000E+00  0.0000E+00
  1.1000E+02  1.3440E+03  1.7773E+02  0.0000E+00  1.0000E+00  0.0000E+00  1.0000E+00  2.0000E+00  5.7000E+01  8.0000E+00  7.2313E-07  1.2852E-10  1.7773E+02 -5.8048E-01  1.7773E+02  5.4234E+02 -3.6462E+02 -3.8184E-01
  1.1100E+02  0.0000E+00  0.0000E+00  1.0000E+00  1.0000E+00  1.2000E+00  1.0000E+00  2.0000E+00  0.0000E+00  0.0000E+00 -1.0000E+06 -4.9554E+05  4.9554E+05  0.0000E+00  0.0000E+00  5.1570E+05  0.0000E+00  0.0000E+00
  1.1100E+02  3.3600E+02  1.6647E+05  0.0000E+00  1.0000E+00  0.0000E+00  0.0000E+00  2.0000E+00  1.5000E+01  2.0000E+00  1.1592E-05  1.9297E-06  1.6647E+05  2.1911E+00  1.6647E+05  9.2869E+04  7.3601E+04  2.2326E+00
  1.1200E+02  0.0000E+00  0.0000E+00  1.0000E+00  1.0000E+00  1.2000E+00  1.0000E+00  2.0000E+00  0.0000E+00  0.0000E+00 -1.0000E+06 -4.8073E+05  4.8073E+05  0.0000E+00  0.0000E+00  5.1570E+05  0.0000E+00  0.0000E+00
  1.1200E+02  3.3600E+02  1.8462E+05  0.0000E+00  1.0000E+00  0.0000E+00  0.0000E+00  2.0000E+00  1.5000E+01  2.0000E+00  1.1734E-01  2.1663E-02  1.8462E+05  2.6948E+00  1.8462E+05  9.2869E+04  9.1751E+04  2.7832E+00
  1.1300E+02  0.0000E+00  0.0000E+00  1.0000E+00  1.0000E+00  1.2000E+00  1.0000E+00  2.0000E+00  0.0000E+00  0.0000E+00 -1.0000E+06 -5.6423E+05  5.6423E+05  0.0000E+00  0.0000E+00  5.1570E+05  0.0000E+00  0.0000E+00
  1.1300E+02  6.7200E+02  8.8602E+03  0.0000E+00  1.0000E+00  0.0000E+00  0.0000E+00  2.0000E+00  2.9000E+01  4.0000E+00  3.1185E-07  2.7630E-09  8.8602E+03 -6.9737E-01  8.8602E+03  1.6724E+04 -7.8637E+03 -5.7706E-01
  1.1400E+02  0.0000E+00  0.0000E+00  1.0000E+00  1.0000E+00  1.2000E+00  1.0000E+00  2.0000E+00  0.0000E+00  0.0000E+00 -1.0000E+06 -5.0594E+05  5.0594E+05  0.0000E+00  0.0000E+00  5.1570E+05  0.0000E+00  0.0000E+00
  1.1400E+02  6.7200E+02  1.8939E+04  0.0000E+00  1.0000E+00  0.0000E+00  0.0000E+00  2.0000E+00  2.9000E+01  4.0000E+00  1.2026E-06  2.2777E-08  1.8939E+04  1.5648E-01  1.8939E+04  1.6724E+04  2.2156E+03  1.6258E-01
  1.1500E+02  0.0000E+00  0.0000E+00  1.0000E+00  1.0000E+00  1.2000E+00  1.0000E+00  2.0000E+00  0.0000E+00  0.0000E+00 -1.0000E+06 -5.3758E+05  5.3758E+05  0.0000E+00  0.0000E+00  5.1570E+05  0.0000E+00  0.0000E+00
  1.1500E+02  6.7200E+02  1.2609E+04  0.0000E+00  1.0000E+00  0.0000E+00  0.0000E+00  2.0000E+00  2.9000E+01  4.0000E+00  6.6416E-07  8.3746E-09  1.2609E+04 -3.2895E-01  1.2609E+04  1.6724E+04 -4.1146E+03 -3.0194E-01
  1.1600E+02  0.0000E+00  0.0000E+00  1.0000E+00  1.0000E+00  1.2000E+00  1.0000E+00  2.0000E+00  0.0000E+00  0.0000E+00 -1.0000E+06 -5.7388E+05  5.7388E+05  0.0000E+00  0.0000E+00  5.1570E+05  0.0000E+00  0.0000E+00
  1.1600E+02  1.0080E+03  9.7019E+02  0.0000E+00  1.0000E+00  0.0000E+00  0.0000E+00  2.0000E+00  4.3000E+01  6.0000E+00  5.2391E-07  5.0829E-10  9.7019E+02 -7.8034E-01  9.7019E+02  3.0117E+03 -2.0415E+03 -5.2686E-01
  1.1700E+02  0.0000E+00  0.0000E+00  1.0000E+00  1.0000E+00  1.2000E+00  1.0000E+00  2.0000E+00  0.0000E+00  0.0000E+00 -1.0000E+06 -5.7335E+05  5.7335E+05  0.0000E+00  0.0000E+00  5.1570E+05  0.0000E+00  0.0000E+00
  1.1700E+02  1.0080E+03  9.8057E+02  0.0000E+00  1.0000E+00  0.0000E+00  0.0000E+00  2.0000E+00  4.3000E+01  6.0000E+00  5.2579E-07  5.1557E-10  9.8057E+02 -7.7381E-01  9.8057E+02  3.0117E+03 -2.0311E+03 -5.2419E-01
  1.1800E+02  0.0000E+00  0.0000E+00  1.0000E+00  1.0000E+00  1.2000E+00  1.0000E+00  2.0000E+00  0.0000E+00  0.0000E+00 -1.0000E+06 -5.8812E+05  5.8812E+05  0.0000E+00  0.0000E+00  5.1570E+05  0.0000E+00  0.0000E+00
  1.1800E+02  1.3440E+03  8.1596E+01  0.0000E+00  1.0000E+00  0.0000E+00  0.0000E+00  2.0000E+00  5.7000E+01  8.0000E+00  6.0011E-07  4.8971E-11  8.1596E+01 -9.3350E-01  8.1596E+01  5.4234E+02 -4.6075E+02 -4.8251E-01
  1.1900E+02  0.0000E+00  0.0000E+00  1.0000E+00  1.0000E+00  1.2000E+00  1.0000E+00  2.0000E+00  0.0000E+00  0.0000E+00 -1.0000E+06 -5.6829E+05  5.6829E+05  0.0000E+00  0.0000E+00  5.1570E+05  0.0000E+00  0.0000E+00
  1.1900E+02  1.3440E+03  1.3986E+02  0.0000E+00  1.0000E+00  0.0000E+00  0.0000E+00  2.0000E+00  5.7000E+01  8.0000E+00  6.8117E-07  9.5270E-11  1.3986E+02 -6.9311E-01  1.3986E+02  5.4234E+02 -4.0249E+02 -4.2149E-01
  1.2000E+02  0.0000E+00  0.0000E+00  1.0000E+00  1.0000E+00  1.2000E+00  1.0000E+00  2.0000E+00  0.0000E+00  0.0000E+00 -1.0000E+06 -5.6724E+05  5.6724E+05  0.0000E+00  0.0000E+00  5.1570E+05  0.0000E+00  0.0000E+00
  1.2000E+02  1.3440E+03  1.4386E+02  0.0000E+00  1.0000E+00  0.0000E+00  0.0000E+00  2.0000E+00  5.7000E+01  8.0000E+00  6.8711E-07  9.8851E-11  1.4386E+02 -6.8004E-01  1.4386E+02  5.4234E+02 -3.9848E+02 -4.1730E-01
